#freq[Hz] vel[km/s] flux[Jy/beam] noise[Jy/beam] tau tau_noise
1180075416.5 61054.7603181 0.0 0.0 -0.0 -0.0
1179997297.6 61078.649345 0.0 0.0 -0.0 -0.0
1179919178.7 61102.5415352 0.0 0.0 -0.0 -0.0
1179841059.8 61126.4368892 0.0 0.0 -0.0 -0.0
1179762940.91 61150.3354078 0.0 0.0 -0.0 -0.0
1179684822.01 61174.2370914 0.0 0.0 -0.0 -0.0
1179606703.11 61198.1419408 0.0 0.0 -0.0 -0.0
1179528584.21 61222.0499566 0.0 0.0 -0.0 -0.0
1179450465.31 61245.9611394 0.0 0.0 -0.0 -0.0
1179372346.41 61269.8754899 0.0 0.0 -0.0 -0.0
1179294227.52 61293.7930086 0.0 0.0 -0.0 -0.0
1179216108.62 61317.7136962 0.0 0.0 -0.0 -0.0
1179137989.72 61341.6375534 0.0 0.0 -0.0 -0.0
1179059870.82 61365.5645807 0.0 0.0 -0.0 -0.0
1178981751.92 61389.4947788 0.0 0.0 -0.0 -0.0
1178903633.02 61413.4281484 0.0 0.0 -0.0 -0.0
1178825514.12 61437.36469 0.0 0.0 -0.0 -0.0
1178747395.23 61461.3044042 0.0 0.0 -0.0 -0.0
1178669276.33 61485.2472918 0.0 0.0 -0.0 -0.0
1178591157.43 61509.1933534 0.0 0.0 -0.0 -0.0
1178513038.53 61533.1425895 0.0 0.0 -0.0 -0.0
1178434919.63 61557.0950008 0.0 0.0 -0.0 -0.0
1178356800.73 61581.0505879 0.0 0.0 -0.0 -0.0
1178278681.84 61605.0093516 -0.000111319328425 0.000272751712582 -0.00235963910507 0.0058051701057
1178200562.94 61628.9712923 0.000540725304745 0.000395636230803 0.0115416531526 0.00843166180257
1178122444.04 61652.9364108 0.00123622675892 0.00146111231974 0.0265855609663 0.0314987273869
1178044325.14 61676.9047076 0.000338871963322 0.000230971855342 0.00721754438288 0.00491375083474
1177966206.24 61700.8761834 -0.000160377123393 0.000186290606541 -0.00339775370623 0.00396130567846
1177888087.34 61724.8508389 2.5016721338e-05 1.86028128349e-07 0.000531047291875 3.94790752255e-06
1177809968.44 61748.8286746 -0.000367532251403 0.000187643406974 -0.00776952964014 0.00399012925461
1177731849.55 61772.8096912 -0.000875217025168 0.00147255417692 -0.0184035180886 0.0317493487937
1177653730.65 61796.7938894 -0.000621672952548 0.00106078151351 -0.0131069074373 0.022769229454
1177575611.75 61820.7812697 0.00112072459888 0.00113621048812 0.0240714900279 0.0244081960423
1177497492.85 61844.7718328 0.00233246339485 0.0026800805464 0.0507667734973 0.058558384308
1177419373.95 61868.7655794 0.00184177746996 0.00234318488965 0.0398706849625 0.0510061836438
1177341255.05 61892.76251 0.00148585136048 0.00235230254408 0.0320406880386 0.0512098252661
1177263136.16 61916.7626253 0.00152333884034 0.00237810713197 0.0328624901949 0.0517863922414
1177185017.26 61940.7659259 0.00102155248169 0.00145348832718 0.0219178978416 0.0313317670051
1177106898.36 61964.7724126 0.000290346855763 0.000256380848942 0.0061808197868 0.00545578501263
1177028779.46 61988.7820858 -0.000738914182875 0.000899933255108 -0.0155595988063 0.0192831666904
1176950660.56 62012.7949462 -0.00167164718732 0.00226768368284 -0.0348610250141 0.0493214656614
1176872541.66 62036.8109945 -0.00148627231829 0.00165732536137 -0.0310545348652 0.0358052815283
1176794422.76 62060.8302313 -0.000961312907748 0.00101205972729 -0.0201957248123 0.021711999024
1176716303.87 62084.8526573 -0.000770662969444 0.000606375539614 -0.0162227509395 0.0129520537595
1176638184.97 62108.878273 -0.00126847019419 0.00121153607661 -0.0265635910065 0.0260476012828
1176560066.07 62132.9070792 -0.00246458663605 0.00300758843307 -0.0509816663473 0.0659552214299
1176481947.17 62156.9390764 -0.00284562516026 0.00360037163251 -0.0586367859192 0.0794841006327
1176403828.27 62180.9742652 -0.0025054954458 0.00281946677901 -0.0518063439424 0.0616997675629
1176325709.37 62205.0126464 -0.00213841116056 0.00210338174131 -0.0443818768647 0.0456650462182
1176247590.48 62229.0542206 -0.00170139060356 0.00195661453392 -0.0354704300767 0.0424101165056
1176169471.58 62253.0989883 -0.0016848645173 0.00187209543425 -0.0351318772735 0.0405404902797
1176091352.68 62277.1469502 -0.00204133987427 0.00264451624005 -0.0424093099504 0.0577584400865
1176013233.78 62301.1981071 -0.00249841110781 0.00384678924855 -0.0516635799905 0.0851623070809
1175935114.88 62325.2524594 -0.00208378839307 0.00225284354645 -0.0432723768926 0.0489906594966
1175856995.98 62349.3100078 -0.00112489634193 0.000635223200331 -0.0235921198685 0.0135724337918
1175778877.08 62373.3707531 -0.0002155584516 0.00015909499858 -0.00456416230903 0.00338203592904
1175700758.19 62397.4346957 0.000619815546088 0.000600503113258 0.0132410383804 0.0128258121077
1175622639.29 62421.5018364 0.00119275006 0.00115074098395 0.0256384860149 0.0247242322929
1175544520.39 62445.5721758 0.00220529641956 0.0025460507157 0.0479315078708 0.0555469980031
1175466401.49 62469.6457144 0.00238223862834 0.0031336401004 0.0518787355582 0.0688167712401
1175388282.59 62493.7224531 0.00201431056485 0.00264075550534 0.0436884067137 0.0576738876732
1175310163.69 62517.8023924 0.0018511073431 0.00217570455857 0.0400767591526 0.0472728905621
1175232044.8 62541.8855328 0.000635689706542 0.000558566062519 0.0135824693501 0.011924739305
1175153925.9 62565.9718752 -0.000318404257996 0.00084574676182 -0.00673446612326 0.0181115146034
1175075807.0 62590.0614201 0.000393600726966 0.000177899804846 0.0083880994037 0.00378254478789
1174997688.1 62614.1541681 0.00113137078006 0.0015621476536 0.024302955239 0.0337139707633
1174919569.2 62638.25012 0.000885098939762 0.0012018292594 0.0189622739485 0.0258361887303
1174841450.3 62662.3492762 0.000894812343176 0.00099178103241 0.0191723805788 0.0212722940129
1174763331.4 62686.4516375 0.00163453235291 0.00200844981289 0.0353040592786 0.0435584836481
1174685212.51 62710.5572046 0.00182471855078 0.0027748448823 0.03949400473 0.060693038131
1174607093.61 62734.665978 0.000876057427377 0.0012429638164 0.0187667403786 0.0267323979981
1174528974.71 62758.7779583 0.000400351535063 0.00033563357806 0.00853258266593 0.00714832375728
1174450855.81 62782.8931463 0.000975964474492 0.000376436790324 0.0209294761297 0.00802084454143
1174372736.91 62807.0115426 0.00165484240279 0.00103532729927 0.0357506686395 0.0222167504626
1174294618.01 62831.1331478 0.00137926999014 0.00106432641461 0.0297078895155 0.0228461950937
1174216499.12 62855.2579625 0.00080332707148 0.000423173614883 0.0171952482436 0.00902118379336
1174138380.22 62879.3859875 0.000975688744802 0.000668463908017 0.0209235008356 0.014287765563
1174060261.32 62903.5172232 0.00115441158414 0.00106499825177 0.0248040831379 0.0228607824524
1173982142.42 62927.6516704 0.0010163289262 0.00114414170487 0.021804593141 0.0245806865164
1173904023.52 62951.7893298 0.000882108230144 0.00097870268865 0.0188975920275 0.0209888174699
1173825904.62 62975.9302019 0.00101948727388 0.00176632884792 0.0218730996638 0.0382057669743
1173747785.72 63000.0742874 0.000436346541392 0.000607518741524 0.00930331353986 0.0129766314336
1173669666.83 63024.2215869 -0.000397140829591 0.000555085583572 -0.00839282720744 0.0118499931038
1173591547.93 63048.3721011 0.000251836318057 0.000282987089156 0.00535881779874 0.00602367437292
1173513429.03 63072.5258306 0.000838665640913 0.00126188640992 0.0179585038296 0.0271449393329
1173435310.13 63096.6827761 6.91767927492e-05 0.000691016579672 0.00146915258436 0.0147733849748
1173357191.23 63120.8429382 -0.00102212070487 0.000705937060366 -0.0214595918918 0.0150947925458
1173279072.33 63145.0063176 -0.00121288059745 0.00126210578179 -0.0254141301723 0.0271497229718
1173200953.44 63169.1729148 -0.000273168901913 0.000241483043292 -0.00578046714234 0.00513794380754
1173122834.54 63193.3427306 0.000790512072854 0.00132465973292 0.0169186089992 0.0285147133455
1173044715.64 63217.5157655 0.00171940168366 0.00227998024461 0.0371716259143 0.0495956551308
1172966596.74 63241.6920203 0.00207458622754 0.00235908581248 0.0450255977601 0.0513613555885
1172888477.84 63265.8714956 0.00187124009244 0.00230704341607 0.040521587329 0.0501993762875
1172810358.94 63290.0541919 0.00133381655905 0.00174218050907 0.0287146809618 0.0376734727905
1172732240.04 63314.24011 0.000551654025912 0.000403203136625 0.0117763029976 0.00859361995671
1172654121.15 63338.4292505 0.000554837170057 0.000151512353991 0.0118446584291 0.00322058448347
1172576002.25 63362.621614 0.000947613851167 0.000805173320455 0.0203152811145 0.0172351097973
1172497883.35 63386.8172012 0.000396214512875 0.000307748495595 0.00844403812849 0.00655247708942
1172419764.45 63411.0160128 -0.000467490637675 0.000801432175593 -0.00987222228538 0.0171543380281
1172341645.55 63435.2180493 -0.000644788320642 0.000912516674511 -0.0135909582333 0.019555449276
1172263526.65 63459.4233114 -0.000836760737002 0.00110450814514 -0.017601957493 0.0237190210006
1172185407.76 63483.6317998 -0.000937529315706 0.00119059693603 -0.0197009569467 0.0255916067269
1172107288.86 63507.8435151 -0.000877070939168 0.000918157949187 -0.0184421437694 0.0196775403962
1172029169.96 63532.0584579 -0.00134883983992 0.00132161622859 -0.0282231118821 0.0284482578697
1171951051.06 63556.276629 -0.00209072930738 0.00200558261728 -0.0434134293304 0.0434949288669
1171872932.16 63580.4980289 -0.001984922681 0.00194282638147 -0.0412610766019 0.0421048734665
1171794813.26 63604.7226582 -0.00120622932445 0.00153061885776 -0.0252765090998 0.0330221613935
1171716694.36 63628.9505177 -0.000767944788095 0.000761432276909 -0.0161659921925 0.0162911429231
1171638575.47 63653.181608 -0.000799806904979 0.000409563928619 -0.0168311074132 0.00872978336695
1171560456.57 63677.4159298 -0.000723920820747 0.000350047915536 -0.0152462723147 0.00745646765478
1171482337.67 63701.6534836 -0.000231658515986 0.000112264464171 -0.00490422506775 0.0023853255985
1171404218.77 63725.8942701 -0.000958938151598 0.000750691943727 -0.0201463339793 0.016059494098
1171326099.87 63750.1382899 -0.00252985116094 0.00208630214772 -0.052297006167 0.0452857183637
1171247980.97 63774.3855438 -0.0027412569616 0.00218020297653 -0.0565458341384 0.0473729825678
1171169862.08 63798.6360324 -0.00302971201017 0.00281594129517 -0.0623142279851 0.0616201910665
1171091743.18 63822.8897563 -0.00413161888719 0.00531281301292 -0.084048325841 0.119627164161
1171013624.28 63847.1467161 -0.00410469155759 0.00539488916252 -0.0835228010956 0.121592263614
1170935505.38 63871.4069125 -0.0025444435887 0.00261934819306 -0.052590865126 0.057192724251
1170857386.48 63895.6703462 -0.000756156689022 0.000506494151883 -0.0159198058645 0.0108070344698
1170779267.58 63919.9370177 -0.00086227117572 0.000677757612255 -0.0181337540342 0.0144878553356
1170701148.68 63944.2069279 -0.00144538085442 0.00158230639297 -0.0302129147927 0.0341565476805
1170623029.79 63968.4800772 -0.000325650151353 0.000287705137892 -0.00688719513039 0.00612441110145
1170544910.89 63992.7564663 0.000471126404591 0.00151943175503 0.0100485902831 0.0327768073685
1170466791.99 64017.036096 0.000674460723531 0.00137474409292 0.0144168700445 0.0296089493411
1170388673.09 64041.3189668 0.00184085825458 0.00267987204819 0.0398503840298 0.0585536927143
1170310554.19 64065.6050794 0.00240475428291 0.00283897482446 0.0523821341889 0.0621402136566
1170232435.29 64089.8944344 0.00131197215524 0.00137442124863 0.0282377069211 0.0296018920492
1170154316.39 64114.1870325 0.000661505269818 0.000544521559102 0.0141379750443 0.0116231560362
1170076197.5 64138.4828744 0.00071779236896 0.000432740670978 0.0153502457857 0.00922607728299
1169998078.6 64162.7819606 0.000500642345287 0.000220727589978 0.0106815055944 0.00469529940334
1169919959.7 64187.0842919 0.000820550892968 0.00103181924782 0.0175671819827 0.022140632784
1169841840.8 64211.3898689 0.00123367854394 0.00170879870263 0.0265300271569 0.0369381144506
1169763721.9 64235.6986922 0.00129456166178 0.00158419823809 0.0278577104706 0.0341980924254
1169685603.0 64260.0107625 0.00200392701663 0.00237709329215 0.0434582323601 0.0517637331515
1169607484.11 64284.3260804 0.00284591852687 0.00386063642946 0.0622970330615 0.0854823467977
1169529365.21 64308.6446467 0.00247187609784 0.0033370093944 0.0538843302432 0.0734508724623
1169451246.31 64332.9664618 0.00144502520561 0.00227896795817 0.0311464628955 0.0495730802674
1169373127.41 64357.2915266 0.00152765261009 0.00235936973595 0.0329571001856 0.0513676986092
1169295008.51 64381.6198416 0.00201163068414 0.00263339109995 0.0436289961474 0.0575083348141
1169216889.61 64405.9514075 0.00179634150118 0.00195854504095 0.0388677215299 0.0424528616361
1169138770.71 64430.286225 0.00128400104586 0.00137077727636 0.0276272878251 0.0295222392207
1169060651.82 64454.6242946 0.00086083333008 0.000772802419672 0.0184375873442 0.0165364340461
1168982532.92 64478.9656171 0.000619306461886 0.000347434266179 0.0132300906209 0.00740058706406
1168904414.02 64503.3101932 0.000661786878482 0.000502703687184 0.0141440364712 0.010725722266
1168826295.12 64527.6580233 0.000990938511677 0.00103073671406 0.0212540297325 0.0221171451429
1168748176.22 64552.0091083 0.000846076349262 0.000932365859625 0.0181186369882 0.0199851007411
1168670057.32 64576.3634487 0.00055975979194 0.000752356045971 0.0119503769312 0.0160953821467
1168591938.43 64600.7210453 0.000681157689542 0.00100782322658 0.0145610676573 0.0216201225687
1168513819.53 64625.0818986 0.000991441076621 0.00142335041118 0.0212649243644 0.0306720393906
1168435700.63 64649.4460093 0.00128196110018 0.00130462819817 0.0275827842587 0.0280774022059
1168357581.73 64673.8133781 0.000674960901961 0.000159120899046 0.014427639059 0.00338258745251
1168279462.83 64698.1840057 -0.000106907915324 0.000721466984094 -0.0022662361257 0.0154294381082
1168201343.93 64722.5578926 -7.22175755072e-05 0.00035112307074 -0.00153143233474 0.00747945569525
1168123225.03 64746.9350396 0.000104553168057 0.000175277460871 0.00222129865481 0.00372668390917
1168045106.14 64771.3154472 0.000425751204602 0.000321616301955 0.0090763827825 0.00684875911552
1167966987.24 64795.6991162 0.000467421341455 0.000960342160058 0.00996917027785 0.020590983729
1167888868.34 64820.0860472 -5.94391021878e-05 0.000158547399515 -0.00126062515224 0.00337037544812
1167810749.44 64844.4762408 -0.000168006779859 0.000295841875541 -0.00355910847935 0.00629816531224
1167732630.54 64868.8696977 0.000222688147915 0.000444970005877 0.00473710316837 0.00948804878793
1167654511.64 64893.2664186 0.000394486734876 0.00018416549542 0.00840706087877 0.00391602846586
1167576392.75 64917.6664042 0.000272789708106 0.000206727314762 0.00580598114381 0.00439683097436
1167498273.85 64942.069655 3.95983333874e-05 0.000104037738314 0.000840711426708 0.00221033591035
1167420154.95 64966.4761717 6.11622817814e-05 5.96424194389e-05 0.00129883260942 0.0012665366036
1167342036.05 64990.885955 0.000150343112182 9.13939204479e-05 0.00319569103233 0.00194145047658
1167263917.15 65015.2990055 -0.000591870979406 0.000807603843485 -0.0124824888214 0.0172875885792
1167185798.25 65039.715324 -0.000918220030144 0.00094899894256 -0.0192990875383 0.0203452793186
1167107679.35 65064.134911 -0.00010308923811 2.31012523712e-05 -0.00218537611554 0.000490376332529
1167029560.46 65088.5577672 -0.000183982992894 4.48397367833e-05 -0.00389689497855 0.000952044545366
1166951441.56 65112.9838932 -0.000720222247764 0.000842637584014 -0.01516896562 0.0180443277662
1166873322.66 65137.4132898 -0.000381727528293 0.000500491629892 -0.00806840643663 0.0106782727609
1166795203.76 65161.8459576 -0.000322485051583 0.000381202950712 -0.00682048399738 0.0081228120247
1166717084.86 65186.2818972 -0.000671021756716 0.000863504751292 -0.0141400196987 0.0184953370465
1166638965.96 65210.7211093 -0.00055639463244 0.000460243147143 -0.0117386705832 0.0098153197982
1166560847.07 65235.1635945 4.982369137e-05 0.000588929046126 0.00105792066884 0.012577046892
1166482728.17 65259.6093536 0.000118983676657 0.000404881823388 0.00252827187465 0.00862955325871
1166404609.27 65284.0583871 -0.000678616343066 0.000837790863576 -0.0142989168768 0.0179396030292
1166326490.37 65308.5106957 -0.000807725125924 0.00107801773966 -0.016996330061 0.0231435119382
1166248371.47 65332.9662801 -0.000622322317213 0.000751889513962 -0.0131205087536 0.016085320782
1166170252.57 65357.425141 -0.000333207106451 0.000376706388177 -0.00704645585395 0.00802661205451
1166092133.67 65381.8872789 0.000218189394218 0.000491724996361 0.00464118161964 0.0104902471388
1166014014.78 65406.3526947 -0.00021547092183 9.51352918441e-06 -0.00456231320435 0.000201917052017
1165935895.88 65430.8213888 -0.000747104873881 0.00107554311788 -0.0157307237948 0.023089767224
1165857776.98 65455.293362 -0.000713479239494 0.000858990713224 -0.0150280094797 0.0183977563424
1165779658.08 65479.7686149 -0.000185313954717 6.11365559424e-05 -0.00392503047521 0.00129828594476
1165701539.18 65504.2471483 0.000334026524797 0.000310067951904 0.0071139747028 0.00660202554901
1165623420.28 65528.7289627 -0.000127287261421 0.000130612242097 -0.0026976556973 0.00277570929661
1165545301.39 65553.2140587 -0.000891094794497 0.00104985235828 -0.018734277807 0.0225319767762
1165467182.49 65577.7024372 -0.000860903528519 0.000925118302989 -0.0181052509157 0.0198282001922
1165389063.59 65602.1940987 0.000355968135409 0.000666985564217 0.00758305524257 0.0142559410968
1165310944.69 65626.6890439 0.000753203639761 0.00105527624595 0.0161136618595 0.0226497127725
1165232825.79 65651.1872735 -0.000115452538012 0.000158236701797 -0.00244714375775 0.00336375956446
1165154706.89 65675.688788 -7.68726458773e-05 1.64930629231e-05 -0.00163006646894 0.000350078008116
1165076587.99 65700.1935883 0.000286174647044 0.000452782000657 0.00609173193762 0.00965542987907
1164998469.1 65724.7016748 0.000221286143642 1.90713081445e-05 0.00470720891985 0.000404814333856
1164920350.2 65749.2130484 -8.0807658378e-06 0.000596715280676 -0.000171475778487 0.0127443921689
1164842231.3 65773.7277096 -8.75655969139e-05 0.000549740055325 -0.00185659763208 0.0117352042852
1164764112.4 65798.2456592 0.000216011307202 0.000128703460815 0.00459474417868 0.00273508925918
1164685993.5 65822.7668977 0.000501726521179 0.000871169476951 0.0107047613905 0.0186610484968
1164607874.6 65847.2914259 0.00058548868401 0.000984360619019 0.012503113992 0.0211114447374
1164529755.71 65871.8192444 0.000196890236111 0.00027555862839 0.00418716998434 0.0058650872419
1164451636.81 65896.3503538 -8.08915356174e-05 0.000106753975522 -0.00171521304136 0.00226810927662
1164373517.91 65920.8847549 0.0 0.0 -0.0 -0.0
1164295399.01 65945.4224483 0.0 0.0 -0.0 -0.0
1164217280.11 65969.9634346 0.0 0.0 -0.0 -0.0
1164139161.21 65994.5077145 0.0 0.0 -0.0 -0.0
1164061042.31 66019.0552887 0.0 0.0 -0.0 -0.0
1163982923.42 66043.6061579 0.0 0.0 -0.0 -0.0
1163904804.52 66068.1603227 0.0 0.0 -0.0 -0.0
1163826685.62 66092.7177837 0.0 0.0 -0.0 -0.0
1163748566.72 66117.2785417 0.0 0.0 -0.0 -0.0
1163670447.82 66141.8425973 0.0 0.0 -0.0 -0.0
1163592328.92 66166.4099511 0.0 0.0 -0.0 -0.0
1163514210.03 66190.9806039 0.0 0.0 -0.0 -0.0
1163436091.13 66215.5545563 0.0 0.0 -0.0 -0.0
1163357972.23 66240.1318089 0.0 0.0 -0.0 -0.0
1163279853.33 66264.7123624 0.0 0.0 -0.0 -0.0
1163201734.43 66289.2962175 0.0 0.0 -0.0 -0.0
1163123615.53 66313.8833749 0.0 0.0 -0.0 -0.0
1163045496.63 66338.4738352 0.0 0.0 -0.0 -0.0
1162967377.74 66363.0675991 0.0 0.0 -0.0 -0.0
