freq[Hz],vel[km/s],flux[Jy/beam],noise[Jy/beam],tau,tau_noise
1296420636.81 28671.0972373 0.0 nan nan nan
1296342515.76 28690.8913246 -0.000439002702478 nan -inf nan
1296264394.72 28710.6877978 -0.000984831945971 nan -inf nan
1296186273.67 28730.4866572 -0.000776587519795 nan -inf nan
1296108152.62 28750.2879033 -0.000254052079981 nan -inf nan
1296030031.57 28770.0915365 -0.000484142365167 nan -inf nan
1295951910.53 28789.8975573 -0.00133926665876 nan -inf nan
1295873789.48 28809.705966 -0.00143735622987 nan -inf nan
1295795668.43 28829.5167632 -0.000751766201574 nan -inf nan
1295717547.38 28849.3299493 -0.000588386319578 nan -inf nan
1295639426.34 28869.1455246 -0.000731639331207 nan -inf nan
1295561305.29 28888.9634897 -0.000424963945989 nan -inf nan
1295483184.24 28908.7838449 -0.000685774954036 nan -inf nan
1295405063.2 28928.6065907 -0.00140831270255 nan -inf nan
1295326942.15 28948.4317275 -0.00129994330928 nan -inf nan
1295248821.1 28968.2592557 -0.000759022834245 nan -inf nan
1295170700.05 28988.0891759 -0.000849343370646 nan -inf nan
1295092579.01 29007.9214883 -0.00117718824185 nan -inf nan
1295014457.96 29027.7561935 -0.000542496331036 nan -inf nan
1294936336.91 29047.5932919 0.00062154897023 nan nan nan
1294858215.86 29067.4327839 0.000623159168754 nan nan nan
1294780094.82 29087.2746699 -0.000260576314759 nan -inf nan
1294701973.77 29107.1189504 -0.000587704707868 nan -inf nan
1294623852.72 29126.9656259 -0.000260859000264 nan -inf nan
1294545731.67 29146.8146967 -9.59599856287e-05 nan -inf nan
1294467610.63 29166.6661632 -0.000591627787799 nan -inf nan
1294389489.58 29186.520026 0.000329463277012 nan nan nan
1294311368.53 29206.3762854 0.00174886442255 nan nan nan
1294233247.49 29226.2349419 0.000737100432161 nan nan nan
1294155126.44 29246.0959959 -0.000219901514356 nan -inf nan
1294077005.39 29265.9594479 0.00054793182062 nan nan nan
1293998884.34 29285.8252983 0.00144313997589 nan nan nan
1293920763.3 29305.6935474 0.00175499718171 nan nan nan
1293842642.25 29325.5641959 0.00162278930657 nan nan nan
1293764521.2 29345.437244 0.000937517674174 nan nan nan
1293686400.15 29365.3126922 0.000591964344494 nan nan nan
1293608279.11 29385.190541 0.000776186760049 nan nan nan
1293530158.06 29405.0707908 0.000788458273746 nan nan nan
1293452037.01 29424.953442 0.00105187890586 nan nan nan
1293373915.97 29444.8384951 0.000811903970316 nan nan nan
1293295794.92 29464.7259505 0.000180483126314 nan nan nan
1293217673.87 29484.6158086 0.000395056704292 nan nan nan
1293139552.82 29504.5080699 0.00100618565921 nan nan nan
1293061431.78 29524.4027348 0.00118820485659 nan nan nan
1292983310.73 29544.2998037 0.000628752808552 nan nan nan
1292905189.68 29564.1992771 -0.000202172494028 nan -inf nan
1292827068.63 29584.1011554 -0.000708259234671 nan -inf nan
1292748947.59 29604.0054391 -0.000676029769238 nan -inf nan
1292670826.54 29623.9121285 -0.000579569779802 nan -inf nan
1292592705.49 29643.8212242 -0.000838671636302 nan -inf nan
1292514584.44 29663.7327265 -0.000518342945725 nan -inf nan
1292436463.4 29683.6466359 0.000488162972033 nan nan nan
1292358342.35 29703.5629529 0.000993738416582 nan nan nan
1292280221.3 29723.4816778 0.000255307066254 nan nan nan
1292202100.26 29743.4028111 -0.000772340921685 nan -inf nan
1292123979.21 29763.3263533 -0.000719257281162 nan -inf nan
1292045858.16 29783.2523047 0.000264817907009 nan nan nan
1291967737.11 29803.1806658 0.000341836654115 nan nan nan
1291889616.07 29823.1114371 -0.000305861060042 nan -inf nan
1291811495.02 29843.044619 5.15886640642e-05 nan nan nan
1291733373.97 29862.9802119 0.000703113852069 nan nan nan
1291655252.92 29882.9182163 0.000392127927626 nan nan nan
1291577131.88 29902.8586326 -0.000431429682067 nan -inf nan
1291499010.83 29922.8014612 -0.000675585819408 nan -inf nan
1291420889.78 29942.7467026 -0.000559138599783 nan -inf nan
1291342768.74 29962.6943572 -0.000325602741214 nan -inf nan
1291264647.69 29982.6444254 -0.000160831550602 nan -inf nan
1291186526.64 30002.5969078 -7.16764625395e-05 nan -inf nan
1291108405.59 30022.5518047 -5.00214082422e-06 nan -inf nan
1291030284.55 30042.5091165 -0.000333356001647 nan -inf nan
1290952163.5 30062.4688437 -0.000232964288443 nan -inf nan
1290874042.45 30082.4309868 -2.64810223598e-05 nan -inf nan
1290795921.4 30102.3955462 -0.000910917646252 nan -inf nan
1290717800.36 30122.3625223 -0.00170248933136 nan -inf nan
1290639679.31 30142.3319155 -0.00191193935461 nan -inf nan
1290561558.26 30162.3037264 -0.001854881295 nan -inf nan
1290483437.21 30182.2779553 -0.00201629195362 nan -inf nan
1290405316.17 30202.2546026 -0.00284639070742 nan -inf nan
1290327195.12 30222.2336689 -0.00253799534403 nan -inf nan
1290249074.07 30242.2151546 -0.00228150933981 nan -inf nan
1290170953.03 30262.19906 -0.00248144497164 nan -inf nan
1290092831.98 30282.1853857 -0.00122100953013 nan -inf nan
1290014710.93 30302.174132 -0.000660118937958 nan -inf nan
1289936589.88 30322.1652994 -0.00121024646796 nan -inf nan
1289858468.84 30342.1588885 -0.00171433773357 nan -inf nan
1289780347.79 30362.1548995 -0.00148986652493 nan -inf nan
1289702226.74 30382.1533329 -0.000425407546572 nan -inf nan
1289624105.69 30402.1541892 -0.000139008159749 nan -inf nan
1289545984.65 30422.1574688 -0.000212557206396 nan -inf nan
1289467863.6 30442.1631722 0.000316976133035 nan nan nan
1289389742.55 30462.1712998 0.000852390017826 nan nan nan
1289311621.51 30482.181852 5.31028490514e-06 nan nan nan
1289233500.46 30502.1948293 -0.00157848896924 nan -inf nan
1289155379.41 30522.2102321 -0.00084026879631 nan -inf nan
1289077258.36 30542.2280608 0.000964733364526 nan nan nan
1288999137.32 30562.248316 -0.000312002841383 nan -inf nan
1288921016.27 30582.270998 -0.00164098490495 nan -inf nan
1288842895.22 30602.2961073 0.000586248876061 nan nan nan
1288764774.17 30622.3236443 0.00154835963622 nan nan nan
1288686653.13 30642.3536095 0.000429836189141 nan nan nan
1288608532.08 30662.3860033 0.000702884979546 nan nan nan
1288530411.03 30682.4208261 0.000826937204693 nan nan nan
1288452289.98 30702.4580784 -0.000447131722467 nan -inf nan
1288374168.94 30722.4977607 -0.00105152220931 nan -inf nan
1288296047.89 30742.5398733 -0.000988058862276 nan -inf nan
1288217926.84 30762.5844168 -0.00127571448684 nan -inf nan
1288139805.8 30782.6313915 -0.00154350930825 nan -inf nan
1288061684.75 30802.6807979 -0.00145438290201 nan -inf nan
1287983563.7 30822.7326364 -0.000609382579569 nan -inf nan
1287905442.65 30842.7869076 -0.000162326425198 nan -inf nan
1287827321.61 30862.8436117 -0.000247270741966 nan -inf nan
1287749200.56 30882.9027494 -0.000411489105318 nan -inf nan
1287671079.51 30902.9643209 -0.00107575207949 nan -inf nan
1287592958.46 30923.0283268 -0.00125253933948 nan -inf nan
1287514837.42 30943.0947676 -0.000199849280762 nan -inf nan
1287436716.37 30963.1636435 0.00020147729083 nan nan nan
1287358595.32 30983.2349552 -0.000433650915511 nan -inf nan
1287280474.28 31003.3087029 -0.000686954183038 nan -inf nan
1287202353.23 31023.3848873 -0.000954809132963 nan -inf nan
1287124232.18 31043.4635087 -0.00131161278114 nan -inf nan
1287046111.13 31063.5445675 -0.00188761029858 nan -inf nan
1286967990.09 31083.6280642 -0.00241413805634 nan -inf nan
1286889869.04 31103.7139993 -0.00223229383118 nan -inf nan
1286811747.99 31123.8023732 -0.00090869871201 nan -inf nan
1286733626.94 31143.8931863 0.000925793196075 nan nan nan
1286655505.9 31163.9864391 0.00155299040489 nan nan nan
1286577384.85 31184.082132 0.000709613086656 nan nan nan
1286499263.8 31204.1802655 8.67971393745e-05 nan nan nan
1286421142.75 31224.28084 0.00080823636381 nan nan nan
1286343021.71 31244.383856 0.00104587560054 nan nan nan
1286264900.66 31264.4893139 0.000238075910602 nan nan nan
1286186779.61 31284.5972141 -0.000252991740126 nan -inf nan
1286108658.57 31304.7075571 0.000317318044836 nan nan nan
1286030537.52 31324.8203434 0.000650851521641 nan nan nan
1285952416.47 31344.9355734 -0.000134669491672 nan -inf nan
1285874295.42 31365.0532474 -0.000352733914042 nan -inf nan
1285796174.38 31385.1733661 -0.000136603179271 nan -inf nan
1285718053.33 31405.2959298 -0.000298030325212 nan -inf nan
1285639932.28 31425.4209389 -0.000432366883615 nan -inf nan
1285561811.23 31445.548394 -0.00011114422523 nan -inf nan
1285483690.19 31465.6782954 -0.000122478289995 nan -inf nan
1285405569.14 31485.8106437 -0.000556403188966 nan -inf nan
1285327448.09 31505.9454391 -0.000737643626053 nan -inf nan
1285249327.05 31526.0826823 -0.000565719325095 nan -inf nan
1285171206.0 31546.2223737 0.000934344599955 nan nan nan
1285093084.95 31566.3645136 0.00142623577267 nan nan nan
1285014963.9 31586.5091025 -0.000248346390435 nan -inf nan
1284936842.86 31606.656141 -0.000820083718281 nan -inf nan
1284858721.81 31626.8056293 -0.000255492952419 nan -inf nan
1284780600.76 31646.9575681 -0.000248594675213 nan -inf nan
1284702479.71 31667.1119577 -0.000438906456111 nan -inf nan
1284624358.67 31687.2687985 0.00019011029508 nan nan nan
1284546237.62 31707.4280911 0.000812313053757 nan nan nan
1284468116.57 31727.5898358 0.000590826617554 nan nan nan
1284389995.53 31747.7540331 -0.000350037415046 nan -inf nan
1284311874.48 31767.9206836 -0.000709452782758 nan -inf nan
1284233753.43 31788.0897875 0.000439367402578 nan nan nan
1284155632.38 31808.2613453 0.000454357475974 nan nan nan
1284077511.34 31828.4353576 -0.000616217963398 nan -inf nan
1283999390.29 31848.6118248 -0.000565974391066 nan -inf nan
1283921269.24 31868.7907472 0.000445182435215 nan nan nan
1283843148.19 31888.9721254 0.000807298347354 nan nan nan
1283765027.15 31909.1559598 0.000350411515683 nan nan nan
1283686906.1 31929.3422508 0.00039932114305 nan nan nan
1283608785.05 31949.5309989 0.000162881129654 nan nan nan
1283530664.0 31969.7222046 -6.15144090261e-05 nan -inf nan
1283452542.96 31989.9158682 0.000261029024841 nan nan nan
1283374421.91 32010.1119903 -0.000241477289819 nan -inf nan
1283296300.86 32030.3105713 -0.00119665381499 nan -inf nan
1283218179.82 32050.5116117 -0.00136937410571 nan -inf nan
1283140058.77 32070.7151118 -0.00120045419317 nan -inf nan
1283061937.72 32090.9210721 -0.00109301193152 nan -inf nan
1282983816.67 32111.1294932 -0.000898648402654 nan -inf nan
1282905695.63 32131.3403753 -0.000446196529083 nan -inf nan
1282827574.58 32151.5537191 -6.81046221871e-05 nan -inf nan
1282749453.53 32171.7695249 -0.00074955431046 nan -inf nan
1282671332.48 32191.9877932 -0.00180989131331 nan -inf nan
1282593211.44 32212.2085244 -0.00250471080653 nan -inf nan
1282515090.39 32232.431719 -0.00256918556988 nan -inf nan
1282436969.34 32252.6573775 -0.00153599493206 nan -inf nan
1282358848.3 32272.8855002 -0.000365971820429 nan -inf nan
1282280727.25 32293.1160877 -9.69179600361e-05 nan -inf nan
1282202606.2 32313.3491403 3.30510956701e-05 nan nan nan
1282124485.15 32333.5846586 0.000258190557361 nan nan nan
1282046364.11 32353.822643 0.000573882542085 nan nan nan
1281968243.06 32374.0630939 0.000396954244934 nan nan nan
1281890122.01 32394.3060118 -0.000122798024677 nan -inf nan
1281812000.96 32414.5513972 0.000995841110125 nan nan nan
1281733879.92 32434.7992504 0.00145220465492 nan nan nan
1281655758.87 32455.049572 3.36753291776e-05 nan nan nan
1281577637.82 32475.3023624 -0.000534763967153 nan -inf nan
1281499516.77 32495.557622 -0.000432432745583 nan -inf nan
1281421395.73 32515.8153513 -0.00139751238748 nan -inf nan
1281343274.68 32536.0755508 -0.00196004053578 nan -inf nan
1281265153.63 32556.3382209 -0.00122908048797 nan -inf nan
1281187032.59 32576.603362 -0.000243191258051 nan -inf nan
1281108911.54 32596.8709746 0.000533790618647 nan nan nan
1281030790.49 32617.1410592 -0.000147133425344 nan -inf nan
1280952669.44 32637.4136162 -0.00198226538487 nan -inf nan
1280874548.4 32657.6886461 -0.00259135337546 nan -inf nan
1280796427.35 32677.9661493 -0.000328742957208 nan -inf nan
1280718306.3 32698.2461262 0.00156914733816 nan nan nan
1280640185.25 32718.5285774 0.000650166883133 nan nan nan
1280562064.21 32738.8135033 -0.000240751920501 nan -inf nan
1280483943.16 32759.1009042 -5.40564215044e-05 nan -inf nan
1280405822.11 32779.3907808 0.000340947764926 nan nan nan
1280327701.07 32799.6831334 0.00043007361819 nan nan nan
1280249580.02 32819.9779624 0.000192357343622 nan nan nan
1280171458.97 32840.2752684 0.00017606196343 nan nan nan
1280093337.92 32860.5750518 0.000228166638408 nan nan nan
1280015216.88 32880.8773131 0.00033870441257 nan nan nan
1279937095.83 32901.1820526 0.000492802122608 nan nan nan
1279858974.78 32921.4892709 0.000276848237263 nan nan nan
1279780853.73 32941.7989684 0.000268503412372 nan nan nan
1279702732.69 32962.1111456 0.000217460998101 nan nan nan
1279624611.64 32982.4258029 -0.000111434012069 nan -inf nan
1279546490.59 33002.7429407 0.000171406863956 nan nan nan
1279468369.54 33023.0625596 0.000342583254678 nan nan nan
1279390248.5 33043.38466 0.000562618777622 nan nan nan
1279312127.45 33063.7092423 0.00157849281095 nan nan nan
