     1        1.3      -1.4     -2.12E-05  8.47E-04  3.61E-03 -3.42E-03   65536
     2        1.3     -0.54     -8.17E-06  6.58E-04  2.91E-03 -2.65E-03   65536
     3        1.3     -0.47     -7.16E-06  6.51E-04  2.86E-03 -2.52E-03   65536
     4        1.3     -0.41     -6.26E-06  6.74E-04  2.88E-03 -2.45E-03   65536
     5        1.3     -0.13     -2.06E-06  6.98E-04  2.38E-03 -2.78E-03   65536
     6        1.3     -2.18E-02 -3.32E-07  6.82E-04  2.53E-03 -2.63E-03   65536
     7        1.3      3.78E-02  5.77E-07  6.68E-04  2.77E-03 -2.43E-03   65536
     8        1.3      0.27      4.18E-06  6.81E-04  2.57E-03 -2.79E-03   65536
     9        1.3      0.57      8.63E-06  6.62E-04  2.75E-03 -2.41E-03   65536
    10        1.3      0.29      4.48E-06  6.32E-04  2.27E-03 -2.32E-03   65536
    11        1.3     -0.35     -5.37E-06  6.63E-04  2.44E-03 -2.75E-03   65536
    12        1.3     -0.62     -9.41E-06  6.61E-04  2.43E-03 -2.35E-03   65536
    13        1.3     -0.25     -3.86E-06  6.57E-04  2.27E-03 -2.68E-03   65536
    14        1.3      0.28      4.30E-06  6.64E-04  2.39E-03 -2.68E-03   65536
    15        1.3      0.29      4.42E-06  6.58E-04  2.47E-03 -2.39E-03   65536
    16        1.3      0.15      2.30E-06  6.70E-04  2.47E-03 -2.50E-03   65536
    17        1.3      0.52      7.88E-06  6.70E-04  2.33E-03 -2.84E-03   65536
    18        1.3      0.49      7.48E-06  6.47E-04  2.30E-03 -3.04E-03   65536
    19        1.3     -4.75E-02 -7.25E-07  6.34E-04  2.54E-03 -2.52E-03   65536
    20        1.3     -0.15     -2.28E-06  6.42E-04  2.24E-03 -2.30E-03   65536
    21        1.3      5.58E-02  8.52E-07  6.39E-04  2.41E-03 -2.54E-03   65536
    22        1.3      0.55      8.46E-06  6.54E-04  2.70E-03 -2.34E-03   65536
    23        1.3       1.1      1.61E-05  6.63E-04  2.53E-03 -2.51E-03   65536
    24        1.3      0.84      1.28E-05  6.47E-04  2.59E-03 -2.63E-03   65536
    25        1.3      0.50      7.66E-06  6.37E-04  2.50E-03 -2.25E-03   65536
    26        1.3      0.46      6.94E-06  6.51E-04  2.60E-03 -2.42E-03   65536
    27        1.3      5.79E-02  8.83E-07  6.41E-04  2.29E-03 -2.30E-03   65536
    28        1.3     -0.33     -5.00E-06  5.99E-04  2.30E-03 -2.31E-03   65536
    29        1.3     -0.23     -3.51E-06  6.02E-04  2.47E-03 -1.91E-03   65536
    30        1.3     -0.35     -5.42E-06  6.19E-04  2.34E-03 -2.29E-03   65536
    31        1.3     -0.60     -9.15E-06  6.16E-04  2.47E-03 -2.41E-03   65536
    32        1.3     -0.57     -8.67E-06  6.18E-04  2.45E-03 -2.61E-03   65536
    33        1.3     -0.38     -5.74E-06  6.20E-04  2.43E-03 -2.29E-03   65536
    34        1.3     -6.56E-02 -1.00E-06  7.31E-04  2.94E-03 -2.89E-03   65536
    35        1.3      0.40      6.11E-06  6.85E-04  3.12E-03 -2.76E-03   65536
    36        1.3       1.3      1.96E-05  6.31E-04  2.35E-03 -2.28E-03   65536
    37        1.3       1.5      2.22E-05  6.19E-04  2.26E-03 -2.37E-03   65536
    38        1.3      0.50      7.62E-06  6.38E-04  2.62E-03 -2.49E-03   65536
    39        1.3      0.17      2.58E-06  6.39E-04  2.40E-03 -3.04E-03   65536
    40        1.3      0.27      4.07E-06  6.19E-04  2.22E-03 -2.66E-03   65536
    41        1.3     -5.79E-02 -8.83E-07  6.33E-04  2.71E-03 -2.28E-03   65536
    42        1.3     -0.34     -5.18E-06  6.13E-04  2.02E-03 -2.40E-03   65536
    43        1.3     -0.74     -1.13E-05  5.95E-04  2.20E-03 -2.50E-03   65536
    44        1.3     -0.68     -1.04E-05  5.99E-04  2.32E-03 -2.36E-03   65536
    45        1.3     -0.34     -5.23E-06  5.84E-04  2.02E-03 -2.36E-03   65536
    46        1.3     -0.37     -5.70E-06  6.29E-04  2.60E-03 -2.22E-03   65536
    47        1.3     -1.09E-03 -1.66E-08  6.39E-04  2.55E-03 -2.87E-03   65536
    48        1.3      0.17      2.53E-06  6.16E-04  2.48E-03 -2.43E-03   65536
    49        1.3      2.97E-02  4.53E-07  6.26E-04  2.41E-03 -2.20E-03   65536
    50        1.3      8.95E-02  1.37E-06  6.24E-04  2.56E-03 -2.04E-03   65536
    51        1.3     -1.28E-02 -1.95E-07  6.07E-04  2.32E-03 -2.13E-03   65536
    52        1.3      4.36E-02  6.65E-07  6.26E-04  2.61E-03 -2.87E-03   65536
    53        1.3      0.12      1.78E-06  6.52E-04  2.93E-03 -2.34E-03   65536
    54        1.3     -0.20     -3.06E-06  6.39E-04  2.55E-03 -2.45E-03   65536
    55        1.3      1.87E-03  2.86E-08  6.47E-04  2.48E-03 -2.73E-03   65536
    56        1.3      0.58      8.92E-06  6.43E-04  2.42E-03 -2.79E-03   65536
    57        1.3      0.62      9.45E-06  6.52E-04  2.66E-03 -2.50E-03   65536
    58        1.3      0.49      7.55E-06  6.36E-04  2.10E-03 -2.32E-03   65536
    59        1.3      0.44      6.71E-06  6.47E-04  2.46E-03 -2.36E-03   65536
    60        1.3      0.47      7.25E-06  6.45E-04  2.35E-03 -2.68E-03   65536
    61        1.3      0.32      4.81E-06  6.46E-04  2.30E-03 -2.65E-03   65536
    62        1.3      0.11      1.68E-06  6.51E-04  2.72E-03 -2.53E-03   65536
    63        1.3      0.44      6.71E-06  6.39E-04  2.96E-03 -3.02E-03   65536
    64        1.3      0.98      1.49E-05  6.40E-04  2.53E-03 -2.45E-03   65536
    65        1.3       1.3      2.03E-05  6.43E-04  2.52E-03 -2.88E-03   65536
    66        1.3       1.0      1.60E-05  6.37E-04  2.54E-03 -2.56E-03   65536
    67        1.3      0.48      7.38E-06  6.26E-04  2.29E-03 -2.56E-03   65536
    68        1.3      0.35      5.29E-06  6.63E-04  2.45E-03 -2.50E-03   65536
    69        1.3      0.17      2.62E-06  6.35E-04  2.56E-03 -2.40E-03   65536
    70        1.3      0.40      6.05E-06  6.41E-04  2.60E-03 -2.20E-03   65536
    71        1.3      0.91      1.39E-05  6.60E-04  2.62E-03 -2.32E-03   65536
    72        1.3      0.86      1.31E-05  6.41E-04  2.47E-03 -2.42E-03   65536
    73        1.3      0.53      8.13E-06  6.28E-04  2.82E-03 -2.11E-03   65536
    74        1.3      0.14      2.15E-06  6.24E-04  3.09E-03 -2.45E-03   65536
    75        1.3     -1.54E-02 -2.35E-07  6.09E-04  2.22E-03 -2.17E-03   65536
    76        1.3     -0.17     -2.67E-06  6.32E-04  2.39E-03 -2.52E-03   65536
    77        1.3     -0.29     -4.35E-06  6.55E-04  2.70E-03 -2.58E-03   65536
    78        1.3      0.28      4.26E-06  6.61E-04  2.65E-03 -2.58E-03   65536
    79        1.3      0.78      1.19E-05  6.69E-04  2.58E-03 -2.52E-03   65536
    80        1.3      0.65      9.96E-06  6.28E-04  2.21E-03 -2.53E-03   65536
    81        1.3      0.78      1.18E-05  6.36E-04  2.45E-03 -2.53E-03   65536
    82        1.3       1.1      1.68E-05  6.41E-04  2.48E-03 -2.42E-03   65536
    83        1.3      0.71      1.08E-05  6.47E-04  2.68E-03 -2.48E-03   65536
    84        1.3      0.43      6.57E-06  6.44E-04  2.48E-03 -2.41E-03   65536
    85        1.3      0.74      1.14E-05  6.56E-04  2.61E-03 -2.47E-03   65536
    86        1.3      0.65      9.99E-06  6.27E-04  2.61E-03 -2.36E-03   65536
    87        1.3      0.66      1.00E-05  6.25E-04  2.46E-03 -2.19E-03   65536
    88        1.3       1.2      1.77E-05  6.28E-04  2.37E-03 -2.32E-03   65536
    89        1.3       1.2      1.79E-05  6.07E-04  2.21E-03 -2.10E-03   65536
    90        1.3      0.88      1.34E-05  6.40E-04  2.48E-03 -2.35E-03   65536
    91        1.3      0.71      1.08E-05  6.24E-04  2.52E-03 -2.36E-03   65536
    92        1.3      0.48      7.31E-06  6.30E-04  2.45E-03 -2.43E-03   65536
    93        1.3      0.56      8.59E-06  6.73E-04  2.79E-03 -2.40E-03   65536
    94        1.3      0.60      9.14E-06  6.55E-04  2.54E-03 -2.38E-03   65536
    95        1.3      0.20      3.00E-06  6.61E-04  2.20E-03 -2.64E-03   65536
    96        1.3      0.25      3.81E-06  6.54E-04  2.50E-03 -2.74E-03   65536
    97        1.3      0.60      9.22E-06  6.34E-04  2.65E-03 -2.46E-03   65536
    98        1.3      0.54      8.20E-06  6.17E-04  2.35E-03 -2.34E-03   65536
    99        1.3      0.35      5.28E-06  6.12E-04  2.59E-03 -2.30E-03   65536
   100        1.3      0.15      2.28E-06  6.58E-04  2.77E-03 -2.76E-03   65536
   101        1.3      0.41      6.21E-06  6.55E-04  2.61E-03 -2.37E-03   65536
   102        1.3      0.75      1.15E-05  5.94E-04  2.29E-03 -2.31E-03   65536
   103        1.3      0.50      7.69E-06  5.98E-04  2.17E-03 -2.20E-03   65536
   104        1.3      0.31      4.73E-06  6.10E-04  2.34E-03 -2.28E-03   65536
   105        1.3      0.14      2.17E-06  6.29E-04  2.29E-03 -2.42E-03   65536
   106        1.3      0.13      1.99E-06  6.37E-04  2.54E-03 -2.41E-03   65536
   107        1.3      0.43      6.58E-06  6.23E-04  2.42E-03 -2.57E-03   65536
   108        1.3      0.77      1.18E-05  6.24E-04  2.48E-03 -2.27E-03   65536
   109        1.3      0.90      1.38E-05  6.12E-04  2.45E-03 -2.36E-03   65536
   110        1.3      0.49      7.47E-06  6.01E-04  2.45E-03 -2.43E-03   65536
   111        1.3      0.23      3.55E-06  6.24E-04  2.48E-03 -2.64E-03   65536
   112        1.3      0.61      9.35E-06  6.25E-04  2.71E-03 -2.18E-03   65536
   113        1.3      0.79      1.21E-05  6.59E-04  3.24E-03 -2.42E-03   65536
   114        1.3      0.64      9.73E-06  6.74E-04  2.49E-03 -2.59E-03   65536
   115        1.3      0.32      4.92E-06  6.47E-04  2.75E-03 -2.56E-03   65536
   116        1.3      4.52E-02  6.89E-07  6.30E-04  2.99E-03 -2.46E-03   65536
   117        1.3      0.26      3.97E-06  6.09E-04  2.58E-03 -2.13E-03   65536
   118        1.3      0.31      4.73E-06  6.00E-04  2.87E-03 -2.64E-03   65536
   119        1.3      0.56      8.56E-06  6.04E-04  2.57E-03 -2.31E-03   65536
   120        1.3       1.2      1.82E-05  6.24E-04  2.42E-03 -2.72E-03   65536
   121        1.3       1.1      1.61E-05  6.15E-04  2.47E-03 -2.32E-03   65536
   122        1.3      0.48      7.32E-06  6.11E-04  2.39E-03 -2.25E-03   65536
   123        1.3      0.43      6.52E-06  6.12E-04  2.17E-03 -2.18E-03   65536
   124        1.3      0.40      6.17E-06  6.18E-04  2.29E-03 -2.41E-03   65536
   125        1.3     -0.45     -6.93E-06  6.10E-04  2.40E-03 -2.45E-03   65536
   126        1.3     -0.67     -1.03E-05  5.97E-04  2.50E-03 -2.21E-03   65536
   127        1.3      0.28      4.30E-06  6.05E-04  2.30E-03 -2.30E-03   65536
   128        1.3      0.12      1.85E-06  6.04E-04  2.20E-03 -2.57E-03   65536
   129        1.3     -0.94     -1.43E-05  5.75E-04  2.12E-03 -2.27E-03   65536
   130        1.3     -0.67     -1.02E-05  6.09E-04  2.07E-03 -2.39E-03   65536
   131        1.3      0.53      8.05E-06  6.25E-04  2.59E-03 -2.37E-03   65536
   132        1.3      0.89      1.36E-05  6.07E-04  2.42E-03 -2.36E-03   65536
   133        1.3      0.59      8.98E-06  5.88E-04  2.38E-03 -2.42E-03   65536
   134        1.3      0.43      6.56E-06  6.03E-04  2.17E-03 -2.55E-03   65536
   135        1.3      5.36E-02  8.17E-07  6.03E-04  2.22E-03 -2.40E-03   65536
   136        1.3     -0.30     -4.51E-06  6.15E-04  2.27E-03 -2.51E-03   65536
   137        1.3      0.18      2.73E-06  5.99E-04  2.34E-03 -2.83E-03   65536
   138        1.3      0.97      1.48E-05  5.95E-04  2.54E-03 -2.38E-03   65536
   139        1.3      0.96      1.47E-05  5.62E-04  2.13E-03 -2.92E-03   65536
   140        1.3      0.17      2.67E-06  5.58E-04  2.16E-03 -2.21E-03   65536
   141        1.3      1.04E-03  1.59E-08  5.56E-04  1.94E-03 -2.26E-03   65536
   142        1.3      0.19      2.87E-06  5.66E-04  2.03E-03 -2.14E-03   65536
   143        1.3     -0.59     -9.07E-06  5.76E-04  2.10E-03 -2.60E-03   65536
   144        1.3      -1.0     -1.53E-05  5.91E-04  2.10E-03 -2.47E-03   65536
   145        1.3     -0.44     -6.75E-06  6.03E-04  3.42E-03 -2.38E-03   65536
   146        1.3     -0.44     -6.68E-06  5.86E-04  2.50E-03 -2.56E-03   65536
   147        1.3     -0.48     -7.37E-06  5.94E-04  2.17E-03 -2.35E-03   65536
   148        1.3     -0.23     -3.56E-06  5.99E-04  2.14E-03 -2.26E-03   65536
   149        1.3     -0.19     -2.97E-06  5.84E-04  2.21E-03 -1.92E-03   65536
   150        1.3      7.93E-02  1.21E-06  5.67E-04  2.37E-03 -2.10E-03   65536
   151        1.3      0.19      2.86E-06  5.89E-04  2.27E-03 -2.18E-03   65536
   152        1.3     -0.28     -4.20E-06  5.86E-04  2.13E-03 -2.40E-03   65536
   153        1.3     -0.46     -6.96E-06  5.87E-04  2.41E-03 -2.22E-03   65536
   154        1.3     -0.42     -6.42E-06  5.63E-04  2.10E-03 -2.34E-03   65536
   155        1.3     -0.48     -7.27E-06  5.68E-04  2.01E-03 -1.97E-03   65536
   156        1.3     -3.20E-02 -4.89E-07  5.76E-04  2.09E-03 -2.00E-03   65536
   157        1.3      0.31      4.67E-06  6.04E-04  2.17E-03 -2.27E-03   65536
   158        1.3      0.20      3.01E-06  6.37E-04  2.30E-03 -2.36E-03   65536
   159        1.3      1.41E-03  2.15E-08  6.41E-04  2.66E-03 -2.38E-03   65536
   160        1.3      0.24      3.68E-06  5.94E-04  2.32E-03 -2.39E-03   65536
   161        1.3      0.35      5.40E-06  5.88E-04  2.67E-03 -2.39E-03   65536
   162        1.3     -5.97E-02 -9.11E-07  6.04E-04  2.30E-03 -2.47E-03   65536
   163        1.3     -0.17     -2.63E-06  6.10E-04  2.24E-03 -2.63E-03   65536
   164        1.3     -1.08E-02 -1.64E-07  6.09E-04  2.37E-03 -2.17E-03   65536
   165        1.3      0.45      6.89E-06  6.39E-04  2.40E-03 -2.88E-03   65536
   166        1.3     -1.51E-02 -2.30E-07  6.38E-04  2.48E-03 -2.50E-03   65536
   167        1.3      -1.2     -1.76E-05  6.13E-04  2.52E-03 -2.29E-03   65536
   168        1.3     -0.83     -1.27E-05  6.09E-04  2.21E-03 -2.10E-03   65536
   169        1.3     -0.12     -1.90E-06  6.04E-04  2.25E-03 -2.21E-03   65536
   170        1.3      0.15      2.27E-06  6.00E-04  2.18E-03 -2.28E-03   65536
   171        1.3      0.43      6.61E-06  5.94E-04  2.03E-03 -2.42E-03   65536
   172        1.3     -3.36E-02 -5.13E-07  6.08E-04  2.24E-03 -2.37E-03   65536
   173        1.3     -0.69     -1.05E-05  6.17E-04  2.41E-03 -2.52E-03   65536
   174        1.3     -0.38     -5.86E-06  6.11E-04  2.31E-03 -2.46E-03   65536
   175        1.3      9.65E-02  1.47E-06  6.14E-04  2.49E-03 -2.29E-03   65536
   176        1.3     -0.37     -5.57E-06  6.17E-04  2.34E-03 -2.39E-03   65536
   177        1.3     -0.35     -5.39E-06  6.30E-04  2.41E-03 -2.53E-03   65536
   178        1.3      0.30      4.60E-06  6.09E-04  2.25E-03 -1.98E-03   65536
   179        1.3      0.68      1.04E-05  6.33E-04  2.47E-03 -2.20E-03   65536
   180        1.3       1.4      2.11E-05  6.38E-04  2.20E-03 -2.36E-03   65536
   181        1.3       1.1      1.75E-05  6.21E-04  2.40E-03 -2.11E-03   65536
   182        1.3      9.81E-02  1.50E-06  6.14E-04  2.61E-03 -2.40E-03   65536
   183        1.3     -0.48     -7.31E-06  6.42E-04  2.69E-03 -2.46E-03   65536
   184        1.3     -0.58     -8.81E-06  6.67E-04  2.70E-03 -2.73E-03   65536
   185        1.3      0.17      2.63E-06  8.52E-04  3.68E-03 -3.57E-03   65536
