0500+019  0.58471  896.38     0.00   0   -195.372   0.015   -232.242  0.333     100.2     2.4   two
0500+019  0.58471  896.38     0.00   1   -195.372   0.015   -232.242  0.333     100.2     2.4   two
0500+019  0.58471  896.38     0.00   2   -194.772   0.0114   -231.642  0.253     100.2     2.4   two
0500+019  0.58471  896.38     0.00   3   -181.772   -0.00165   -218.642  -0.0367     100.2     2.4   two
0500+019  0.58471  896.38     0.00   4   -169.972   0.00241   -206.842  0.0533     100.2     2.4   two
0500+019  0.58471  896.38     0.00   5   -168.772   0.00421   -205.642  0.0933     100.2     2.4   two
0500+019  0.58471  896.38     0.00   6   -168.772   0.00737   -205.642  0.163     100.2     2.4   two
0500+019  0.58471  896.38     0.00   7   -168.272   0.00737   -205.142  0.163     100.2     2.4   two
0500+019  0.58471  896.38     0.00   8   -155.872   0.00511   -192.742  0.113     100.2     2.4   two
0500+019  0.58471  896.38     0.00   9   -155.272   0.00511   -192.142  0.113     100.2     2.4   two
0500+019  0.58471  896.38     0.00   10   -149.372   -0.00436   -186.242  -0.0967     100.2     2.4   two
0500+019  0.58471  896.38     0.00   11   -148.772   -0.00617   -185.642  -0.137     100.2     2.4   two
0500+019  0.58471  896.38     0.00   12   -142.872   -0.00436   -179.742  -0.0967     100.2     2.4   two
0500+019  0.58471  896.38     0.00   13   -142.872   -0.00436   -179.742  -0.0967     100.2     2.4   two
0500+019  0.58471  896.38     0.00   14   -129.872   0.00421   -166.742  0.0933     100.2     2.4   two
0500+019  0.58471  896.38     0.00   15   -129.272   0.00421   -166.142  0.0933     100.2     2.4   two
0500+019  0.58471  896.38     0.00   16   -128.672   0.00421   -165.542  0.0933     100.2     2.4   two
0500+019  0.58471  896.38     0.00   17   -123.372   -0.00481   -160.242  -0.107     100.2     2.4   two
0500+019  0.58471  896.38     0.00   18   -122.772   -0.00391   -159.642  -0.0867     100.2     2.4   two
0500+019  0.58471  896.38     0.00   19   -122.172   -0.0111   -159.042  -0.247     100.2     2.4   two
0500+019  0.58471  896.38     0.00   20   -121.672   -0.0111   -158.542  -0.247     100.2     2.4   two
0500+019  0.58471  896.38     0.00   21   -116.952   -0.00436   -153.822  -0.0967     100.2     2.4   two
0500+019  0.58471  896.38     0.00   22   -103.382   0.00105   -140.252  0.0233     100.2     2.4   two
0500+019  0.58471  896.38     0.00   23   -102.792   0.00286   -139.662  0.0633     100.2     2.4   two
0500+019  0.58471  896.38     0.00   24   -102.792   0.00286   -139.662  0.0633     100.2     2.4   two
0500+019  0.58471  896.38     0.00   25   -102.792   0.00105   -139.662  0.0233     100.2     2.4   two
0500+019  0.58471  896.38     0.00   26   -97.482   0.00782   -134.352  0.173     100.2     2.4   two
0500+019  0.58471  896.38     0.00   27   -96.892   0.00601   -133.762  0.133     100.2     2.4   two
0500+019  0.58471  896.38     0.00   28   -96.302   0.00195   -133.172  0.0433     100.2     2.4   two
0500+019  0.58471  896.38     0.00   29   -94.532   -0.00165   -131.402  -0.0367     100.2     2.4   two
0500+019  0.58471  896.38     0.00   30   -93.942   -0.0021   -130.812  -0.0467     100.2     2.4   two
0500+019  0.58471  896.38     0.00   31   -90.402   -0.00165   -127.272  -0.0367     100.2     2.4   two
0500+019  0.58471  896.38     0.00   32   -89.812   -0.00165   -126.682  -0.0367     100.2     2.4   two
0500+019  0.58471  896.38     0.00   33   -86.272   -0.00662   -123.142  -0.147     100.2     2.4   two
0500+019  0.58471  896.38     0.00   34   -83.912   -0.00346   -120.782  -0.0767     100.2     2.4   two
0500+019  0.58471  896.38     0.00   35   -83.912   -0.00346   -120.782  -0.0767     100.2     2.4   two
0500+019  0.58471  896.38     0.00   36   -70.932   -0.00391   -107.802  -0.0867     100.2     2.4   two
0500+019  0.58471  896.38     0.00   37   -70.932   -0.00391   -107.802  -0.0867     100.2     2.4   two
0500+019  0.58471  896.38     0.00   38   -70.342   -0.00752   -107.212  -0.167     100.2     2.4   two
0500+019  0.58471  896.38     0.00   39   -69.752   -0.0274   -106.622  -0.607     100.2     2.4   two
0500+019  0.58471  896.38     0.00   40   -69.752   -0.0274   -106.622  -0.607     100.2     2.4   two
0500+019  0.58471  896.38     0.00   41   -64.442   -0.0251   -101.312  -0.557     100.2     2.4   two
0500+019  0.58471  896.38     0.00   42   -63.262   -0.0228   -100.132  -0.507     100.2     2.4   two
0500+019  0.58471  896.38     0.00   43   -58.542   -0.0192   -95.412  -0.427     100.2     2.4   two
0500+019  0.58471  896.38     0.00   44   -58.542   -0.0192   -95.412  -0.427     100.2     2.4   two
0500+019  0.58471  896.38     0.00   45   -57.952   -0.0192   -94.822  -0.427     100.2     2.4   two
0500+019  0.58471  896.38     0.00   46   -57.952   -0.0192   -94.822  -0.427     100.2     2.4   two
0500+019  0.58471  896.38     0.00   47   -57.362   -0.0174   -94.232  -0.387     100.2     2.4   two
0500+019  0.58471  896.38     0.00   48   -56.772   -0.0174   -93.642  -0.387     100.2     2.4   two
0500+019  0.58471  896.38     0.00   49   -56.772   -0.0206   -93.642  -0.457     100.2     2.4   two
0500+019  0.58471  896.38     0.00   50   -56.772   -0.0174   -93.642  -0.387     100.2     2.4   two
0500+019  0.58471  896.38     0.00   51   -51.462   -0.0125   -88.332  -0.277     100.2     2.4   two
0500+019  0.58471  896.38     0.00   52   -50.872   -0.0129   -87.742  -0.287     100.2     2.4   two
0500+019  0.58471  896.38     0.00   53   -50.282   -0.0233   -87.152  -0.517     100.2     2.4   two
0500+019  0.58471  896.38     0.00   54   -44.382   -0.0224   -81.252  -0.497     100.2     2.4   two
0500+019  0.58471  896.38     0.00   55   -44.382   -0.022   -81.252  -0.487     100.2     2.4   two
0500+019  0.58471  896.38     0.00   56   -38.482   -0.0192   -75.352  -0.427     100.2     2.4   two
0500+019  0.58471  896.38     0.00   57   -37.302   -0.0228   -74.172  -0.507     100.2     2.4   two
0500+019  0.58471  896.38     0.00   58   -31.992   -0.0251   -68.862  -0.557     100.2     2.4   two
0500+019  0.58471  896.38     0.00   59   -31.992   -0.026   -68.862  -0.577     100.2     2.4   two
0500+019  0.58471  896.38     0.00   60   -31.406   -0.0251   -68.276  -0.557     100.2     2.4   two
0500+019  0.58471  896.38     0.00   61   -27.276   -0.0174   -64.146  -0.387     100.2     2.4   two
0500+019  0.58471  896.38     0.00   62   -18.428   -0.017   -55.298  -0.377     100.2     2.4   two
0500+019  0.58471  896.38     0.00   63   -16.068   -0.0179   -52.938  -0.397     100.2     2.4   two
0500+019  0.58471  896.38     0.00   64   -11.352   -0.0202   -48.222  -0.447     100.2     2.4   two
0500+019  0.58471  896.38     0.00   65   -11.352   -0.0202   -48.222  -0.447     100.2     2.4   two
0500+019  0.58471  896.38     0.00   66   -10.762   -0.0247   -47.632  -0.547     100.2     2.4   two
0500+019  0.58471  896.38     0.00   67   -4.862   -0.0237   -41.732  -0.527     100.2     2.4   two
0500+019  0.58471  896.38     0.00   68   -3.092   -0.022   -39.962  -0.487     100.2     2.4   two
0500+019  0.58471  896.38     0.00   69   1.038   -0.0269   -35.832  -0.597     100.2     2.4   two
0500+019  0.58471  896.38     0.00   70   1.628   -0.0269   -35.242  -0.597     100.2     2.4   two
0500+019  0.58471  896.38     0.00   71   1.628   -0.0269   -35.242  -0.597     100.2     2.4   two
0500+019  0.58471  896.38     0.00   72   2.218   -0.0269   -34.652  -0.597     100.2     2.4   two
0500+019  0.58471  896.38     0.00   73   3.398   -0.0287   -33.472  -0.637     100.2     2.4   two
0500+019  0.58471  896.38     0.00   74   7.528   -0.0328   -29.342  -0.727     100.2     2.4   two
0500+019  0.58471  896.38     0.00   75   8.708   -0.0296   -28.162  -0.657     100.2     2.4   two
0500+019  0.58471  896.38     0.00   76   12.248   -0.0269   -24.622  -0.597     100.2     2.4   two
0500+019  0.58471  896.38     0.00   77   12.248   -0.0337   -24.622  -0.747     100.2     2.4   two
0500+019  0.58471  896.38     0.00   78   12.838   -0.0337   -24.032  -0.747     100.2     2.4   two
0500+019  0.58471  896.38     0.00   79   13.428   -0.0337   -23.442  -0.747     100.2     2.4   two
0500+019  0.58471  896.38     0.00   80   15.198   -0.045   -21.672  -0.997     100.2     2.4   two
0500+019  0.58471  896.38     0.00   81   15.198   -0.045   -21.672  -0.997     100.2     2.4   two
0500+019  0.58471  896.38     0.00   82   20.508   -0.0364   -16.362  -0.807     100.2     2.4   two
0500+019  0.58471  896.38     0.00   83   21.688   -0.0359   -15.182  -0.797     100.2     2.4   two
0500+019  0.58471  896.38     0.00   84   22.278   -0.0359   -14.592  -0.797     100.2     2.4   two
0500+019  0.58471  896.38     0.00   85   27.588   -0.0283   -9.282  -0.627     100.2     2.4   two
0500+019  0.58471  896.38     0.00   86   28.178   -0.0332   -8.692  -0.737     100.2     2.4   two
0500+019  0.58471  896.38     0.00   87   28.178   -0.0283   -8.692  -0.627     100.2     2.4   two
0500+019  0.58471  896.38     0.00   88   28.178   -0.0332   -8.692  -0.737     100.2     2.4   two
0500+019  0.58471  896.38     0.00   89   28.768   -0.0395   -8.102  -0.877     100.2     2.4   two
0500+019  0.58471  896.38     0.00   90   28.768   -0.0395   -8.102  -0.877     100.2     2.4   two
0500+019  0.58471  896.38     0.00   91   30.538   -0.0391   -6.332  -0.867     100.2     2.4   two
0500+019  0.58471  896.38     0.00   92   31.128   -0.0395   -5.742  -0.877     100.2     2.4   two
0500+019  0.58471  896.38     0.00   93   34.668   -0.0287   -2.202  -0.637     100.2     2.4   two
0500+019  0.58471  896.38     0.00   94   34.668   -0.0287   -2.202  -0.637     100.2     2.4   two
0500+019  0.58471  896.38     0.00   95   41.748   -0.0247   4.878  -0.547     100.2     2.4   two
0500+019  0.58471  896.38     0.00   96   41.748   -0.0247   4.878  -0.547     100.2     2.4   two
0500+019  0.58471  896.38     0.00   97   54.728   -0.017   17.858  -0.377     100.2     2.4   two
0500+019  0.58471  896.38     0.00   98   54.728   -0.017   17.858  -0.377     100.2     2.4   two
0500+019  0.58471  896.38     0.00   99   56.498   -0.0156   19.628  -0.347     100.2     2.4   two
0500+019  0.58471  896.38     0.00   100   56.498   -0.0156   19.628  -0.347     100.2     2.4   two
0500+019  0.58471  896.38     0.00   101   60.038   -0.00842   23.168  -0.187     100.2     2.4   two
0500+019  0.58471  896.38     0.00   102   60.628   -0.00842   23.758  -0.187     100.2     2.4   two
0500+019  0.58471  896.38     0.00   103   60.628   -0.00707   23.758  -0.157     100.2     2.4   two
0500+019  0.58471  896.38     0.00   104   61.218   -0.00707   24.348  -0.157     100.2     2.4   two
0500+019  0.58471  896.38     0.00   105   67.118   -0.00932   30.248  -0.207     100.2     2.4   two
0500+019  0.58471  896.38     0.00   106   75.968   -0.0143   39.098  -0.317     100.2     2.4   two
0500+019  0.58471  896.38     0.00   107   76.558   -0.0143   39.688  -0.317     100.2     2.4   two
0500+019  0.58471  896.38     0.00   108   77.148   -0.0143   40.278  -0.317     100.2     2.4   two
0500+019  0.58471  896.38     0.00   109   80.028   -0.00436   43.158  -0.0967     100.2     2.4   two
0500+019  0.58471  896.38     0.00   110   80.028   -0.00436   43.158  -0.0967     100.2     2.4   two
0500+019  0.58471  896.38     0.00   111   85.328   0.00647   48.458  0.143     100.2     2.4   two
0500+019  0.58471  896.38     0.00   112   85.928   0.00601   49.058  0.133     100.2     2.4   two
0500+019  0.58471  896.38     0.00   113   86.528   0.00105   49.658  0.0233     100.2     2.4   two
0500+019  0.58471  896.38     0.00   114   86.528   0.00105   49.658  0.0233     100.2     2.4   two
0500+019  0.58471  896.38     0.00   115   92.428   -0.00165   55.558  -0.0367     100.2     2.4   two
0500+019  0.58471  896.38     0.00   116   92.428   -0.00165   55.558  -0.0367     100.2     2.4   two
0500+019  0.58471  896.38     0.00   117   93.028   -0.00165   56.158  -0.0367     100.2     2.4   two
0500+019  0.58471  896.38     0.00   118   98.328   0.0159   61.458  0.353     100.2     2.4   two
0500+019  0.58471  896.38     0.00   119   98.328   0.0159   61.458  0.353     100.2     2.4   two
0500+019  0.58471  896.38     0.00   120   98.928   0.00962   62.058  0.213     100.2     2.4   two
0500+019  0.58471  896.38     0.00   121   99.528   0.0105   62.658  0.233     100.2     2.4   two
0500+019  0.58471  896.38     0.00   122   99.528   0.0105   62.658  0.233     100.2     2.4   two
0500+019  0.58471  896.38     0.00   123   106.628   0.00827   69.758  0.183     100.2     2.4   two
0500+019  0.58471  896.38     0.00   124   106.628   0.00827   69.758  0.183     100.2     2.4   two
0500+019  0.58471  896.38     0.00   125   106.628   0.00827   69.758  0.183     100.2     2.4   two
0500+019  0.58471  896.38     0.00   126   106.628   0.00827   69.758  0.183     100.2     2.4   two
0500+019  0.58471  896.38     0.00   127   111.928   0.0105   75.058  0.233     100.2     2.4   two
0500+019  0.58471  896.38     0.00   128   111.928   0.0105   75.058  0.233     100.2     2.4   two
0500+019  0.58471  896.38     0.00   129   112.528   0.00872   75.658  0.193     100.2     2.4   two
0500+019  0.58471  896.38     0.00   130   119.028   -0.00481   82.158  -0.107     100.2     2.4   two
0500+019  0.58471  896.38     0.00   131   119.028   -0.00571   82.158  -0.127     100.2     2.4   two
0500+019  0.58471  896.38     0.00   132   119.528   -0.00481   82.658  -0.107     100.2     2.4   two
0500+019  0.58471  896.38     0.00   133   125.428   0.00511   88.558  0.113     100.2     2.4   two
0500+019  0.58471  896.38     0.00   134   126.028   0.00511   89.158  0.113     100.2     2.4   two
0500+019  0.58471  896.38     0.00   135   132.528   -0.00662   95.658  -0.147     100.2     2.4   two
0500+019  0.58471  896.38     0.00   136   133.128   -0.00662   96.258  -0.147     100.2     2.4   two
0500+019  0.58471  896.38     0.00   137   133.728   -0.00842   96.858  -0.187     100.2     2.4   two
0500+019  0.58471  896.38     0.00   138   144.928   -0.00301   108.058  -0.0667     100.2     2.4   two
0809+483  0.43655  988.66     17.78   0   418.640   0.000684   441.814  -0.0392     100.7     6.9   int
0809+483  0.43655  988.66     17.78   1   415.206   0.000684   438.381  -0.0392     100.7     6.9   int
0809+483  0.43655  988.66     17.78   2   366.086   0.000628   389.261  -0.036     100.7     6.9   int
0809+483  0.43655  988.66     17.78   3   332.934   -0.000553   356.108  0.0317     100.7     6.9   int
0809+483  0.43655  988.66     17.78   4   331.826   -0.000553   355.000  0.0317     100.7     6.9   int
0809+483  0.43655  988.66     17.78   5   283.778   -0.000384   306.953  0.022     100.7     6.9   int
0809+483  0.43655  988.66     17.78   6   272.370   -0.00117   295.544  0.0671     100.7     6.9   int
0809+483  0.43655  988.66     17.78   7   248.409   -0.00269   271.583  0.154     100.7     6.9   int
0809+483  0.43655  988.66     17.78   8   245.011   -0.0033   268.186  0.189     100.7     6.9   int
0809+483  0.43655  988.66     17.78   9   239.289   -0.00386   262.464  0.221     100.7     6.9   int
0809+483  0.43655  988.66     17.78   10   225.592   -0.00431   248.766  0.247     100.7     6.9   int
0809+483  0.43655  988.66     17.78   11   190.151   -0.00358   213.326  0.205     100.7     6.9   int
0809+483  0.43655  988.66     17.78   12   177.545   -0.00291   200.719  0.167     100.7     6.9   int
0809+483  0.43655  988.66     17.78   13   166.101   -0.00218   189.275  0.125     100.7     6.9   int
0809+483  0.43655  988.66     17.78   14   158.108   -0.00128   181.282  0.0735     100.7     6.9   int
0809+483  0.43655  988.66     17.78   15   108.952   -0.000777   132.126  0.0445     100.7     6.9   int
0809+483  0.43655  988.66     17.78   16   59.796   0.000178   82.970  -0.0102     100.7     6.9   int
0809+483  0.43655  988.66     17.78   17   59.796   0.000178   82.970  -0.0102     100.7     6.9   int
0809+483  0.43655  988.66     17.78   18   47.225   -0.000721   70.400  0.0413     100.7     6.9   int
0809+483  0.43655  988.66     17.78   19   36.961   -0.00213   60.136  0.122     100.7     6.9   int
0809+483  0.43655  988.66     17.78   20   33.564   -0.00375   56.738  0.215     100.7     6.9   int
0809+483  0.43655  988.66     17.78   21   30.149   -0.00521   53.323  0.298     100.7     6.9   int
0809+483  0.43655  988.66     17.78   22   29.004   -0.00521   52.178  0.298     100.7     6.9   int
0809+483  0.43655  988.66     17.78   23   26.787   -0.00683   49.961  0.391     100.7     6.9   int
0809+483  0.43655  988.66     17.78   24   25.642   -0.00683   48.817  0.391     100.7     6.9   int
0809+483  0.43655  988.66     17.78   25   24.498   -0.0075   47.672  0.43     100.7     6.9   int
0809+483  0.43655  988.66     17.78   26   23.389   -0.00967   46.564  0.554     100.7     6.9   int
0809+483  0.43655  988.66     17.78   27   22.317   -0.0115   45.491  0.659     100.7     6.9   int
0809+483  0.43655  988.66     17.78   28   21.172   -0.0115   44.346  0.659     100.7     6.9   int
0809+483  0.43655  988.66     17.78   29   17.775   -0.0148   40.949  0.85     100.7     6.9   int
0809+483  0.43655  988.66     17.78   30   17.775   -0.0141   40.949  0.809     100.7     6.9   int
0809+483  0.43655  988.66     17.78   31   16.630   -0.0141   39.805  0.809     100.7     6.9   int
0809+483  0.43655  988.66     17.78   32   15.522   -0.015   38.696  0.86     100.7     6.9   int
0809+483  0.43655  988.66     17.78   33   15.522   -0.0141   38.696  0.809     100.7     6.9   int
0809+483  0.43655  988.66     17.78   34   13.233   -0.015   36.407  0.86     100.7     6.9   int
0809+483  0.43655  988.66     17.78   35   10.944   -0.0159   34.118  0.91     100.7     6.9   int
0809+483  0.43655  988.66     17.78   36   9.800   -0.0159   32.974  0.91     100.7     6.9   int
0809+483  0.43655  988.66     17.78   37   8.691   -0.0159   31.865  0.91     100.7     6.9   int
0809+483  0.43655  988.66     17.78   38   7.582   -0.0172   30.757  0.986     100.7     6.9   int
0809+483  0.43655  988.66     17.78   39   6.438   -0.0172   29.612  0.986     100.7     6.9   int
0809+483  0.43655  988.66     17.78   40   6.438   -0.0172   29.612  0.983     100.7     6.9   int
0809+483  0.43655  988.66     17.78   41   6.438   -0.0172   29.612  0.983     100.7     6.9   int
0809+483  0.43655  988.66     17.78   42   2.969   -0.0172   26.143  0.983     100.7     6.9   int
0809+483  0.43655  988.66     17.78   43   1.860   -0.0172   25.034  0.983     100.7     6.9   int
0809+483  0.43655  988.66     17.78   44   1.824   -0.016   24.999  0.917     100.7     6.9   int
0809+483  0.43655  988.66     17.78   45   0.716   -0.0168   23.890  0.964     100.7     6.9   int
0809+483  0.43655  988.66     17.78   46   0.680   -0.016   23.854  0.917     100.7     6.9   int
0809+483  0.43655  988.66     17.78   47   -0.464   -0.0157   22.710  0.901     100.7     6.9   int
0809+483  0.43655  988.66     17.78   48   -2.789   -0.0148   20.385  0.85     100.7     6.9   int
0809+483  0.43655  988.66     17.78   49   -2.789   -0.0148   20.385  0.85     100.7     6.9   int
0809+483  0.43655  988.66     17.78   50   -6.258   -0.0135   16.916  0.771     100.7     6.9   int
0809+483  0.43655  988.66     17.78   51   -6.258   -0.0135   16.916  0.771     100.7     6.9   int
0809+483  0.43655  988.66     17.78   52   -6.258   -0.0132   16.916  0.758     100.7     6.9   int
0809+483  0.43655  988.66     17.78   53   -7.367   -0.0135   15.808  0.771     100.7     6.9   int
0809+483  0.43655  988.66     17.78   54   -8.511   -0.0135   14.663  0.771     100.7     6.9   int
0809+483  0.43655  988.66     17.78   55   -8.511   -0.0132   14.663  0.758     100.7     6.9   int
0809+483  0.43655  988.66     17.78   56   -8.511   -0.0132   14.663  0.758     100.7     6.9   int
0809+483  0.43655  988.66     17.78   57   -9.691   -0.0132   13.483  0.758     100.7     6.9   int
0809+483  0.43655  988.66     17.78   58   -9.691   -0.0132   13.483  0.758     100.7     6.9   int
0809+483  0.43655  988.66     17.78   59   -9.691   -0.013   13.483  0.742     100.7     6.9   int
0809+483  0.43655  988.66     17.78   60   -12.016   -0.0103   11.159  0.589     100.7     6.9   int
0809+483  0.43655  988.66     17.78   61   -12.016   -0.0103   11.159  0.589     100.7     6.9   int
0809+483  0.43655  988.66     17.78   62   -13.160   -0.0103   10.014  0.589     100.7     6.9   int
0809+483  0.43655  988.66     17.78   63   -13.160   -0.0103   10.014  0.589     100.7     6.9   int
0809+483  0.43655  988.66     17.78   64   -14.269   -0.0103   8.905  0.589     100.7     6.9   int
0809+483  0.43655  988.66     17.78   65   -16.629   -0.00839   6.545  0.481     100.7     6.9   int
0809+483  0.43655  988.66     17.78   66   -16.629   -0.00839   6.545  0.481     100.7     6.9   int
0809+483  0.43655  988.66     17.78   67   -17.774   -0.00839   5.401  0.481     100.7     6.9   int
0809+483  0.43655  988.66     17.78   68   -18.882   -0.0085   4.292  0.487     100.7     6.9   int
0809+483  0.43655  988.66     17.78   69   -18.882   -0.00839   4.292  0.481     100.7     6.9   int
0809+483  0.43655  988.66     17.78   70   -18.918   -0.00688   4.256  0.394     100.7     6.9   int
0809+483  0.43655  988.66     17.78   71   -18.918   -0.00688   4.256  0.394     100.7     6.9   int
0809+483  0.43655  988.66     17.78   72   -20.098   -0.00688   3.076  0.394     100.7     6.9   int
0809+483  0.43655  988.66     17.78   73   -20.098   -0.00688   3.076  0.394     100.7     6.9   int
0809+483  0.43655  988.66     17.78   74   -21.207   -0.00716   1.967  0.41     100.7     6.9   int
0809+483  0.43655  988.66     17.78   75   -21.207   -0.00716   1.967  0.41     100.7     6.9   int
0809+483  0.43655  988.66     17.78   76   -21.243   -0.00688   1.932  0.394     100.7     6.9   int
0809+483  0.43655  988.66     17.78   77   -24.712   -0.00526   -1.537  0.302     100.7     6.9   int
0809+483  0.43655  988.66     17.78   78   -25.856   -0.00459   -2.682  0.263     100.7     6.9   int
0809+483  0.43655  988.66     17.78   79   -27.000   -0.00375   -3.826  0.215     100.7     6.9   int
0809+483  0.43655  988.66     17.78   80   -30.469   -0.00213   -7.295  0.122     100.7     6.9   int
0809+483  0.43655  988.66     17.78   81   -30.469   -0.0019   -7.295  0.109     100.7     6.9   int
0809+483  0.43655  988.66     17.78   82   -35.011   -0.00179   -11.837  0.102     100.7     6.9   int
0809+483  0.43655  988.66     17.78   83   -40.769   -0.000609   -17.595  0.0349     100.7     6.9   int
0809+483  0.43655  988.66     17.78   84   -75.066   -0.000777   -51.891  0.0445     100.7     6.9   int
0809+483  0.43655  988.66     17.78   85   -84.185   -0.000777   -61.011  0.0445     100.7     6.9   int
0809+483  0.43655  988.66     17.78   86   -99.062   -0.000103   -75.888  0.0059     100.7     6.9   int
0809+483  0.43655  988.66     17.78   87   -133.395   6.57e-05   -110.220  -0.00377     100.7     6.9   int
0809+483  0.43655  988.66     17.78   88   -134.503   6.57e-05   -111.329  -0.00377     100.7     6.9   int
0809+483  0.43655  988.66     17.78   89   -148.236   -0.000103   -125.062  0.0059     100.7     6.9   int
0809+483  0.43655  988.66     17.78   90   -182.497   -0.000609   -159.323  0.0349     100.7     6.9   int
0809+483  0.43655  988.66     17.78   91   -197.374   -4.66e-05   -174.200  0.00267     100.7     6.9   int
0809+483  0.43655  988.66     17.78   92   -231.671   9.54e-06   -208.497  -0.000546     100.7     6.9   int
0809+483  0.43655  988.66     17.78   93   -233.924   9.54e-06   -210.750  -0.000546     100.7     6.9   int
0809+483  0.43655  988.66     17.78   94   -233.924   9.54e-06   -210.750  -0.000546     100.7     6.9   int
1629+12  0.53177  927.29     2.30   0   43.488   0.000943   42.505  -0.0242     26.4     0.3   int
1629+12  0.53177  927.29     2.30   1   43.041   0.0015   42.058  -0.0384     26.4     0.3   int
1629+12  0.53177  927.29     2.30   2   42.898   0.00172   41.915  -0.044     26.4     0.3   int
1629+12  0.53177  927.29     2.30   3   42.737   0.00194   41.754  -0.0497     26.4     0.3   int
1629+12  0.53177  927.29     2.30   4   42.737   0.00194   41.754  -0.0497     26.4     0.3   int
1629+12  0.53177  927.29     2.30   5   42.594   0.000721   41.611  -0.0185     26.4     0.3   int
1629+12  0.53177  927.29     2.30   6   41.432   0.000943   40.449  -0.0242     26.4     0.3   int
1629+12  0.53177  927.29     2.30   7   41.271   -0.00127   40.288  0.0325     26.4     0.3   int
1629+12  0.53177  927.29     2.30   8   41.146   -0.00149   40.163  0.0382     26.4     0.3   int
1629+12  0.53177  927.29     2.30   9   40.842   -0.00116   39.859  0.0297     26.4     0.3   int
1629+12  0.53177  927.29     2.30   10   40.556   -0.000496   39.572  0.0127     26.4     0.3   int
1629+12  0.53177  927.29     2.30   11   40.252   -0.000496   39.268  0.0127     26.4     0.3   int
1629+12  0.53177  927.29     2.30   12   40.109   -0.000496   39.125  0.0127     26.4     0.3   int
1629+12  0.53177  927.29     2.30   13   39.948   0.00261   38.964  -0.0668     26.4     0.3   int
1629+12  0.53177  927.29     2.30   14   39.948   0.00261   38.964  -0.0668     26.4     0.3   int
1629+12  0.53177  927.29     2.30   15   39.805   0.00183   38.821  -0.0469     26.4     0.3   int
1629+12  0.53177  927.29     2.30   16   39.662   0.00238   38.678  -0.0611     26.4     0.3   int
1629+12  0.53177  927.29     2.30   17   39.662   0.00238   38.678  -0.0611     26.4     0.3   int
1629+12  0.53177  927.29     2.30   18   37.462   -0.00127   36.479  0.0325     26.4     0.3   int
1629+12  0.53177  927.29     2.30   19   37.301   -0.00149   36.318  0.0382     26.4     0.3   int
1629+12  0.53177  927.29     2.30   20   37.176   -0.00138   36.193  0.0354     26.4     0.3   int
1629+12  0.53177  927.29     2.30   21   36.872   -0.000164   35.889  0.00419     26.4     0.3   int
1629+12  0.53177  927.29     2.30   22   34.065   -0.00105   33.081  0.0269     26.4     0.3   int
1629+12  0.53177  927.29     2.30   23   32.152   0.000721   31.168  -0.0185     26.4     0.3   int
1629+12  0.53177  927.29     2.30   24   31.723   -0.000827   30.739  0.0212     26.4     0.3   int
1629+12  0.53177  927.29     2.30   25   31.579   -0.000937   30.596  0.024     26.4     0.3   int
1629+12  0.53177  927.29     2.30   26   31.419   -0.000827   30.435  0.0212     26.4     0.3   int
1629+12  0.53177  927.29     2.30   27   30.989   0.000832   30.006  -0.0213     26.4     0.3   int
1629+12  0.53177  927.29     2.30   28   29.666   0.00116   28.683  -0.0298     26.4     0.3   int
1629+12  0.53177  927.29     2.30   29   27.163   0.00238   26.179  -0.0611     26.4     0.3   int
1629+12  0.53177  927.29     2.30   30   26.859   0.00238   25.875  -0.0611     26.4     0.3   int
1629+12  0.53177  927.29     2.30   31   26.126   -0.00127   25.142  0.0325     26.4     0.3   int
1629+12  0.53177  927.29     2.30   32   26.000   -0.00138   25.017  0.0354     26.4     0.3   int
1629+12  0.53177  927.29     2.30   33   25.696   -0.00138   24.713  0.0354     26.4     0.3   int
1629+12  0.53177  927.29     2.30   34   25.249   -0.000385   24.266  0.00986     26.4     0.3   int
1629+12  0.53177  927.29     2.30   35   24.677   0.000721   23.694  -0.0185     26.4     0.3   int
1629+12  0.53177  927.29     2.30   36   23.336   0.0015   22.353  -0.0384     26.4     0.3   int
1629+12  0.53177  927.29     2.30   37   23.336   0.0015   22.353  -0.0384     26.4     0.3   int
1629+12  0.53177  927.29     2.30   38   23.050   0.0015   22.067  -0.0384     26.4     0.3   int
1629+12  0.53177  927.29     2.30   39   22.889   -0.000606   21.906  0.0155     26.4     0.3   int
1629+12  0.53177  927.29     2.30   40   22.764   -0.000937   21.780  0.024     26.4     0.3   int
1629+12  0.53177  927.29     2.30   41   22.621   -0.000827   21.637  0.0212     26.4     0.3   int
1629+12  0.53177  927.29     2.30   42   22.621   -0.000827   21.637  0.0212     26.4     0.3   int
1629+12  0.53177  927.29     2.30   43   22.317   0.000279   21.333  -0.00715     26.4     0.3   int
1629+12  0.53177  927.29     2.30   44   22.013   0.00116   21.029  -0.0298     26.4     0.3   int
1629+12  0.53177  927.29     2.30   45   21.727   0.00116   20.743  -0.0298     26.4     0.3   int
1629+12  0.53177  927.29     2.30   46   21.727   0.00116   20.743  -0.0298     26.4     0.3   int
1629+12  0.53177  927.29     2.30   47   20.976   0.00139   19.992  -0.0355     26.4     0.3   int
1629+12  0.53177  927.29     2.30   48   20.976   0.00139   19.992  -0.0355     26.4     0.3   int
1629+12  0.53177  927.29     2.30   49   20.976   0.00139   19.992  -0.0355     26.4     0.3   int
1629+12  0.53177  927.29     2.30   50   20.833   0.00139   19.849  -0.0355     26.4     0.3   int
1629+12  0.53177  927.29     2.30   51   20.833   0.00139   19.849  -0.0355     26.4     0.3   int
1629+12  0.53177  927.29     2.30   52   20.833   0.00139   19.849  -0.0355     26.4     0.3   int
1629+12  0.53177  927.29     2.30   53   20.690   0.00105   19.706  -0.027     26.4     0.3   int
1629+12  0.53177  927.29     2.30   54   20.690   0.00105   19.706  -0.027     26.4     0.3   int
1629+12  0.53177  927.29     2.30   55   20.547   0.0015   19.563  -0.0384     26.4     0.3   int
1629+12  0.53177  927.29     2.30   56   20.404   0.00128   19.420  -0.0327     26.4     0.3   int
1629+12  0.53177  927.29     2.30   57   20.404   0.00128   19.420  -0.0327     26.4     0.3   int
1629+12  0.53177  927.29     2.30   58   20.243   0.00116   19.259  -0.0298     26.4     0.3   int
1629+12  0.53177  927.29     2.30   59   20.243   0.00116   19.259  -0.0298     26.4     0.3   int
1629+12  0.53177  927.29     2.30   60   19.670   -0.000496   18.687  0.0127     26.4     0.3   int
1629+12  0.53177  927.29     2.30   61   19.670   -0.000496   18.687  0.0127     26.4     0.3   int
1629+12  0.53177  927.29     2.30   62   19.510   -0.000937   18.526  0.024     26.4     0.3   int
1629+12  0.53177  927.29     2.30   63   19.384   -0.000937   18.401  0.024     26.4     0.3   int
1629+12  0.53177  927.29     2.30   64   19.384   -0.000937   18.401  0.024     26.4     0.3   int
1629+12  0.53177  927.29     2.30   65   18.919   -0.000385   17.936  0.00986     26.4     0.3   int
1629+12  0.53177  927.29     2.30   66   17.900   -0.00182   16.917  0.0467     26.4     0.3   int
1629+12  0.53177  927.29     2.30   67   17.900   -0.000606   16.917  0.0155     26.4     0.3   int
1629+12  0.53177  927.29     2.30   68   17.900   -0.000606   16.917  0.0155     26.4     0.3   int
1629+12  0.53177  927.29     2.30   69   17.757   -0.00193   16.774  0.0495     26.4     0.3   int
1629+12  0.53177  927.29     2.30   70   17.757   -0.000717   16.774  0.0184     26.4     0.3   int
1629+12  0.53177  927.29     2.30   71   17.757   -0.000717   16.774  0.0184     26.4     0.3   int
1629+12  0.53177  927.29     2.30   72   17.471   -0.00193   16.488  0.0495     26.4     0.3   int
1629+12  0.53177  927.29     2.30   73   17.471   -0.00193   16.488  0.0495     26.4     0.3   int
1629+12  0.53177  927.29     2.30   74   17.471   -0.00182   16.488  0.0467     26.4     0.3   int
1629+12  0.53177  927.29     2.30   75   17.328   -0.00204   16.345  0.0524     26.4     0.3   int
1629+12  0.53177  927.29     2.30   76   17.328   -0.00204   16.345  0.0524     26.4     0.3   int
1629+12  0.53177  927.29     2.30   77   17.328   -0.00204   16.345  0.0524     26.4     0.3   int
1629+12  0.53177  927.29     2.30   78   17.167   -0.00182   16.184  0.0467     26.4     0.3   int
1629+12  0.53177  927.29     2.30   79   17.167   -0.00182   16.184  0.0467     26.4     0.3   int
1629+12  0.53177  927.29     2.30   80   17.167   -0.000717   16.184  0.0184     26.4     0.3   int
1629+12  0.53177  927.29     2.30   81   17.024   -0.000606   16.041  0.0155     26.4     0.3   int
1629+12  0.53177  927.29     2.30   82   13.501   -0.000937   12.518  0.024     26.4     0.3   int
1629+12  0.53177  927.29     2.30   83   13.358   -0.00248   12.375  0.0637     26.4     0.3   int
1629+12  0.53177  927.29     2.30   84   13.340   0.000279   12.357  -0.00715     26.4     0.3   int
1629+12  0.53177  927.29     2.30   85   13.197   0.000279   12.214  -0.00715     26.4     0.3   int
1629+12  0.53177  927.29     2.30   86   13.197   0.000279   12.214  -0.00715     26.4     0.3   int
1629+12  0.53177  927.29     2.30   87   12.911   -0.0027   11.928  0.0693     26.4     0.3   int
1629+12  0.53177  927.29     2.30   88   12.768   -0.00436   11.785  0.112     26.4     0.3   int
1629+12  0.53177  927.29     2.30   89   12.625   -0.00458   11.642  0.117     26.4     0.3   int
1629+12  0.53177  927.29     2.30   90   11.892   -0.0037   10.909  0.0948     26.4     0.3   int
1629+12  0.53177  927.29     2.30   91   10.712   -0.00535   9.728  0.137     26.4     0.3   int
1629+12  0.53177  927.29     2.30   92   10.408   -0.00535   9.424  0.137     26.4     0.3   int
1629+12  0.53177  927.29     2.30   93   10.283   -0.0082   9.299  0.21     26.4     0.3   int
1629+12  0.53177  927.29     2.30   94   10.283   -0.00535   9.299  0.137     26.4     0.3   int
1629+12  0.53177  927.29     2.30   95   10.140   -0.00842   9.156  0.216     26.4     0.3   int
1629+12  0.53177  927.29     2.30   96   10.140   -0.0082   9.156  0.21     26.4     0.3   int
1629+12  0.53177  927.29     2.30   97   10.140   -0.0082   9.156  0.21     26.4     0.3   int
1629+12  0.53177  927.29     2.30   98   9.979   -0.00842   8.995  0.216     26.4     0.3   int
1629+12  0.53177  927.29     2.30   99   9.979   -0.00842   8.995  0.216     26.4     0.3   int
1629+12  0.53177  927.29     2.30   100   9.120   -0.00864   8.137  0.222     26.4     0.3   int
1629+12  0.53177  927.29     2.30   101   9.120   -0.00853   8.137  0.219     26.4     0.3   int
1629+12  0.53177  927.29     2.30   102   8.959   -0.00897   7.976  0.23     26.4     0.3   int
1629+12  0.53177  927.29     2.30   103   8.959   -0.00853   7.976  0.219     26.4     0.3   int
1629+12  0.53177  927.29     2.30   104   8.959   -0.00853   7.976  0.219     26.4     0.3   int
1629+12  0.53177  927.29     2.30   105   8.816   -0.0113   7.833  0.289     26.4     0.3   int
1629+12  0.53177  927.29     2.30   106   8.530   -0.0125   7.547  0.32     26.4     0.3   int
1629+12  0.53177  927.29     2.30   107   8.405   -0.0142   7.422  0.365     26.4     0.3   int
1629+12  0.53177  927.29     2.30   108   8.405   -0.0142   7.422  0.365     26.4     0.3   int
1629+12  0.53177  927.29     2.30   109   8.405   -0.0141   7.422  0.362     26.4     0.3   int
1629+12  0.53177  927.29     2.30   110   8.101   -0.0142   7.118  0.365     26.4     0.3   int
1629+12  0.53177  927.29     2.30   111   8.101   -0.0141   7.118  0.362     26.4     0.3   int
1629+12  0.53177  927.29     2.30   112   7.940   -0.0147   6.957  0.376     26.4     0.3   int
1629+12  0.53177  927.29     2.30   113   7.940   -0.0142   6.957  0.365     26.4     0.3   int
1629+12  0.53177  927.29     2.30   114   7.940   -0.0142   6.957  0.365     26.4     0.3   int
1629+12  0.53177  927.29     2.30   115   7.815   -0.0159   6.832  0.407     26.4     0.3   int
1629+12  0.53177  927.29     2.30   116   7.815   -0.0159   6.832  0.407     26.4     0.3   int
1629+12  0.53177  927.29     2.30   117   7.672   -0.0182   6.689  0.468     26.4     0.3   int
1629+12  0.53177  927.29     2.30   118   7.511   -0.018   6.528  0.462     26.4     0.3   int
1629+12  0.53177  927.29     2.30   119   7.368   -0.0206   6.385  0.529     26.4     0.3   int
1629+12  0.53177  927.29     2.30   120   7.261   -0.0233   6.277  0.599     26.4     0.3   int
1629+12  0.53177  927.29     2.30   121   7.100   -0.0241   6.116  0.618     26.4     0.3   int
1629+12  0.53177  927.29     2.30   122   6.957   -0.0243   5.973  0.623     26.4     0.3   int
1629+12  0.53177  927.29     2.30   123   6.063   -0.025   5.079  0.64     26.4     0.3   int
1629+12  0.53177  927.29     2.30   124   6.063   -0.025   5.079  0.64     26.4     0.3   int
1629+12  0.53177  927.29     2.30   125   4.793   -0.0342   3.810  0.877     26.4     0.3   int
1629+12  0.53177  927.29     2.30   126   4.632   -0.0342   3.649  0.877     26.4     0.3   int
1629+12  0.53177  927.29     2.30   127   4.328   -0.0342   3.345  0.877     26.4     0.3   int
1629+12  0.53177  927.29     2.30   128   4.203   -0.0345   3.220  0.885     26.4     0.3   int
1629+12  0.53177  927.29     2.30   129   4.060   -0.0342   3.077  0.877     26.4     0.3   int
1629+12  0.53177  927.29     2.30   130   3.917   -0.0372   2.933  0.953     26.4     0.3   int
1629+12  0.53177  927.29     2.30   131   3.631   -0.0373   2.647  0.956     26.4     0.3   int
1629+12  0.53177  927.29     2.30   132   3.470   -0.0375   2.486  0.962     26.4     0.3   int
1629+12  0.53177  927.29     2.30   133   3.470   -0.0375   2.486  0.962     26.4     0.3   int
1629+12  0.53177  927.29     2.30   134   3.184   -0.039   2.200  1     26.4     0.3   int
1629+12  0.53177  927.29     2.30   135   3.023   -0.0363   2.039  0.932     26.4     0.3   int
1629+12  0.53177  927.29     2.30   136   2.880   -0.0349   1.896  0.896     26.4     0.3   int
1629+12  0.53177  927.29     2.30   137   2.576   -0.033   1.592  0.847     26.4     0.3   int
1629+12  0.53177  927.29     2.30   138   2.433   -0.0333   1.449  0.855     26.4     0.3   int
1629+12  0.53177  927.29     2.30   139   2.272   -0.0306   1.288  0.784     26.4     0.3   int
1629+12  0.53177  927.29     2.30   140   2.129   -0.0308   1.145  0.789     26.4     0.3   int
1629+12  0.53177  927.29     2.30   141   1.986   -0.03   1.002  0.77     26.4     0.3   int
1629+12  0.53177  927.29     2.30   142   1.843   -0.0306   0.859  0.784     26.4     0.3   int
1629+12  0.53177  927.29     2.30   143   1.700   -0.0306   0.716  0.784     26.4     0.3   int
1629+12  0.53177  927.29     2.30   144   1.700   -0.0306   0.716  0.784     26.4     0.3   int
1629+12  0.53177  927.29     2.30   145   1.521   -0.0249   0.537  0.637     26.4     0.3   int
1629+12  0.53177  927.29     2.30   146   1.521   -0.0249   0.537  0.637     26.4     0.3   int
1629+12  0.53177  927.29     2.30   147   1.378   -0.0249   0.394  0.637     26.4     0.3   int
1629+12  0.53177  927.29     2.30   148   0.913   -0.0232   -0.071  0.596     26.4     0.3   int
1629+12  0.53177  927.29     2.30   149   0.770   -0.0199   -0.214  0.51     26.4     0.3   int
1629+12  0.53177  927.29     2.30   150   0.627   -0.0197   -0.357  0.504     26.4     0.3   int
1629+12  0.53177  927.29     2.30   151   0.448   -0.0201   -0.536  0.515     26.4     0.3   int
1629+12  0.53177  927.29     2.30   152   0.019   -0.0205   -0.965  0.526     26.4     0.3   int
1629+12  0.53177  927.29     2.30   153   -0.267   -0.0187   -1.251  0.479     26.4     0.3   int
1629+12  0.53177  927.29     2.30   154   -0.410   -0.0188   -1.394  0.482     26.4     0.3   int
1629+12  0.53177  927.29     2.30   155   -0.410   -0.0188   -1.394  0.482     26.4     0.3   int
1629+12  0.53177  927.29     2.30   156   -0.875   -0.0193   -1.859  0.496     26.4     0.3   int
1629+12  0.53177  927.29     2.30   157   -1.161   -0.02   -2.145  0.512     26.4     0.3   int
1629+12  0.53177  927.29     2.30   158   -1.447   -0.02   -2.431  0.512     26.4     0.3   int
1629+12  0.53177  927.29     2.30   159   -1.591   -0.0215   -2.574  0.551     26.4     0.3   int
1629+12  0.53177  927.29     2.30   160   -1.734   -0.0216   -2.717  0.554     26.4     0.3   int
1629+12  0.53177  927.29     2.30   161   -1.877   -0.0215   -2.860  0.551     26.4     0.3   int
1629+12  0.53177  927.29     2.30   162   -2.198   -0.0201   -3.182  0.515     26.4     0.3   int
1629+12  0.53177  927.29     2.30   163   -2.306   -0.0199   -3.289  0.51     26.4     0.3   int
1629+12  0.53177  927.29     2.30   164   -2.771   -0.0176   -3.754  0.451     26.4     0.3   int
1629+12  0.53177  927.29     2.30   165   -2.950   -0.0156   -3.933  0.401     26.4     0.3   int
1629+12  0.53177  927.29     2.30   166   -2.950   -0.0156   -3.933  0.401     26.4     0.3   int
1629+12  0.53177  927.29     2.30   167   -3.057   -0.0157   -4.040  0.404     26.4     0.3   int
1629+12  0.53177  927.29     2.30   168   -3.057   -0.0156   -4.040  0.401     26.4     0.3   int
1629+12  0.53177  927.29     2.30   169   -4.988   -0.0154   -5.971  0.395     26.4     0.3   int
1629+12  0.53177  927.29     2.30   170   -5.274   -0.0154   -6.258  0.395     26.4     0.3   int
1629+12  0.53177  927.29     2.30   171   -5.417   -0.0153   -6.401  0.393     26.4     0.3   int
1629+12  0.53177  927.29     2.30   172   -5.453   -0.0142   -6.436  0.365     26.4     0.3   int
1629+12  0.53177  927.29     2.30   173   -5.596   -0.0141   -6.579  0.362     26.4     0.3   int
1629+12  0.53177  927.29     2.30   174   -5.882   -0.0141   -6.866  0.362     26.4     0.3   int
1629+12  0.53177  927.29     2.30   175   -6.025   -0.014   -7.009  0.359     26.4     0.3   int
1629+12  0.53177  927.29     2.30   176   -6.025   -0.0128   -7.009  0.328     26.4     0.3   int
1629+12  0.53177  927.29     2.30   177   -6.168   -0.0127   -7.152  0.325     26.4     0.3   int
1629+12  0.53177  927.29     2.30   178   -6.454   -0.0127   -7.438  0.325     26.4     0.3   int
1629+12  0.53177  927.29     2.30   179   -6.597   -0.0136   -7.581  0.348     26.4     0.3   int
1629+12  0.53177  927.29     2.30   180   -6.597   -0.0127   -7.581  0.325     26.4     0.3   int
1629+12  0.53177  927.29     2.30   181   -6.776   -0.0137   -7.760  0.351     26.4     0.3   int
1629+12  0.53177  927.29     2.30   182   -6.776   -0.0128   -7.760  0.328     26.4     0.3   int
1629+12  0.53177  927.29     2.30   183   -6.919   -0.0137   -7.903  0.351     26.4     0.3   int
1629+12  0.53177  927.29     2.30   184   -7.205   -0.0137   -8.189  0.351     26.4     0.3   int
1629+12  0.53177  927.29     2.30   185   -7.348   -0.0136   -8.332  0.348     26.4     0.3   int
1629+12  0.53177  927.29     2.30   186   -7.348   -0.0125   -8.332  0.32     26.4     0.3   int
1629+12  0.53177  927.29     2.30   187   -7.491   -0.0124   -8.475  0.317     26.4     0.3   int
1629+12  0.53177  927.29     2.30   188   -8.815   -0.0112   -9.798  0.286     26.4     0.3   int
1629+12  0.53177  927.29     2.30   189   -8.993   -0.0112   -9.977  0.286     26.4     0.3   int
1629+12  0.53177  927.29     2.30   190   -9.423   -0.0117   -10.406  0.3     26.4     0.3   int
1629+12  0.53177  927.29     2.30   191   -9.709   -0.0117   -10.692  0.3     26.4     0.3   int
1629+12  0.53177  927.29     2.30   192   -9.852   -0.0116   -10.835  0.297     26.4     0.3   int
1629+12  0.53177  927.29     2.30   193   -9.852   -0.0104   -10.835  0.267     26.4     0.3   int
1629+12  0.53177  927.29     2.30   194   -9.995   -0.0102   -10.978  0.261     26.4     0.3   int
1629+12  0.53177  927.29     2.30   195   -9.995   -0.0102   -10.978  0.261     26.4     0.3   int
1629+12  0.53177  927.29     2.30   196   -10.424   -0.0102   -11.407  0.261     26.4     0.3   int
1629+12  0.53177  927.29     2.30   197   -10.460   -0.00886   -11.443  0.227     26.4     0.3   int
1629+12  0.53177  927.29     2.30   198   -10.603   -0.00996   -11.586  0.255     26.4     0.3   int
1629+12  0.53177  927.29     2.30   199   -10.603   -0.00875   -11.586  0.224     26.4     0.3   int
1629+12  0.53177  927.29     2.30   200   -11.497   -0.00864   -12.480  0.222     26.4     0.3   int
1629+12  0.53177  927.29     2.30   201   -11.640   -0.00864   -12.623  0.222     26.4     0.3   int
1629+12  0.53177  927.29     2.30   202   -11.640   -0.00864   -12.623  0.222     26.4     0.3   int
1629+12  0.53177  927.29     2.30   203   -11.640   -0.00864   -12.623  0.222     26.4     0.3   int
1629+12  0.53177  927.29     2.30   204   -11.783   -0.00886   -12.766  0.227     26.4     0.3   int
1629+12  0.53177  927.29     2.30   205   -12.069   -0.0105   -13.053  0.269     26.4     0.3   int
1629+12  0.53177  927.29     2.30   206   -12.212   -0.0106   -13.196  0.272     26.4     0.3   int
1629+12  0.53177  927.29     2.30   207   -12.355   -0.0104   -13.339  0.267     26.4     0.3   int
1629+12  0.53177  927.29     2.30   208   -12.498   -0.00941   -13.482  0.241     26.4     0.3   int
1629+12  0.53177  927.29     2.30   209   -12.927   -0.00766   -13.911  0.196     26.4     0.3   int
1629+12  0.53177  927.29     2.30   210   -12.927   -0.00766   -13.911  0.196     26.4     0.3   int
1629+12  0.53177  927.29     2.30   211   -13.821   -0.00809   -14.805  0.208     26.4     0.3   int
1629+12  0.53177  927.29     2.30   212   -14.715   -0.00744   -15.699  0.191     26.4     0.3   int
1629+12  0.53177  927.29     2.30   213   -14.859   -0.00645   -15.842  0.165     26.4     0.3   int
1629+12  0.53177  927.29     2.30   214   -15.002   -0.00513   -15.985  0.131     26.4     0.3   int
1629+12  0.53177  927.29     2.30   215   -15.180   -0.0049   -16.164  0.126     26.4     0.3   int
1629+12  0.53177  927.29     2.30   216   -15.323   -0.00524   -16.307  0.134     26.4     0.3   int
1629+12  0.53177  927.29     2.30   217   -15.466   -0.0049   -16.450  0.126     26.4     0.3   int
1629+12  0.53177  927.29     2.30   218   -15.466   -0.0049   -16.450  0.126     26.4     0.3   int
1629+12  0.53177  927.29     2.30   219   -18.256   -0.00447   -19.239  0.115     26.4     0.3   int
1629+12  0.53177  927.29     2.30   220   -18.256   -0.00447   -19.239  0.115     26.4     0.3   int
1629+12  0.53177  927.29     2.30   221   -19.293   -0.00513   -20.277  0.131     26.4     0.3   int
1629+12  0.53177  927.29     2.30   222   -19.436   -0.0049   -20.420  0.126     26.4     0.3   int
1629+12  0.53177  927.29     2.30   223   -19.865   -0.00359   -20.849  0.092     26.4     0.3   int
1629+12  0.53177  927.29     2.30   224   -20.044   -0.00215   -21.028  0.0552     26.4     0.3   int
1629+12  0.53177  927.29     2.30   225   -20.187   -0.000717   -21.171  0.0184     26.4     0.3   int
1629+12  0.53177  927.29     2.30   226   -20.473   -0.000937   -21.457  0.024     26.4     0.3   int
1629+12  0.53177  927.29     2.30   227   -20.473   -0.000937   -21.457  0.024     26.4     0.3   int
1629+12  0.53177  927.29     2.30   228   -21.189   -0.00281   -22.172  0.0722     26.4     0.3   int
1629+12  0.53177  927.29     2.30   229   -21.510   -0.00381   -22.494  0.0976     26.4     0.3   int
1629+12  0.53177  927.29     2.30   230   -21.653   -0.00348   -22.637  0.0891     26.4     0.3   int
1629+12  0.53177  927.29     2.30   231   -21.797   -0.00392   -22.780  0.1     26.4     0.3   int
1629+12  0.53177  927.29     2.30   232   -21.940   -0.00392   -22.923  0.1     26.4     0.3   int
1629+12  0.53177  927.29     2.30   233   -21.940   -0.00392   -22.923  0.1     26.4     0.3   int
1629+12  0.53177  927.29     2.30   234   -21.940   -0.000827   -22.923  0.0212     26.4     0.3   int
1629+12  0.53177  927.29     2.30   235   -21.940   -0.000827   -22.923  0.0212     26.4     0.3   int
1629+12  0.53177  927.29     2.30   236   -22.083   -0.000827   -23.066  0.0212     26.4     0.3   int
1629+12  0.53177  927.29     2.30   237   -22.369   -0.000937   -23.352  0.024     26.4     0.3   int
1629+12  0.53177  927.29     2.30   238   -22.691   0.000279   -23.674  -0.00715     26.4     0.3   int
1629+12  0.53177  927.29     2.30   239   -22.691   0.000279   -23.674  -0.00715     26.4     0.3   int
1629+12  0.53177  927.29     2.30   240   -22.834   0.000943   -23.817  -0.0242     26.4     0.3   int
1629+12  0.53177  927.29     2.30   241   -23.263   -0.000717   -24.246  0.0184     26.4     0.3   int
1629+12  0.53177  927.29     2.30   242   -23.406   -0.000937   -24.389  0.024     26.4     0.3   int
1629+12  0.53177  927.29     2.30   243   -23.585   -0.000827   -24.568  0.0212     26.4     0.3   int
1629+12  0.53177  927.29     2.30   244   -24.729   -0.000274   -25.713  0.00704     26.4     0.3   int
1629+12  0.53177  927.29     2.30   245   -24.908   -0.000496   -25.891  0.0127     26.4     0.3   int
1629+12  0.53177  927.29     2.30   246   -25.051   0.00183   -26.034  -0.0469     26.4     0.3   int
1629+12  0.53177  927.29     2.30   247   -25.194   0.00172   -26.177  -0.044     26.4     0.3   int
1629+12  0.53177  927.29     2.30   248   -25.194   0.00172   -26.177  -0.044     26.4     0.3   int
1629+12  0.53177  927.29     2.30   249   -26.803   -0.000164   -27.787  0.00419     26.4     0.3   int
1629+12  0.53177  927.29     2.30   250   -26.982   0.00205   -27.966  -0.0526     26.4     0.3   int
1629+12  0.53177  927.29     2.30   251   -27.089   0.00183   -28.073  -0.0469     26.4     0.3   int
1629+12  0.53177  927.29     2.30   252   -27.232   0.00205   -28.216  -0.0526     26.4     0.3   int
1629+12  0.53177  927.29     2.30   253   -28.127   0.00227   -29.110  -0.0583     26.4     0.3   int
1629+12  0.53177  927.29     2.30   254   -28.305   0.00227   -29.289  -0.0583     26.4     0.3   int
1629+12  0.53177  927.29     2.30   255   -29.021   0.00161   -30.004  -0.0412     26.4     0.3   int
1629+12  0.53177  927.29     2.30   256   -29.021   0.00161   -30.004  -0.0412     26.4     0.3   int
1629+12  0.53177  927.29     2.30   257   -29.021   0.00161   -30.004  -0.0412     26.4     0.3   int
1629+12  0.53177  927.29     2.30   258   -29.021   0.00161   -30.004  -0.0412     26.4     0.3   int
1629+12  0.53177  927.29     2.30   259   -29.307   0.00139   -30.290  -0.0355     26.4     0.3   int
1629+12  0.53177  927.29     2.30   260   -29.307   0.00139   -30.290  -0.0355     26.4     0.3   int
1629+12  0.53177  927.29     2.30   261   -29.450   0.00139   -30.433  -0.0355     26.4     0.3   int
1629+12  0.53177  927.29     2.30   262   -29.593   -0.000496   -30.576  0.0127     26.4     0.3   int
1629+12  0.53177  927.29     2.30   263   -29.736   -0.0016   -30.719  0.041     26.4     0.3   int
1629+12  0.53177  927.29     2.30   264   -29.736   -0.0016   -30.719  0.041     26.4     0.3   int
1629+12  0.53177  927.29     2.30   265   -29.879   -0.0016   -30.862  0.041     26.4     0.3   int
1629+12  0.53177  927.29     2.30   266   -30.022   -0.0016   -31.005  0.041     26.4     0.3   int
1629+12  0.53177  927.29     2.30   267   -30.022   -0.0016   -31.005  0.041     26.4     0.3   int
1629+12  0.53177  927.29     2.30   268   -30.201   -0.0016   -31.184  0.041     26.4     0.3   int
1629+12  0.53177  927.29     2.30   269   -30.201   -0.000385   -31.184  0.00986     26.4     0.3   int
1629+12  0.53177  927.29     2.30   270   -30.344   -0.000274   -31.327  0.00704     26.4     0.3   int
1629+12  0.53177  927.29     2.30   271   -30.773   -0.000164   -31.756  0.00419     26.4     0.3   int
1629+12  0.53177  927.29     2.30   272   -30.773   0.00105   -31.756  -0.027     26.4     0.3   int
1629+12  0.53177  927.29     2.30   273   -30.952   0.00128   -31.935  -0.0327     26.4     0.3   int
1629+12  0.53177  927.29     2.30   274   -31.059   0.00105   -32.043  -0.027     26.4     0.3   int
1629+12  0.53177  927.29     2.30   275   -31.381   0.00116   -32.364  -0.0298     26.4     0.3   int
1629+12  0.53177  927.29     2.30   276   -31.381   0.00139   -32.364  -0.0355     26.4     0.3   int
1629+12  0.53177  927.29     2.30   277   -31.381   0.00139   -32.364  -0.0355     26.4     0.3   int
1629+12  0.53177  927.29     2.30   278   -31.524   0.000943   -32.507  -0.0242     26.4     0.3   int
1629+12  0.53177  927.29     2.30   279   -31.631   -0.00127   -32.615  0.0325     26.4     0.3   int
1629+12  0.53177  927.29     2.30   280   -32.382   -0.0016   -33.366  0.041     26.4     0.3   int
1629+12  0.53177  927.29     2.30   281   -32.525   -0.00171   -33.509  0.0439     26.4     0.3   int
1629+12  0.53177  927.29     2.30   282   -32.704   -0.000496   -33.688  0.0127     26.4     0.3   int
1629+12  0.53177  927.29     2.30   283   -34.170   -0.000496   -35.154  0.0127     26.4     0.3   int
1629+12  0.53177  927.29     2.30   284   -36.209   0.000279   -37.192  -0.00715     26.4     0.3   int
1830-211  0.19259  1191.02     0.00   0   -204.593   0.00157   -184.943  -0.1     73.1     2.2   int
1830-211  0.19259  1191.02     0.00   1   -204.593   0.00157   -184.943  -0.1     73.1     2.2   int
1830-211  0.19259  1191.02     0.00   2   -201.693   -0.00204   -182.043  0.13     73.1     2.2   int
1830-211  0.19259  1191.02     0.00   3   -196.593   0.00102   -176.943  -0.0652     73.1     2.2   int
1830-211  0.19259  1191.02     0.00   4   -195.993   0.00102   -176.343  -0.0652     73.1     2.2   int
1830-211  0.19259  1191.02     0.00   5   -195.993   0.00102   -176.343  -0.0652     73.1     2.2   int
1830-211  0.19259  1191.02     0.00   6   -188.693   -0.00102   -169.043  0.0652     73.1     2.2   int
1830-211  0.19259  1191.02     0.00   7   -187.493   -0.00136   -167.843  0.0869     73.1     2.2   int
1830-211  0.19259  1191.02     0.00   8   -187.493   -0.00136   -167.843  0.0869     73.1     2.2   int
1830-211  0.19259  1191.02     0.00   9   -176.293   -0.00109   -156.643  0.0695     73.1     2.2   int
1830-211  0.19259  1191.02     0.00   10   -176.293   -0.00109   -156.643  0.0695     73.1     2.2   int
1830-211  0.19259  1191.02     0.00   11   -164.593   -0.00143   -144.943  0.0912     73.1     2.2   int
1830-211  0.19259  1191.02     0.00   12   -164.593   -0.00143   -144.943  0.0912     73.1     2.2   int
1830-211  0.19259  1191.02     0.00   13   -161.393   0.0015   -141.743  -0.0956     73.1     2.2   int
1830-211  0.19259  1191.02     0.00   14   -160.793   0.0015   -141.143  -0.0956     73.1     2.2   int
1830-211  0.19259  1191.02     0.00   15   -160.793   0.0015   -141.143  -0.0956     73.1     2.2   int
1830-211  0.19259  1191.02     0.00   16   -152.193   0.00109   -132.543  -0.0695     73.1     2.2   int
1830-211  0.19259  1191.02     0.00   17   -151.593   0.00109   -131.943  -0.0695     73.1     2.2   int
1830-211  0.19259  1191.02     0.00   18   -148.493   0   -128.843  -0     73.1     2.2   int
1830-211  0.19259  1191.02     0.00   19   -147.893   0   -128.243  -0     73.1     2.2   int
1830-211  0.19259  1191.02     0.00   20   -144.793   0.00136   -125.143  -0.0869     73.1     2.2   int
1830-211  0.19259  1191.02     0.00   21   -144.793   0.00136   -125.143  -0.0869     73.1     2.2   int
1830-211  0.19259  1191.02     0.00   22   -137.493   -0.00136   -117.843  0.0869     73.1     2.2   int
1830-211  0.19259  1191.02     0.00   23   -136.893   -0.00136   -117.243  0.0869     73.1     2.2   int
1830-211  0.19259  1191.02     0.00   24   -124.493   -0.00129   -104.843  0.0826     73.1     2.2   int
1830-211  0.19259  1191.02     0.00   25   -123.893   -0.0017   -104.243  0.109     73.1     2.2   int
1830-211  0.19259  1191.02     0.00   26   -123.293   -0.0017   -103.643  0.109     73.1     2.2   int
1830-211  0.19259  1191.02     0.00   27   -123.293   -0.0017   -103.643  0.109     73.1     2.2   int
1830-211  0.19259  1191.02     0.00   28   -120.093   0.00136   -100.443  -0.0869     73.1     2.2   int
1830-211  0.19259  1191.02     0.00   29   -119.493   0.00136   -99.843  -0.0869     73.1     2.2   int
1830-211  0.19259  1191.02     0.00   30   -119.493   0.00136   -99.843  -0.0869     73.1     2.2   int
1830-211  0.19259  1191.02     0.00   31   -117.593   0.00102   -97.943  -0.0652     73.1     2.2   int
1830-211  0.19259  1191.02     0.00   32   -96.033   0.00143   -76.383  -0.0912     73.1     2.2   int
1830-211  0.19259  1191.02     0.00   33   -95.413   0.00143   -75.763  -0.0912     73.1     2.2   int
1830-211  0.19259  1191.02     0.00   34   -86.303   -0.00204   -66.653  0.13     73.1     2.2   int
1830-211  0.19259  1191.02     0.00   35   -86.303   -0.00204   -66.653  0.13     73.1     2.2   int
1830-211  0.19259  1191.02     0.00   36   -83.073   0.00143   -63.423  -0.0912     73.1     2.2   int
1830-211  0.19259  1191.02     0.00   37   -82.453   0.00143   -62.803  -0.0912     73.1     2.2   int
1830-211  0.19259  1191.02     0.00   38   -81.213   0.00164   -61.563  -0.104     73.1     2.2   int
1830-211  0.19259  1191.02     0.00   39   -81.213   0.00164   -61.563  -0.104     73.1     2.2   int
1830-211  0.19259  1191.02     0.00   40   -60.383   -0.00232   -40.733  0.148     73.1     2.2   int
1830-211  0.19259  1191.02     0.00   41   -58.543   -0.00266   -38.893  0.17     73.1     2.2   int
1830-211  0.19259  1191.02     0.00   42   -55.443   -0.00225   -35.793  0.143     73.1     2.2   int
1830-211  0.19259  1191.02     0.00   43   -54.823   -0.00225   -35.173  0.143     73.1     2.2   int
1830-211  0.19259  1191.02     0.00   44   -52.943   -0.0015   -33.293  0.0956     73.1     2.2   int
1830-211  0.19259  1191.02     0.00   45   -51.703   -0.00143   -32.053  0.0912     73.1     2.2   int
1830-211  0.19259  1191.02     0.00   46   -49.253   -0.00184   -29.603  0.117     73.1     2.2   int
1830-211  0.19259  1191.02     0.00   47   -47.433   -0.00245   -27.783  0.156     73.1     2.2   int
1830-211  0.19259  1191.02     0.00   48   -45.613   -0.00334   -25.963  0.213     73.1     2.2   int
1830-211  0.19259  1191.02     0.00   49   -43.793   -0.00402   -24.143  0.256     73.1     2.2   int
1830-211  0.19259  1191.02     0.00   50   -43.793   -0.00402   -24.143  0.256     73.1     2.2   int
1830-211  0.19259  1191.02     0.00   51   -42.553   -0.00395   -22.903  0.252     73.1     2.2   int
1830-211  0.19259  1191.02     0.00   52   -40.043   -0.00293   -20.393  0.187     73.1     2.2   int
1830-211  0.19259  1191.02     0.00   53   -40.043   -0.00293   -20.393  0.187     73.1     2.2   int
1830-211  0.19259  1191.02     0.00   54   -38.843   -0.00375   -19.193  0.239     73.1     2.2   int
1830-211  0.19259  1191.02     0.00   55   -38.223   -0.00375   -18.573  0.239     73.1     2.2   int
1830-211  0.19259  1191.02     0.00   56   -37.053   -0.00545   -17.403  0.348     73.1     2.2   int
1830-211  0.19259  1191.02     0.00   57   -36.443   -0.00545   -16.793  0.348     73.1     2.2   int
1830-211  0.19259  1191.02     0.00   58   -34.613   -0.00614   -14.963  0.391     73.1     2.2   int
1830-211  0.19259  1191.02     0.00   59   -33.413   -0.00695   -13.763  0.443     73.1     2.2   int
1830-211  0.19259  1191.02     0.00   60   -32.803   -0.00695   -13.153  0.443     73.1     2.2   int
1830-211  0.19259  1191.02     0.00   61   -31.043   -0.00934   -11.393  0.596     73.1     2.2   int
1830-211  0.19259  1191.02     0.00   62   -29.853   -0.0104   -10.203  0.665     73.1     2.2   int
1830-211  0.19259  1191.02     0.00   63   -29.233   -0.0104   -9.583  0.665     73.1     2.2   int
1830-211  0.19259  1191.02     0.00   64   -27.993   -0.0102   -8.343  0.652     73.1     2.2   int
1830-211  0.19259  1191.02     0.00   65   -27.373   -0.0102   -7.723  0.652     73.1     2.2   int
1830-211  0.19259  1191.02     0.00   66   -26.143   -0.0102   -6.493  0.647     73.1     2.2   int
1830-211  0.19259  1191.02     0.00   67   -26.143   -0.0102   -6.493  0.647     73.1     2.2   int
1830-211  0.19259  1191.02     0.00   68   -23.723   -0.0114   -4.073  0.726     73.1     2.2   int
1830-211  0.19259  1191.02     0.00   69   -21.923   -0.0127   -2.273  0.813     73.1     2.2   int
1830-211  0.19259  1191.02     0.00   70   -20.123   -0.0139   -0.473  0.886     73.1     2.2   int
1830-211  0.19259  1191.02     0.00   71   -18.343   -0.0157   1.307  1     73.1     2.2   int
1830-211  0.19259  1191.02     0.00   72   -18.343   -0.0157   1.307  1     73.1     2.2   int
1830-211  0.19259  1191.02     0.00   73   -17.053   -0.0144   2.597  0.917     73.1     2.2   int
1830-211  0.19259  1191.02     0.00   74   -16.433   -0.0144   3.217  0.917     73.1     2.2   int
1830-211  0.19259  1191.02     0.00   75   -15.153   -0.0132   4.497  0.843     73.1     2.2   int
1830-211  0.19259  1191.02     0.00   76   -14.543   -0.0132   5.107  0.843     73.1     2.2   int
1830-211  0.19259  1191.02     0.00   77   -13.253   -0.012   6.397  0.765     73.1     2.2   int
1830-211  0.19259  1191.02     0.00   78   -12.633   -0.012   7.017  0.765     73.1     2.2   int
1830-211  0.19259  1191.02     0.00   79   -10.683   -0.00948   8.967  0.604     73.1     2.2   int
1830-211  0.19259  1191.02     0.00   80   -8.713   -0.00661   10.937  0.422     73.1     2.2   int
1830-211  0.19259  1191.02     0.00   81   -7.396   -0.00457   12.254  0.291     73.1     2.2   int
1830-211  0.19259  1191.02     0.00   82   -6.779   -0.00457   12.871  0.291     73.1     2.2   int
1830-211  0.19259  1191.02     0.00   83   -4.877   -0.00334   14.773  0.213     73.1     2.2   int
1830-211  0.19259  1191.02     0.00   84   -3.606   -0.00245   16.044  0.156     73.1     2.2   int
1830-211  0.19259  1191.02     0.00   85   -2.988   -0.00245   16.662  0.156     73.1     2.2   int
1830-211  0.19259  1191.02     0.00   86   -1.821   -0.00409   17.829  0.261     73.1     2.2   int
1830-211  0.19259  1191.02     0.00   87   -1.204   -0.00409   18.446  0.261     73.1     2.2   int
1830-211  0.19259  1191.02     0.00   88   0.544   -0.00661   20.194  0.422     73.1     2.2   int
1830-211  0.19259  1191.02     0.00   89   1.706   -0.00839   21.356  0.535     73.1     2.2   int
1830-211  0.19259  1191.02     0.00   90   2.322   -0.00839   21.972  0.535     73.1     2.2   int
1830-211  0.19259  1191.02     0.00   91   3.515   -0.00941   23.165  0.6     73.1     2.2   int
1830-211  0.19259  1191.02     0.00   92   4.132   -0.00941   23.782  0.6     73.1     2.2   int
1830-211  0.19259  1191.02     0.00   93   5.355   -0.00968   25.005  0.617     73.1     2.2   int
1830-211  0.19259  1191.02     0.00   94   7.185   -0.0102   26.835  0.652     73.1     2.2   int
1830-211  0.19259  1191.02     0.00   95   7.802   -0.0102   27.452  0.652     73.1     2.2   int
1830-211  0.19259  1191.02     0.00   96   8.961   -0.0121   28.611  0.769     73.1     2.2   int
1830-211  0.19259  1191.02     0.00   97   9.578   -0.0121   29.228  0.769     73.1     2.2   int
1830-211  0.19259  1191.02     0.00   98   10.776   -0.013   30.426  0.826     73.1     2.2   int
1830-211  0.19259  1191.02     0.00   99   16.927   -0.0134   36.577  0.852     73.1     2.2   int
1830-211  0.19259  1191.02     0.00   100   16.927   -0.0134   36.577  0.852     73.1     2.2   int
1830-211  0.19259  1191.02     0.00   101   18.167   -0.0132   37.817  0.843     73.1     2.2   int
1830-211  0.19259  1191.02     0.00   102   18.787   -0.0132   38.437  0.843     73.1     2.2   int
1830-211  0.19259  1191.02     0.00   103   20.097   -0.0115   39.747  0.73     73.1     2.2   int
1830-211  0.19259  1191.02     0.00   104   20.707   -0.0115   40.357  0.73     73.1     2.2   int
1830-211  0.19259  1191.02     0.00   105   21.997   -0.0101   41.647  0.643     73.1     2.2   int
1830-211  0.19259  1191.02     0.00   106   22.617   -0.0101   42.267  0.643     73.1     2.2   int
1830-211  0.19259  1191.02     0.00   107   22.617   -0.0101   42.267  0.643     73.1     2.2   int
1830-211  0.19259  1191.02     0.00   108   23.817   -0.011   43.467  0.699     73.1     2.2   int
1830-211  0.19259  1191.02     0.00   109   24.437   -0.011   44.087  0.699     73.1     2.2   int
1830-211  0.19259  1191.02     0.00   110   26.247   -0.0118   45.897  0.752     73.1     2.2   int
1830-211  0.19259  1191.02     0.00   111   28.057   -0.0129   47.707  0.821     73.1     2.2   int
1830-211  0.19259  1191.02     0.00   112   28.057   -0.0129   47.707  0.821     73.1     2.2   int
1830-211  0.19259  1191.02     0.00   113   29.307   -0.0125   48.957  0.8     73.1     2.2   int
1830-211  0.19259  1191.02     0.00   114   29.927   -0.0125   49.577  0.8     73.1     2.2   int
1830-211  0.19259  1191.02     0.00   115   34.947   -0.0104   54.597  0.665     73.1     2.2   int
1830-211  0.19259  1191.02     0.00   116   35.567   -0.0104   55.217  0.665     73.1     2.2   int
1830-211  0.19259  1191.02     0.00   117   37.487   -0.00886   57.137  0.565     73.1     2.2   int
1830-211  0.19259  1191.02     0.00   118   41.247   -0.0075   60.897  0.478     73.1     2.2   int
1830-211  0.19259  1191.02     0.00   119   43.147   -0.00627   62.797  0.4     73.1     2.2   int
1830-211  0.19259  1191.02     0.00   120   45.037   -0.00525   64.687  0.335     73.1     2.2   int
1830-211  0.19259  1191.02     0.00   121   46.927   -0.00429   66.577  0.274     73.1     2.2   int
1830-211  0.19259  1191.02     0.00   122   48.827   -0.00327   68.477  0.209     73.1     2.2   int
1830-211  0.19259  1191.02     0.00   123   50.067   -0.00314   69.717  0.2     73.1     2.2   int
1830-211  0.19259  1191.02     0.00   124   53.747   -0.00354   73.397  0.226     73.1     2.2   int
1830-211  0.19259  1191.02     0.00   125   55.657   -0.00225   75.307  0.143     73.1     2.2   int
1830-211  0.19259  1191.02     0.00   126   56.277   -0.00225   75.927  0.143     73.1     2.2   int
1830-211  0.19259  1191.02     0.00   127   60.137   0.00164   79.787  -0.104     73.1     2.2   int
1830-211  0.19259  1191.02     0.00   128   62.627   0.00204   82.277  -0.13     73.1     2.2   int
1830-211  0.19259  1191.02     0.00   129   62.627   0.00204   82.277  -0.13     73.1     2.2   int
1830-211  0.19259  1191.02     0.00   130   63.857   0.00191   83.507  -0.122     73.1     2.2   int
1830-211  0.19259  1191.02     0.00   131   64.467   0.00191   84.117  -0.122     73.1     2.2   int
1830-211  0.19259  1191.02     0.00   132   71.797   0   91.447  -0     73.1     2.2   int
1830-211  0.19259  1191.02     0.00   133   79.247   0.00109   98.897  -0.0695     73.1     2.2   int
1830-211  0.19259  1191.02     0.00   134   81.117   0.00136   100.767  -0.0869     73.1     2.2   int
1830-211  0.19259  1191.02     0.00   135   82.297   0   101.947  -0     73.1     2.2   int
1830-211  0.19259  1191.02     0.00   136   82.907   0   102.557  -0     73.1     2.2   int
1830-211  0.19259  1191.02     0.00   137   84.087   -0.0015   103.737  0.0956     73.1     2.2   int
1830-211  0.19259  1191.02     0.00   138   84.697   -0.0015   104.347  0.0956     73.1     2.2   int
1830-211  0.19259  1191.02     0.00   139   84.697   -0.0015   104.347  0.0956     73.1     2.2   int
1830-211  0.19259  1191.02     0.00   140   86.567   -0.00123   106.217  0.0782     73.1     2.2   int
1830-211  0.19259  1191.02     0.00   141   92.097   -0.00164   111.747  0.104     73.1     2.2   int
1830-211  0.19259  1191.02     0.00   142   92.097   -0.00164   111.747  0.104     73.1     2.2   int
1830-211  0.19259  1191.02     0.00   143   95.347   0.00232   114.997  -0.148     73.1     2.2   int
1830-211  0.19259  1191.02     0.00   144   95.967   0.00232   115.617  -0.148     73.1     2.2   int
1830-211  0.19259  1191.02     0.00   145   95.967   0.00232   115.617  -0.148     73.1     2.2   int
1830-211  0.19259  1191.02     0.00   146   97.157   0.00123   116.807  -0.0782     73.1     2.2   int
1830-211  0.19259  1191.02     0.00   147   97.777   0.00123   117.427  -0.0782     73.1     2.2   int
1830-211  0.19259  1191.02     0.00   148   100.767   -0.00102   120.417  0.0652     73.1     2.2   int
1830-211  0.19259  1191.02     0.00   149   100.767   -0.00102   120.417  0.0652     73.1     2.2   int
1830-211  0.19259  1191.02     0.00   150   115.507   -0.00123   135.157  0.0782     73.1     2.2   int
1830-211  0.19259  1191.02     0.00   151   119.807   -0.00164   139.457  0.104     73.1     2.2   int
1830-211  0.19259  1191.02     0.00   152   119.807   -0.00164   139.457  0.104     73.1     2.2   int
1830-211  0.19259  1191.02     0.00   153   121.707   -0.00116   141.357  0.0739     73.1     2.2   int
1830-211  0.19259  1191.02     0.00   154   127.407   0.00157   147.057  -0.1     73.1     2.2   int
1830-211  0.19259  1191.02     0.00   155   127.407   0.00157   147.057  -0.1     73.1     2.2   int
1830-211  0.19259  1191.02     0.00   156   129.207   0.00109   148.857  -0.0695     73.1     2.2   int
1830-211  0.19259  1191.02     0.00   157   136.707   0.00245   156.357  -0.156     73.1     2.2   int
1830-211  0.19259  1191.02     0.00   158   136.707   0.00245   156.357  -0.156     73.1     2.2   int
1830-211  0.19259  1191.02     0.00   159   137.907   0.00218   157.557  -0.139     73.1     2.2   int
1830-211  0.19259  1191.02     0.00   160   138.507   0.00218   158.157  -0.139     73.1     2.2   int
1830-211  0.19259  1191.02     0.00   161   140.307   0.00123   159.957  -0.0782     73.1     2.2   int
1830-211  0.19259  1191.02     0.00   162   143.907   -0.0015   163.557  0.0956     73.1     2.2   int
1830-211  0.19259  1191.02     0.00   163   145.707   -0.00184   165.357  0.117     73.1     2.2   int
1830-211  0.19259  1191.02     0.00   164   147.007   -0.00143   166.657  0.0912     73.1     2.2   int
1830-211  0.19259  1191.02     0.00   165   147.607   -0.00143   167.257  0.0912     73.1     2.2   int
1830-211  0.19259  1191.02     0.00   166   155.007   -0.00143   174.657  0.0912     73.1     2.2   int
1830-211  0.19259  1191.02     0.00   167   155.007   -0.00143   174.657  0.0912     73.1     2.2   int
1830-211  0.19259  1191.02     0.00   168   156.307   -0.00136   175.957  0.0869     73.1     2.2   int
1830-211  0.19259  1191.02     0.00   169   167.407   -0.00136   187.057  0.0869     73.1     2.2   int
1830-211  0.19259  1191.02     0.00   170   167.407   -0.00136   187.057  0.0869     73.1     2.2   int
1830-211  0.19259  1191.02     0.00   171   171.207   0.00116   190.857  -0.0739     73.1     2.2   int
1830-211  0.19259  1191.02     0.00   172   171.807   0.00116   191.457  -0.0739     73.1     2.2   int
1830-211  0.19259  1191.02     0.00   173   178.607   0.00184   198.257  -0.117     73.1     2.2   int
1830-211  0.19259  1191.02     0.00   174   179.207   0.00184   198.857  -0.117     73.1     2.2   int
1830-211  0.19259  1191.02     0.00   175   179.207   0.00184   198.857  -0.117     73.1     2.2   int
1830-211  0.19259  1191.02     0.00   176   186.607   0.0015   206.257  -0.0956     73.1     2.2   int
1830-211  0.19259  1191.02     0.00   177   187.907   0.00204   207.557  -0.13     73.1     2.2   int
1830-211  0.19259  1191.02     0.00   178   188.507   0.00204   208.157  -0.13     73.1     2.2   int
1830-211  0.19259  1191.02     0.00   179   195.207   0   214.857  -0     73.1     2.2   int
1830-211  0.19259  1191.02     0.00   180   195.807   0   215.457  -0     73.1     2.2   int
1830-211  0.19259  1191.02     0.00   181   201.307   -0.00109   220.957  0.0695     73.1     2.2   int
1830-211  0.19259  1191.02     0.00   182   203.107   -0.00218   222.757  0.139     73.1     2.2   int
1830-211  0.19259  1191.02     0.00   183   203.107   -0.00218   222.757  0.139     73.1     2.2   int
1830-211  0.19259  1191.02     0.00   184   204.407   -0.00184   224.057  0.117     73.1     2.2   int
1830-211  0.19259  1191.02     0.00   185   205.007   -0.00184   224.657  0.117     73.1     2.2   int
1830-211  0.88524  753.20     10.50   0   -603.022   0.00036   -462.322  -0.00759     202.2     32.4   int
1830-211  0.88524  753.20     10.50   1   -578.122   0.00122   -437.422  -0.0256     202.2     32.4   int
1830-211  0.88524  753.20     10.50   2   -547.122   0.000518   -406.422  -0.0109     202.2     32.4   int
1830-211  0.88524  753.20     10.50   3   -519.122   -0.000464   -378.422  0.00977     202.2     32.4   int
1830-211  0.88524  753.20     10.50   4   -485.022   -0.0013   -344.322  0.0274     202.2     32.4   int
1830-211  0.88524  753.20     10.50   5   -453.922   -0.00355   -313.222  0.0748     202.2     32.4   int
1830-211  0.88524  753.20     10.50   6   -420.822   -0.00298   -280.122  0.0627     202.2     32.4   int
1830-211  0.88524  753.20     10.50   7   -359.722   5.54e-06   -219.022  -0.000117     202.2     32.4   int
1830-211  0.88524  753.20     10.50   8   -333.822   -0.000129   -193.122  0.00271     202.2     32.4   int
1830-211  0.88524  753.20     10.50   9   -299.722   2.25e-05   -159.022  -0.000473     202.2     32.4   int
1830-211  0.88524  753.20     10.50   10   -267.622   -0.00195   -126.922  0.041     202.2     32.4   int
1830-211  0.88524  753.20     10.50   11   -236.522   -0.00419   -95.822  0.0883     202.2     32.4   int
1830-211  0.88524  753.20     10.50   12   -203.422   -0.0032   -62.722  0.0673     202.2     32.4   int
1830-211  0.88524  753.20     10.50   13   -173.422   -0.00389   -32.722  0.082     202.2     32.4   int
1830-211  0.88524  753.20     10.50   14   -142.322   -0.0106   -1.622  0.224     202.2     32.4   int
1830-211  0.88524  753.20     10.50   15   -110.222   -0.0226   30.478  0.475     202.2     32.4   int
1830-211  0.88524  753.20     10.50   16   -81.222   -0.0368   59.478  0.776     202.2     32.4   int
1830-211  0.88524  753.20     10.50   17   -49.122   -0.0475   91.578  1     202.2     32.4   int
1830-211  0.88524  753.20     10.50   18   -17.022   -0.0467   123.678  0.984     202.2     32.4   int
1830-211  0.88524  753.20     10.50   19   14.978   -0.0386   155.678  0.813     202.2     32.4   int
1830-211  0.88524  753.20     10.50   20   48.108   -0.0316   188.808  0.666     202.2     32.4   int
1830-211  0.88524  753.20     10.50   21   78.128   -0.028   218.828  0.59     202.2     32.4   int
1830-211  0.88524  753.20     10.50   22   108.138   -0.025   248.838  0.526     202.2     32.4   int
1830-211  0.88524  753.20     10.50   23   138.158   -0.0161   278.858  0.34     202.2     32.4   int
1830-211  0.88524  753.20     10.50   24   171.288   -0.00619   311.988  0.13     202.2     32.4   int
1830-211  0.88524  753.20     10.50   25   197.078   -0.0028   337.778  0.059     202.2     32.4   int
1830-211  0.88524  753.20     10.50   26   231.278   -0.00406   371.978  0.0855     202.2     32.4   int
1830-211  0.88524  753.20     10.50   27   258.178   -0.00405   398.878  0.0854     202.2     32.4   int
1830-211  0.88524  753.20     10.50   28   292.378   -0.00447   433.078  0.0941     202.2     32.4   int
1830-211  0.88524  753.20     10.50   29   325.478   -0.00572   466.178  0.121     202.2     32.4   int
1830-211  0.88524  753.20     10.50   30   356.578   -0.0036   497.278  0.0759     202.2     32.4   int
1830-211  0.88524  753.20     10.50   31   387.578   -0.00134   528.278  0.0282     202.2     32.4   int
1830-211  0.88524  753.20     10.50   32   417.578   -0.000482   558.278  0.0101     202.2     32.4   int
1830-211  0.88524  753.20     10.50   33   446.578   -0.000897   587.278  0.0189     202.2     32.4   int
1830-211  0.88524  753.20     10.50   34   480.778   -0.000464   621.478  0.00977     202.2     32.4   int
1830-211  0.88524  753.20     10.50   35   512.878   -0.000172   653.578  0.00362     202.2     32.4   int
1830-211  0.88524  753.20     10.50   36   570.778   0.00112   711.478  -0.0235     202.2     32.4   int
1830-211  0.88524  753.20     10.50   37   604.978   0.00127   745.678  -0.0267     202.2     32.4   int
1830-211  0.88524  753.20     10.50   38   633.978   -0.00127   774.678  0.0267     202.2     32.4   int
1830-211  0.88524  753.20     10.50   39   698.178   0.000305   838.878  -0.00642     202.2     32.4   int
1830-211  0.88524  753.20     10.50   40   728.178   -0.00561   868.878  0.118     202.2     32.4   int
1830-211  0.88524  753.20     10.50   41   759.278   -0.0136   899.978  0.286     202.2     32.4   int
J2255+1313  0.54329  920.55     3.72   0   -1636.666   -0.00173   -1676.106  0.819     208.9     13.6   two
J2255+1313  0.54329  920.55     3.72   1   -1630.666   -0.00173   -1670.106  0.819     208.9     13.6   two
J2255+1313  0.54329  920.55     3.72   2   -1614.666   -0.00142   -1654.106  0.672     208.9     13.6   two
J2255+1313  0.54329  920.55     3.72   3   -1598.666   -0.00111   -1638.106  0.524     208.9     13.6   two
J2255+1313  0.54329  920.55     3.72   4   -1582.666   -0.000772   -1622.106  0.367     208.9     13.6   two
J2255+1313  0.54329  920.55     3.72   5   -1566.666   -0.000689   -1606.106  0.327     208.9     13.6   two
J2255+1313  0.54329  920.55     3.72   6   -1550.666   -0.000295   -1590.106  0.14     208.9     13.6   two
J2255+1313  0.54329  920.55     3.72   7   -1534.666   -8.55e-05   -1574.106  0.0406     208.9     13.6   two
J2255+1313  0.54329  920.55     3.72   8   -1518.666   0.000371   -1558.106  -0.176     208.9     13.6   two
J2255+1313  0.54329  920.55     3.72   9   -1518.666   0.000371   -1558.106  -0.176     208.9     13.6   two
J2255+1313  0.54329  920.55     3.72   10   -1502.666   0.000245   -1542.106  -0.116     208.9     13.6   two
J2255+1313  0.54329  920.55     3.72   11   -1488.666   -0.00092   -1528.106  0.437     208.9     13.6   two
J2255+1313  0.54329  920.55     3.72   12   -1487.666   -0.000421   -1527.106  0.2     208.9     13.6   two
J2255+1313  0.54329  920.55     3.72   13   -1487.666   -0.000421   -1527.106  0.2     208.9     13.6   two
J2255+1313  0.54329  920.55     3.72   14   -1461.666   -0.000692   -1501.106  0.328     208.9     13.6   two
J2255+1313  0.54329  920.55     3.72   15   -1419.666   -0.00102   -1459.106  0.486     208.9     13.6   two
J2255+1313  0.54329  920.55     3.72   16   -1408.666   0.000161   -1448.106  -0.0766     208.9     13.6   two
J2255+1313  0.54329  920.55     3.72   17   -1408.666   0.000161   -1448.106  -0.0766     208.9     13.6   two
J2255+1313  0.54329  920.55     3.72   18   -1392.666   -0.000402   -1432.106  0.191     208.9     13.6   two
J2255+1313  0.54329  920.55     3.72   19   -1392.666   -0.000402   -1432.106  0.191     208.9     13.6   two
J2255+1313  0.54329  920.55     3.72   20   -1376.666   -4.79e-05   -1416.106  0.0227     208.9     13.6   two
J2255+1313  0.54329  920.55     3.72   21   -1360.666   -9.08e-05   -1400.106  0.0431     208.9     13.6   two
J2255+1313  0.54329  920.55     3.72   22   -1345.666   -0.000359   -1385.106  0.17     208.9     13.6   two
J2255+1313  0.54329  920.55     3.72   23   -1329.666   -0.000735   -1369.106  0.349     208.9     13.6   two
J2255+1313  0.54329  920.55     3.72   24   -1314.666   -0.000984   -1354.106  0.467     208.9     13.6   two
J2255+1313  0.54329  920.55     3.72   25   -1314.666   -0.000984   -1354.106  0.467     208.9     13.6   two
J2255+1313  0.54329  920.55     3.72   26   -1298.666   -0.00034   -1338.106  0.162     208.9     13.6   two
J2255+1313  0.54329  920.55     3.72   27   -1281.666   0.00043   -1321.106  -0.204     208.9     13.6   two
J2255+1313  0.54329  920.55     3.72   28   -1265.666   0.000575   -1305.106  -0.273     208.9     13.6   two
J2255+1313  0.54329  920.55     3.72   29   -1265.666   0.000575   -1305.106  -0.273     208.9     13.6   two
J2255+1313  0.54329  920.55     3.72   30   -1249.666   0.000387   -1289.106  -0.184     208.9     13.6   two
J2255+1313  0.54329  920.55     3.72   31   -1234.666   0.000261   -1274.106  -0.124     208.9     13.6   two
J2255+1313  0.54329  920.55     3.72   32   -1234.666   0.000261   -1274.106  -0.124     208.9     13.6   two
J2255+1313  0.54329  920.55     3.72   33   -1202.666   0.000409   -1242.106  -0.194     208.9     13.6   two
J2255+1313  0.54329  920.55     3.72   34   -1186.666   0.000282   -1226.106  -0.134     208.9     13.6   two
J2255+1313  0.54329  920.55     3.72   35   -1170.666   0.000406   -1210.106  -0.193     208.9     13.6   two
J2255+1313  0.54329  920.55     3.72   36   -1123.666   0.000135   -1163.106  -0.0639     208.9     13.6   two
J2255+1313  0.54329  920.55     3.72   37   -1108.666   -0.000405   -1148.106  0.192     208.9     13.6   two
J2255+1313  0.54329  920.55     3.72   38   -1108.666   -7.21e-05   -1148.106  0.0342     208.9     13.6   two
J2255+1313  0.54329  920.55     3.72   39   -1108.666   -7.21e-05   -1148.106  0.0342     208.9     13.6   two
J2255+1313  0.54329  920.55     3.72   40   -1092.666   0.000156   -1132.106  -0.0741     208.9     13.6   two
J2255+1313  0.54329  920.55     3.72   41   -1045.666   8.46e-06   -1085.106  -0.00402     208.9     13.6   two
J2255+1313  0.54329  920.55     3.72   42   -1013.966   0.000135   -1053.406  -0.0639     208.9     13.6   two
J2255+1313  0.54329  920.55     3.72   43   -998.566   -0.000263   -1038.006  0.125     208.9     13.6   two
J2255+1313  0.54329  920.55     3.72   44   -998.566   -0.000263   -1038.006  0.125     208.9     13.6   two
J2255+1313  0.54329  920.55     3.72   45   -978.466   -0.0012   -1017.906  0.569     208.9     13.6   two
J2255+1313  0.54329  920.55     3.72   46   -966.566   0.000153   -1006.006  -0.0728     208.9     13.6   two
J2255+1313  0.54329  920.55     3.72   47   -950.666   0.000237   -990.106  -0.112     208.9     13.6   two
J2255+1313  0.54329  920.55     3.72   48   -934.566   0.000631   -974.006  -0.3     208.9     13.6   two
J2255+1313  0.54329  920.55     3.72   49   -934.566   0.000631   -974.006  -0.3     208.9     13.6   two
J2255+1313  0.54329  920.55     3.72   50   -919.066   0.000339   -958.506  -0.161     208.9     13.6   two
J2255+1313  0.54329  920.55     3.72   51   -903.666   -7.75e-05   -943.106  0.0368     208.9     13.6   two
J2255+1313  0.54329  920.55     3.72   52   -887.866   -5.59e-05   -927.306  0.0265     208.9     13.6   two
J2255+1313  0.54329  920.55     3.72   53   -871.566   0.000422   -911.006  -0.2     208.9     13.6   two
J2255+1313  0.54329  920.55     3.72   54   -871.566   0.000422   -911.006  -0.2     208.9     13.6   two
J2255+1313  0.54329  920.55     3.72   55   -855.866   0.000317   -895.306  -0.151     208.9     13.6   two
J2255+1313  0.54329  920.55     3.72   56   -840.466   -3.72e-05   -879.906  0.0176     208.9     13.6   two
J2255+1313  0.54329  920.55     3.72   57   -824.966   -0.000349   -864.406  0.165     208.9     13.6   two
J2255+1313  0.54329  920.55     3.72   58   -824.966   -0.000349   -864.406  0.165     208.9     13.6   two
J2255+1313  0.54329  920.55     3.72   59   -808.866   5.84e-06   -848.306  -0.00277     208.9     13.6   two
J2255+1313  0.54329  920.55     3.72   60   -792.566   0.000505   -832.006  -0.24     208.9     13.6   two
J2255+1313  0.54329  920.55     3.72   61   -792.566   0.000505   -832.006  -0.24     208.9     13.6   two
J2255+1313  0.54329  920.55     3.72   62   -786.466   0.0013   -825.906  -0.615     208.9     13.6   two
J2255+1313  0.54329  920.55     3.72   63   -761.366   8.64e-05   -800.806  -0.041     208.9     13.6   two
J2255+1313  0.54329  920.55     3.72   64   -730.366   -0.000536   -769.806  0.254     208.9     13.6   two
J2255+1313  0.54329  920.55     3.72   65   -730.366   -0.000536   -769.806  0.254     208.9     13.6   two
J2255+1313  0.54329  920.55     3.72   66   -714.166   -8.01e-05   -753.606  0.038     208.9     13.6   two
J2255+1313  0.54329  920.55     3.72   67   -682.266   0.000274   -721.706  -0.13     208.9     13.6   two
J2255+1313  0.54329  920.55     3.72   68   -666.366   0.000419   -705.806  -0.199     208.9     13.6   two
J2255+1313  0.54329  920.55     3.72   69   -650.266   0.000648   -689.706  -0.307     208.9     13.6   two
J2255+1313  0.54329  920.55     3.72   70   -623.466   0.00115   -662.906  -0.544     208.9     13.6   two
J2255+1313  0.54329  920.55     3.72   71   -597.166   0.00117   -636.606  -0.555     208.9     13.6   two
J2255+1313  0.54329  920.55     3.72   72   -597.166   0.00117   -636.606  -0.555     208.9     13.6   two
J2255+1313  0.54329  920.55     3.72   73   -581.966   0.000543   -621.406  -0.258     208.9     13.6   two
J2255+1313  0.54329  920.55     3.72   74   -566.666   6.49e-05   -606.106  -0.0308     208.9     13.6   two
J2255+1313  0.54329  920.55     3.72   75   -566.666   6.49e-05   -606.106  -0.0308     208.9     13.6   two
J2255+1313  0.54329  920.55     3.72   76   -534.766   0.000376   -574.206  -0.179     208.9     13.6   two
J2255+1313  0.54329  920.55     3.72   77   -534.766   0.000376   -574.206  -0.179     208.9     13.6   two
J2255+1313  0.54329  920.55     3.72   78   -519.266   0.000145   -558.706  -0.069     208.9     13.6   two
J2255+1313  0.54329  920.55     3.72   79   -518.666   0.000688   -558.106  -0.326     208.9     13.6   two
J2255+1313  0.54329  920.55     3.72   80   -477.666   -0.000437   -517.106  0.207     208.9     13.6   two
J2255+1313  0.54329  920.55     3.72   81   -456.166   6.22e-05   -495.606  -0.0295     208.9     13.6   two
J2255+1313  0.54329  920.55     3.72   82   -440.266   0.000145   -479.706  -0.069     208.9     13.6   two
J2255+1313  0.54329  920.55     3.72   83   -433.866   0.00135   -473.306  -0.641     208.9     13.6   two
J2255+1313  0.54329  920.55     3.72   84   -424.466   0.000207   -463.906  -0.0983     208.9     13.6   two
J2255+1313  0.54329  920.55     3.72   85   -414.366   -0.000271   -453.806  0.128     208.9     13.6   two
J2255+1313  0.54329  920.55     3.72   86   -388.566   -0.000772   -428.006  0.367     208.9     13.6   two
J2255+1313  0.54329  920.55     3.72   87   -367.866   -0.00113   -407.306  0.535     208.9     13.6   two
J2255+1313  0.54329  920.55     3.72   88   -346.066   -0.000418   -385.506  0.198     208.9     13.6   two
J2255+1313  0.54329  920.55     3.72   89   -346.066   -0.000418   -385.506  0.198     208.9     13.6   two
J2255+1313  0.54329  920.55     3.72   90   -329.766   0.000102   -369.206  -0.0486     208.9     13.6   two
J2255+1313  0.54329  920.55     3.72   91   -297.966   0.000349   -337.406  -0.166     208.9     13.6   two
J2255+1313  0.54329  920.55     3.72   92   -297.966   0.000349   -337.406  -0.166     208.9     13.6   two
J2255+1313  0.54329  920.55     3.72   93   -282.366   0.000143   -321.806  -0.0677     208.9     13.6   two
J2255+1313  0.54329  920.55     3.72   94   -276.266   0.000975   -315.706  -0.463     208.9     13.6   two
J2255+1313  0.54329  920.55     3.72   95   -250.866   5.95e-05   -290.306  -0.0282     208.9     13.6   two
J2255+1313  0.54329  920.55     3.72   96   -219.166   0.000245   -258.606  -0.116     208.9     13.6   two
J2255+1313  0.54329  920.55     3.72   97   -219.166   0.000245   -258.606  -0.116     208.9     13.6   two
J2255+1313  0.54329  920.55     3.72   98   -208.366   0.000516   -247.806  -0.245     208.9     13.6   two
J2255+1313  0.54329  920.55     3.72   99   -187.666   9.98e-05   -227.106  -0.0473     208.9     13.6   two
J2255+1313  0.54329  920.55     3.72   100   -172.666   -0.000732   -212.106  0.347     208.9     13.6   two
J2255+1313  0.54329  920.55     3.72   101   -155.966   0.000223   -195.406  -0.106     208.9     13.6   two
J2255+1313  0.54329  920.55     3.72   102   -140.566   -0.00011   -180.006  0.052     208.9     13.6   two
J2255+1313  0.54329  920.55     3.72   103   -139.506   0.000973   -178.946  -0.462     208.9     13.6   two
J2255+1313  0.54329  920.55     3.72   104   -124.756   -8.81e-05   -164.196  0.0418     208.9     13.6   two
J2255+1313  0.54329  920.55     3.72   105   -109.476   -0.000609   -148.916  0.289     208.9     13.6   two
J2255+1313  0.54329  920.55     3.72   106   -93.936   -0.000858   -133.376  0.407     208.9     13.6   two
J2255+1313  0.54329  920.55     3.72   107   -78.246   -0.000963   -117.686  0.457     208.9     13.6   two
J2255+1313  0.54329  920.55     3.72   108   -62.667   -0.00117   -102.107  0.556     208.9     13.6   two
J2255+1313  0.54329  920.55     3.72   109   -46.980   -0.00128   -86.420  0.606     208.9     13.6   two
J2255+1313  0.54329  920.55     3.72   110   -31.416   -0.0015   -70.856  0.714     208.9     13.6   two
J2255+1313  0.54329  920.55     3.72   111   -16.226   -0.00211   -55.666  1     208.9     13.6   two
J2255+1313  0.54329  920.55     3.72   112   -15.856   -0.00174   -55.296  0.823     208.9     13.6   two
J2255+1313  0.54329  920.55     3.72   113   -15.856   -0.00174   -55.296  0.823     208.9     13.6   two
J2255+1313  0.54329  920.55     3.72   114   0.204   -0.00146   -39.236  0.695     208.9     13.6   two
J2255+1313  0.54329  920.55     3.72   115   16.454   -0.000987   -22.986  0.468     208.9     13.6   two
J2255+1313  0.54329  920.55     3.72   116   32.574   -0.000654   -6.866  0.311     208.9     13.6   two
J2255+1313  0.54329  920.55     3.72   117   43.564   -0.000177   4.124  0.0839     208.9     13.6   two
J2255+1313  0.54329  920.55     3.72   118   48.234   -0.000738   8.794  0.35     208.9     13.6   two
J2255+1313  0.54329  920.55     3.72   119   48.234   -0.000738   8.794  0.35     208.9     13.6   two
J2255+1313  0.54329  920.55     3.72   120   53.034   -0.00126   13.594  0.597     208.9     13.6   two
J2255+1313  0.54329  920.55     3.72   121   64.234   -0.000509   24.794  0.242     208.9     13.6   two
J2255+1313  0.54329  920.55     3.72   122   80.434   -9.35e-05   40.994  0.0443     208.9     13.6   two
J2255+1313  0.54329  920.55     3.72   123   91.234   0.000135   51.794  -0.0639     208.9     13.6   two
J2255+1313  0.54329  920.55     3.72   124   96.134   -0.000198   56.694  0.0941     208.9     13.6   two
J2255+1313  0.54329  920.55     3.72   125   111.434   -0.000697   71.994  0.331     208.9     13.6   two
J2255+1313  0.54329  920.55     3.72   126   111.834   -0.000322   72.394  0.153     208.9     13.6   two
J2255+1313  0.54329  920.55     3.72   127   111.834   -0.000322   72.394  0.153     208.9     13.6   two
J2255+1313  0.54329  920.55     3.72   128   127.734   -0.000198   88.294  0.0941     208.9     13.6   two
J2255+1313  0.54329  920.55     3.72   129   143.734   5.14e-05   104.294  -0.0244     208.9     13.6   two
J2255+1313  0.54329  920.55     3.72   130   159.634   0.000178   120.194  -0.0843     208.9     13.6   two
J2255+1313  0.54329  920.55     3.72   131   175.834   0.000529   136.394  -0.251     208.9     13.6   two
J2255+1313  0.54329  920.55     3.72   132   191.634   0.000572   152.194  -0.272     208.9     13.6   two
J2255+1313  0.54329  920.55     3.72   133   223.034   0.000363   183.594  -0.172     208.9     13.6   two
J2255+1313  0.54329  920.55     3.72   134   254.634   0.000446   215.194  -0.212     208.9     13.6   two
J2255+1313  0.54329  920.55     3.72   135   270.134   0.000175   230.694  -0.083     208.9     13.6   two
J2255+1313  0.54329  920.55     3.72   136   285.834   2.72e-05   246.394  -0.0129     208.9     13.6   two
J2255+1313  0.54329  920.55     3.72   137   285.834   2.72e-05   246.394  -0.0129     208.9     13.6   two
J2255+1313  0.54329  920.55     3.72   138   301.934   0.00032   262.494  -0.152     208.9     13.6   two
J2255+1313  0.54329  920.55     3.72   139   307.534   0.000715   268.094  -0.339     208.9     13.6   two
J2255+1313  0.54329  920.55     3.72   140   317.534   0.000132   278.094  -0.0626     208.9     13.6   two
J2255+1313  0.54329  920.55     3.72   141   317.534   0.000132   278.094  -0.0626     208.9     13.6   two
J2255+1313  0.54329  920.55     3.72   142   334.234   0.00107   294.794  -0.507     208.9     13.6   two
J2255+1313  0.54329  920.55     3.72   143   334.234   0.00107   294.794  -0.507     208.9     13.6   two
J2255+1313  0.54329  920.55     3.72   144   365.434   0.000736   325.994  -0.349     208.9     13.6   two
J2255+1313  0.54329  920.55     3.72   145   381.034   0.000505   341.594  -0.24     208.9     13.6   two
J2255+1313  0.54329  920.55     3.72   146   381.034   0.000505   341.594  -0.24     208.9     13.6   two
J2255+1313  0.54329  920.55     3.72   147   397.034   0.000715   357.594  -0.339     208.9     13.6   two
J2255+1313  0.54329  920.55     3.72   148   413.034   0.000943   373.594  -0.448     208.9     13.6   two
J2255+1313  0.54329  920.55     3.72   149   413.034   0.000943   373.594  -0.448     208.9     13.6   two
J2255+1313  0.54329  920.55     3.72   150   428.334   0.000401   388.894  -0.19     208.9     13.6   two
J2255+1313  0.54329  920.55     3.72   151   443.734   5.84e-06   404.294  -0.00277     208.9     13.6   two
J2255+1313  0.54329  920.55     3.72   152   453.934   -0.000327   414.494  0.155     208.9     13.6   two
J2255+1313  0.54329  920.55     3.72   153   475.434   0.000129   435.994  -0.0614     208.9     13.6   two
J2255+1313  0.54329  920.55     3.72   154   475.434   0.000129   435.994  -0.0614     208.9     13.6   two
J2255+1313  0.54329  920.55     3.72   155   490.934   -0.000142   451.494  0.0673     208.9     13.6   two
J2255+1313  0.54329  920.55     3.72   156   511.834   -0.00033   472.394  0.156     208.9     13.6   two
J2255+1313  0.54329  920.55     3.72   157   522.734   6.75e-05   483.294  -0.032     208.9     13.6   two
J2255+1313  0.54329  920.55     3.72   158   554.334   0.000129   514.894  -0.0614     208.9     13.6   two
J2255+1313  0.54329  920.55     3.72   159   563.934   -0.000789   524.494  0.374     208.9     13.6   two
J2255+1313  0.54329  920.55     3.72   160   585.534   -0.000225   546.094  0.107     208.9     13.6   two
J2255+1313  0.54329  920.55     3.72   161   585.534   -0.000225   546.094  0.107     208.9     13.6   two
J2255+1313  0.54329  920.55     3.72   162   601.834   0.000231   562.394  -0.11     208.9     13.6   two
J2255+1313  0.54329  920.55     3.72   163   617.734   0.000355   578.294  -0.168     208.9     13.6   two
J2255+1313  0.54329  920.55     3.72   164   617.734   0.000355   578.294  -0.168     208.9     13.6   two
J2255+1313  0.54329  920.55     3.72   165   633.334   0.000188   593.894  -0.0894     208.9     13.6   two
J2255+1313  0.54329  920.55     3.72   166   649.034   0.000105   609.594  -0.0499     208.9     13.6   two
J2255+1313  0.54329  920.55     3.72   167   696.134   -0.000187   656.694  0.089     208.9     13.6   two
J2255+1313  0.54329  920.55     3.72   168   711.234   -0.000915   671.794  0.434     208.9     13.6   two
J2255+1313  0.54329  920.55     3.72   169   711.234   -0.000915   671.794  0.434     208.9     13.6   two
J2255+1313  0.54329  920.55     3.72   170   727.434   -0.00052   687.994  0.247     208.9     13.6   two
J2255+1313  0.54329  920.55     3.72   171   743.834   0.000105   704.394  -0.0499     208.9     13.6   two
J2255+1313  0.54329  920.55     3.72   172   775.434   0.000207   735.994  -0.0983     208.9     13.6   two
J2255+1313  0.54329  920.55     3.72   173   791.334   0.00025   751.894  -0.119     208.9     13.6   two
J2255+1313  0.54329  920.55     3.72   174   807.234   0.000374   767.794  -0.177     208.9     13.6   two
J2255+1313  0.54329  920.55     3.72   175   811.934   -0.000169   772.494  0.08     208.9     13.6   two
J2255+1313  0.54329  920.55     3.72   176   843.234   -0.000523   803.794  0.248     208.9     13.6   two
J2255+1313  0.54329  920.55     3.72   177   879.934   -0.000606   840.494  0.288     208.9     13.6   two
J2255+1313  0.54329  920.55     3.72   178   900.734   -0.000896   861.294  0.425     208.9     13.6   two
J2255+1313  0.54329  920.55     3.72   179   901.434   -0.000169   861.994  0.08     208.9     13.6   two
J2255+1313  0.54329  920.55     3.72   180   901.434   -0.000169   861.994  0.08     208.9     13.6   two
J2255+1313  0.54329  920.55     3.72   181   917.734   0.000331   878.294  -0.157     208.9     13.6   two
J2255+1313  0.54329  920.55     3.72   182   933.734   0.000559   894.294  -0.265     208.9     13.6   two
J2255+1313  0.54329  920.55     3.72   183   933.734   0.000559   894.294  -0.265     208.9     13.6   two
J2255+1313  0.54329  920.55     3.72   184   934.134   0.00102   894.694  -0.483     208.9     13.6   two
J2255+1313  0.54329  920.55     3.72   185   948.334   8.09e-05   908.894  -0.0384     208.9     13.6   two
J2255+1313  0.54329  920.55     3.72   186   996.334   5.95e-05   956.894  -0.0282     208.9     13.6   two
J2255+1313  0.54329  920.55     3.72   187   1012.334   0.000245   972.894  -0.116     208.9     13.6   two
J2255+1313  0.54329  920.55     3.72   188   1027.334   0.000121   987.894  -0.0575     208.9     13.6   two
J2255+1313  0.54329  920.55     3.72   189   1043.334   0.00039   1003.894  -0.185     208.9     13.6   two
J2255+1313  0.54329  920.55     3.72   190   1043.334   0.00039   1003.894  -0.185     208.9     13.6   two
J2255+1313  0.54329  920.55     3.72   191   1054.334   0.000578   1014.894  -0.274     208.9     13.6   two
J2255+1313  0.54329  920.55     3.72   192   1059.334   -0.00015   1019.894  0.0711     208.9     13.6   two
J2255+1313  0.54329  920.55     3.72   193   1059.334   -0.00015   1019.894  0.0711     208.9     13.6   two
J2255+1313  0.54329  920.55     3.72   194   1074.334   -0.000464   1034.894  0.22     208.9     13.6   two
J2255+1313  0.54329  920.55     3.72   195   1075.334   0.000119   1035.894  -0.0563     208.9     13.6   two
J2255+1313  0.54329  920.55     3.72   196   1122.334   0.000307   1082.894  -0.145     208.9     13.6   two
J2255+1313  0.54329  920.55     3.72   197   1123.334   0.000661   1083.894  -0.314     208.9     13.6   two
J2255+1313  0.54329  920.55     3.72   198   1138.334   0.000325   1098.894  -0.154     208.9     13.6   two
J2255+1313  0.54329  920.55     3.72   199   1153.334   1.38e-05   1113.894  -0.00656     208.9     13.6   two
J2255+1313  0.54329  920.55     3.72   200   1153.334   1.38e-05   1113.894  -0.00656     208.9     13.6   two
J2255+1313  0.54329  920.55     3.72   201   1170.334   0.000285   1130.894  -0.135     208.9     13.6   two
J2255+1313  0.54329  920.55     3.72   202   1185.334   0.000492   1145.894  -0.233     208.9     13.6   two
J2255+1313  0.54329  920.55     3.72   203   1202.334   0.000785   1162.894  -0.372     208.9     13.6   two
J2255+1313  0.54329  920.55     3.72   204   1202.334   0.000785   1162.894  -0.372     208.9     13.6   two
J2255+1313  0.54329  920.55     3.72   205   1217.334   0.000701   1177.894  -0.333     208.9     13.6   two
J2255+1313  0.54329  920.55     3.72   206   1249.334   0.000366   1209.894  -0.173     208.9     13.6   two
J2255+1313  0.54329  920.55     3.72   207   1264.334   0.000178   1224.894  -0.0843     208.9     13.6   two
J2255+1313  0.54329  920.55     3.72   208   1279.334   -0.000322   1239.894  0.153     208.9     13.6   two
J2255+1313  0.54329  920.55     3.72   209   1279.334   -0.000322   1239.894  0.153     208.9     13.6   two
J2255+1313  0.54329  920.55     3.72   210   1296.334   0.000116   1256.894  -0.055     208.9     13.6   two
J2255+1313  0.54329  920.55     3.72   211   1296.334   0.000116   1256.894  -0.055     208.9     13.6   two
J2255+1313  0.54329  920.55     3.72   212   1300.334   -0.00124   1260.894  0.587     208.9     13.6   two
J2255+1313  0.54329  920.55     3.72   213   1311.334   -0.0003   1271.894  0.142     208.9     13.6   two
J2255+1313  0.54329  920.55     3.72   214   1311.334   -0.0003   1271.894  0.142     208.9     13.6   two
J2255+1313  0.54329  920.55     3.72   215   1327.334   0.000178   1287.894  -0.0843     208.9     13.6   two
J2255+1313  0.54329  920.55     3.72   216   1327.334   0.000178   1287.894  -0.0843     208.9     13.6   two
J2255+1313  0.54329  920.55     3.72   217   1343.334   -0.00026   1303.894  0.123     208.9     13.6   two
J2255+1313  0.54329  920.55     3.72   218   1343.334   -0.00026   1303.894  0.123     208.9     13.6   two
J2255+1313  0.54329  920.55     3.72   219   1359.334   0.000116   1319.894  -0.055     208.9     13.6   two
J2255+1313  0.54329  920.55     3.72   220   1364.334   0.000116   1324.894  -0.055     208.9     13.6   two
