0	0
0.185	0
0.37	0
0.555	0
0.74	0
0.925	0
1.11	0
1.295	0
1.48	0
1.665	0
1.85	0
2.035	0
2.22	0
2.405	0
2.59	0
2.775	0
2.96	0
3.145	0
3.33	0
3.515	0
3.7	0
3.885	0
4.07	0
4.255	0
4.44	0
4.625	0
4.81	0
4.995	0
5.18	0
5.365	0
5.55	0
5.735	0
5.92	0
6.105	0
6.29	0
6.475	0
6.66	0
6.845	0
7.03	0
7.215	0
7.4	0
7.585	0
7.77	0
7.955	0
8.14	0
8.325	0
8.51	0
8.695	0
8.88	0
9.065	0
9.25	0
9.435	0
9.62	0
9.805	0
9.99	0
10.175	0
10.36	0
10.545	0
10.73	0
10.915	0
11.1	0
11.285	0
11.47	0
11.655	0
11.84	0
12.025	0
12.21	0
12.395	0
12.58	0
12.765	0
12.95	0
13.135	0
13.32	0
13.505	0
13.69	0
13.875	0
14.06	0
14.245	0
14.43	0
14.615	0
14.8	0
14.985	0
15.17	0
15.355	0
15.54	0
15.725	0
15.91	0
16.095	0
16.28	0
16.465	0
16.65	0
16.835	0
17.02	0
17.205	0
17.39	0
17.575	0
17.76	0
17.945	0
18.13	0
18.315	0
18.5	0
18.685	0
18.87	0
19.055	0
19.24	0
19.425	0
19.61	0
19.795	0
19.98	0
20.165	0
20.35	0
20.535	0
20.72	0
20.905	0
21.09	0
21.275	0
21.46	0
21.645	0
21.83	0
22.015	0
22.2	0
22.385	0
22.57	0
22.755	0
22.94	0
23.125	0
23.31	0
23.495	0
23.68	0
23.865	0
24.05	0
24.235	0
24.42	0
24.605	0
24.79	0
24.975	0
25.16	0
25.345	0
25.53	0
25.715	0
25.9	0
26.085	0
26.27	0
26.455	0
26.64	0
26.825	0
27.01	0
27.195	0
27.38	0
27.565	0
27.75	0
27.935	0
28.12	0
28.305	0
28.49	0
28.675	0
28.86	0
29.045	0
29.23	0
29.415	0
29.6	0
29.785	0
29.97	0
30.155	0
30.34	0
30.525	0
30.71	0
30.895	0
31.08	0
31.265	0
31.45	0
31.635	0
31.82	0
32.005	0
32.19	0
32.375	0
32.56	0
32.745	0
32.93	0
33.115	0
33.3	0
33.485	0
33.67	0
33.855	0
34.04	0
34.225	0
34.41	0
34.595	0
34.78	0
34.965	0
35.15	0
35.335	0
35.52	0
35.705	0
35.89	0
36.075	0
36.26	0
36.445	0
36.63	0
36.815	0
37	0
37.185	0
37.37	0
37.555	0
37.74	0
37.925	0
38.11	0
38.295	0
38.48	0
38.665	0
38.85	0
39.035	0
39.22	0
39.405	0
39.59	0
39.775	0
39.96	0
40.145	0
40.33	0
40.515	0
40.7	0
40.885	0
41.07	0
41.255	0
41.44	0
41.625	0
41.81	0
41.995	0
42.18	0
42.365	0
42.55	0
42.735	0
42.92	0
43.105	0
43.29	0
43.475	0
43.66	0
43.845	0
44.03	0
44.215	0
44.4	0
44.585	0
44.77	0
44.955	0
45.14	0
45.325	0
45.51	0
45.695	0
45.88	0
46.065	0
46.25	0
46.435	0
46.62	0
46.805	0
46.99	0
47.175	0
47.36	0
47.545	0
47.73	0
47.915	0
48.1	0
48.285	0
48.47	0
48.655	0
48.84	0
49.025	0
49.21	0
49.395	0
49.58	0
49.765	0
49.95	0
50.135	0
50.32	0
50.505	0
50.69	0
50.875	0
51.06	0
51.245	0
51.43	0
51.615	0
51.8	0
51.985	0
52.17	0
52.355	0
52.54	0
52.725	0
52.91	0
53.095	0
53.28	0
53.465	0
53.65	0
53.835	0
54.02	0
54.205	0
54.39	0
54.575	0
54.76	0
54.945	0
55.13	0
55.315	0
55.5	0
55.685	0
55.87	0
56.055	0
56.24	0
56.425	0
56.61	0
56.795	0
56.98	0
57.165	0
57.35	0
57.535	0
57.72	0
57.905	0
58.09	0
58.275	0
58.46	0
58.645	0
58.83	0
59.015	0
59.2	0
59.385	0
59.57	0
59.755	0
59.94	0
60.125	0
60.31	0
60.495	0
60.68	0
60.865	0
61.05	0
61.235	0
61.42	0
61.605	0
61.79	0
61.975	0
62.16	0
62.345	0
62.53	0
62.715	0
62.9	0
63.085	0
63.27	0
63.455	0
63.64	0
63.825	0
64.01	0
64.195	0
64.38	0
64.565	0
64.75	0
64.935	0
65.12	0
65.305	0
65.49	0
65.675	0
65.86	0
66.045	0
66.23	0
66.415	0
66.6	0
66.785	0
66.97	0
67.155	0
67.34	0
67.525	0
67.71	0
67.895	0
68.08	0
68.265	0
68.45	0
68.635	0
68.82	0
69.005	0
69.19	0
69.375	0
69.56	0
69.745	0
69.93	0
70.115	0
70.3	0
70.485	0
70.67	0
70.855	0
71.04	0
71.225	0
71.41	0
71.595	0
71.78	0
71.965	0
72.15	0
72.335	0
72.52	0
72.705	0
72.89	0
73.075	0
73.26	0
73.445	0
73.63	0
73.815	0
74	0
74.185	0
74.37	0
74.555	0
74.74	0
74.925	0
75.11	0
75.295	0
75.48	0
75.665	0
75.85	0
76.035	0
76.22	0
76.405	0
76.59	0
76.775	0
76.96	0
77.145	0
77.33	0
77.515	0
77.7	2.9183e-07
77.885	2.9183e-07
78.07	2.9183e-07
78.255	2.9183e-07
78.44	2.9183e-07
78.625	2.9183e-07
78.81	5.8366e-07
78.995	5.8366e-07
79.18	5.8366e-07
79.365	8.7549e-07
79.55	8.7549e-07
79.735	1.16732e-06
79.92	1.16732e-06
80.105	1.45915e-06
80.29	1.75098e-06
80.475	2.04281e-06
80.66	2.33464e-06
80.845	2.9183e-06
81.03	3.21013e-06
81.215	4.08562e-06
81.4	4.66928e-06
81.585	5.54477e-06
81.77	6.42026e-06
81.955	7.58758e-06
82.14	9.04673e-06
82.325	1.05059e-05
82.51	1.25487e-05
82.695	1.45915e-05
82.88	1.7218e-05
83.065	2.01363e-05
83.25	2.36382e-05
83.435	2.80157e-05
83.62	3.2685e-05
83.805	3.85216e-05
83.99	4.49418e-05
84.175	5.28212e-05
84.36	6.1868e-05
84.545	7.23738e-05
84.73	8.49225e-05
84.915	9.92222e-05
85.1	0.000116148
85.285	0.000135993
85.47	0.000158756
85.655	0.000185604
85.84	0.00021683
86.025	0.000253308
86.21	0.000295624
86.395	0.000344651
86.58	0.000402142
86.765	0.000468679
86.95	0.000546014
87.135	0.000635898
87.32	0.000740373
87.505	0.000861774
87.69	0.00100244
87.875	0.00116557
88.06	0.00135467
88.245	0.00157413
88.43	0.00182802
88.615	0.00212219
88.8	0.00246275
88.985	0.00285643
89.17	0.00331198
89.355	0.00383872
89.54	0.00444718
89.725	0.00514987
89.91	0.00596139
90.095	0.00689771
90.28	0.00797773
90.465	0.00922283
90.65	0.0106574
90.835	0.0123087
91.02	0.0142079
91.205	0.0163897
91.39	0.0188914
91.575	0.0217538
91.76	0.0250183
91.945	0.0287269
92.13	0.0329164
92.315	0.0376167
92.5	0.0428431
92.685	0.0485895
92.87	0.0548212
93.055	0.0614659
93.24	0.0684063
93.425	0.0754751
93.61	0.0824551
93.795	0.0890824
93.98	0.0950584
94.165	0.100068
94.35	0.103803
94.535	0.105991
94.72	0.106425
94.905	0.104987
95.09	0.101667
95.275	0.0965697
95.46	0.0899135
95.645	0.0820088
95.83	0.0732327
96.015	0.0639945
96.2	0.0546987
96.385	0.0457124
96.57	0.0373387
96.755	0.0297997
96.94	0.0232309
97.125	0.0176853
97.31	0.0131445
97.495	0.00953624
97.68	0.0067519
97.865	0.00466463
98.05	0.00314401
98.235	0.00206713
98.42	0.0013256
98.605	0.000829021
98.79	0.000505575
98.975	0.000300628
99.16	0.000174285
99.345	9.85015e-05
99.53	5.42682e-05
99.715	2.91433e-05
99.9	1.52544e-05
100.085	7.78201e-06
100.27	3.86905e-06
100.455	1.87461e-06
100.64	8.85106e-07
100.825	4.07227e-07
101.01	1.82565e-07
101.195	7.97488e-08
101.38	3.39422e-08
101.565	1.40752e-08
101.75	5.68658e-09
101.935	2.23831e-09
102.12	8.58322e-10
102.305	3.20649e-10
102.49	1.16694e-10
102.675	4.13707e-11
102.86	1.42896e-11
103.045	4.80747e-12
103.23	1.57438e-12
103.415	5.02012e-13
103.6	1.55727e-13
103.785	4.82305e-14
103.97	1.35317e-14
104.155	7.58988e-15
104.34	0
104.525	0
104.71	0
104.895	0
105.08	0
105.265	0
105.45	0
105.635	0
105.82	0
106.005	0
106.19	0
106.375	0
106.56	0
106.745	0
106.93	0
107.115	0
107.3	0
107.485	0
107.67	0
107.855	0
108.04	0
108.225	0
108.41	0
108.595	0
108.78	0
108.965	0
109.15	0
109.335	0
109.52	0
109.705	0
109.89	0
110.075	0
110.26	0
110.445	0
110.63	0
110.815	0
111	0
111.185	0
111.37	0
111.555	0
111.74	0
111.925	0
112.11	0
112.295	0
112.48	0
112.665	0
112.85	0
113.035	0
113.22	0
113.405	0
113.59	0
113.775	0
113.96	0
114.145	0
114.33	0
114.515	0
114.7	0
114.885	0
115.07	0
115.255	0
115.44	0
115.625	0
115.81	0
115.995	0
116.18	0
116.365	0
116.55	0
116.735	0
116.92	0
117.105	0
117.29	0
117.475	0
117.66	0
117.845	0
118.03	0
118.215	0
118.4	0
118.585	0
118.77	0
118.955	0
119.14	0
119.325	0
119.51	0
119.695	0
119.88	0
120.065	0
120.25	0
120.435	0
120.62	0
120.805	0
120.99	0
121.175	0
121.36	0
121.545	0
121.73	0
121.915	0
122.1	0
122.285	0
122.47	0
122.655	0
122.84	0
123.025	0
123.21	0
123.395	0
123.58	0
123.765	0
123.95	0
124.135	0
124.32	0
124.505	0
124.69	0
124.875	0
125.06	0
125.245	0
125.43	0
125.615	0
125.8	0
125.985	0
126.17	0
126.355	0
126.54	0
126.725	0
126.91	0
127.095	0
127.28	0
127.465	0
127.65	0
127.835	0
128.02	0
128.205	0
128.39	0
128.575	0
128.76	0
128.945	0
129.13	0
129.315	0
129.5	0
129.685	0
129.87	0
130.055	0
130.24	0
130.425	0
130.61	0
130.795	0
130.98	0
131.165	0
131.35	0
131.535	0
131.72	0
131.905	0
132.09	0
132.275	0
132.46	0
132.645	0
132.83	0
133.015	0
133.2	0
133.385	0
133.57	0
133.755	0
133.94	0
134.125	0
134.31	0
134.495	0
134.68	0
134.865	0
135.05	0
135.235	0
135.42	0
135.605	0
135.79	0
135.975	0
136.16	0
136.345	0
136.53	0
136.715	0
136.9	0
137.085	0
137.27	0
137.455	0
137.64	0
137.825	0
138.01	0
138.195	0
138.38	0
138.565	0
138.75	0
138.935	0
139.12	0
139.305	0
139.49	0
139.675	0
139.86	0
140.045	0
140.23	0
140.415	0
140.6	0
140.785	0
140.97	0
141.155	0
141.34	0
141.525	0
141.71	0
141.895	0
142.08	0
142.265	0
142.45	0
142.635	0
142.82	0
143.005	0
143.19	0
143.375	0
143.56	0
143.745	0
143.93	0
144.115	0
144.3	0
144.485	0
144.67	0
144.855	0
145.04	0
145.225	0
145.41	0
145.595	0
145.78	0
145.965	0
146.15	0
146.335	0
146.52	0
146.705	0
146.89	0
147.075	0
147.26	0
147.445	0
147.63	0
147.815	0
148	0
148.185	0
148.37	0
148.555	0
148.74	0
148.925	0
149.11	0
149.295	0
149.48	0
149.665	0
149.85	0
150.035	0
150.22	0
150.405	0
150.59	0
150.775	0
150.96	0
151.145	0
151.33	0
151.515	0
151.7	0
151.885	0
152.07	0
152.255	0
152.44	0
152.625	0
152.81	0
152.995	0
153.18	0
153.365	0
153.55	0
153.735	0
153.92	0
154.105	0
154.29	0
154.475	0
154.66	0
154.845	0
155.03	0
155.215	0
155.4	0
155.585	0
155.77	0
155.955	0
156.14	0
156.325	0
156.51	0
156.695	0
156.88	0
157.065	0
157.25	0
157.435	0
157.62	0
157.805	0
157.99	0
158.175	0
158.36	0
158.545	0
158.73	0
158.915	0
159.1	0
159.285	0
159.47	0
159.655	0
159.84	0
160.025	0
160.21	0
160.395	0
160.58	0
160.765	0
160.95	0
161.135	0
161.32	0
161.505	0
161.69	0
161.875	0
162.06	0
162.245	0
162.43	0
162.615	0
162.8	0
162.985	0
163.17	0
163.355	0
163.54	0
163.725	0
163.91	0
164.095	0
164.28	0
164.465	0
164.65	0
164.835	0
165.02	0
165.205	0
165.39	0
165.575	0
165.76	0
165.945	0
166.13	0
166.315	0
166.5	0
166.685	0
166.87	0
167.055	0
167.24	0
167.425	0
167.61	0
167.795	0
167.98	0
168.165	0
168.35	0
168.535	0
168.72	0
168.905	0
169.09	0
169.275	0
169.46	0
169.645	0
169.83	0
170.015	0
170.2	0
170.385	0
170.57	0
170.755	0
170.94	0
171.125	0
171.31	0
171.495	0
171.68	0
171.865	0
172.05	0
172.235	0
172.42	0
172.605	0
172.79	0
172.975	0
173.16	0
173.345	0
173.53	0
173.715	0
173.9	0
174.085	0
174.27	0
174.455	0
174.64	0
174.825	0
175.01	0
175.195	0
175.38	0
175.565	0
175.75	0
175.935	0
176.12	0
176.305	0
176.49	0
176.675	0
176.86	0
177.045	0
177.23	0
177.415	0
177.6	0
177.785	0
177.97	0
178.155	0
178.34	0
178.525	0
178.71	0
178.895	0
179.08	0
179.265	0
179.45	0
179.635	0
179.82	0
180.005	0
180.19	0
180.375	0
180.56	0
180.745	0
180.93	0
181.115	0
181.3	0
181.485	0
181.67	0
181.855	0
182.04	0
182.225	0
182.41	0
182.595	0
182.78	0
182.965	0
183.15	0
183.335	0
183.52	0
183.705	0
183.89	0
