freq[Hz],vel[km/s],flux[Jy/beam],noise[Jy/beam],tau,tau_noise
1195227655.71 56480.1980211 0.0 nan nan nan
1195149536.38 56503.4853006 0.0011263753986 nan nan nan
1195071417.05 56526.7756246 0.00238307914697 nan nan nan
1194993297.72 56550.0689936 0.00150454579853 nan nan nan
1194915178.39 56573.3654084 0.000356891367119 nan nan nan
1194837059.06 56596.6648694 -0.000493638508487 nan -inf nan
1194758939.73 56619.9673773 -0.000764491036534 nan -inf nan
1194680820.4 56643.2729326 0.00101897539571 nan nan nan
1194602701.07 56666.5815361 0.00207392591983 nan nan nan
1194524581.74 56689.8931882 0.000659648445435 nan nan nan
1194446462.41 56713.2078895 -0.00067891436629 nan -inf nan
1194368343.08 56736.5256407 -0.00047388864914 nan -inf nan
1194290223.75 56759.8464424 0.000716982758604 nan nan nan
1194212104.42 56783.1702951 0.0016846061917 nan nan nan
1194133985.09 56806.4971995 0.00141044531483 nan nan nan
1194055865.75 56829.8271562 0.000278651277767 nan nan nan
1193977746.42 56853.1601657 -0.000512103724759 nan -inf nan
1193899627.09 56876.4962286 -8.83090324351e-05 nan -inf nan
1193821507.76 56899.8353456 0.000861878215801 nan nan nan
1193743388.43 56923.1775173 0.00101018871646 nan nan nan
1193665269.1 56946.5227442 0.000697931507602 nan nan nan
1193587149.77 56969.871027 0.00111107807606 nan nan nan
1193509030.44 56993.2223662 0.000936314929277 nan nan nan
1193430911.11 57016.5767625 -0.000609747541603 nan -inf nan
1193352791.78 57039.9342164 -0.00104127498344 nan -inf nan
1193274672.45 57063.2947286 -0.000605599256232 nan -inf nan
1193196553.12 57086.6582996 -0.00142310839146 nan -inf nan
1193118433.79 57110.0249301 -0.00119076541159 nan -inf nan
1193040314.46 57133.3946207 0.00108762923628 nan nan nan
1192962195.13 57156.7673719 0.00174588814843 nan nan nan
1192884075.8 57180.1431844 0.00065161974635 nan nan nan
1192805956.47 57203.5220587 -0.000313259079121 nan -inf nan
1192727837.14 57226.9039955 -0.000995748094283 nan -inf nan
1192649717.81 57250.2889953 -0.00105362408794 nan -inf nan
1192571598.48 57273.6770589 -0.00116181524936 nan -inf nan
1192493479.15 57297.0681867 -0.00149990827776 nan -inf nan
1192415359.82 57320.4623793 -0.00155689567327 nan -inf nan
1192337240.49 57343.8596374 -0.00113386509474 nan -inf nan
1192259121.16 57367.2599617 -1.29441032186e-05 nan -inf nan
1192181001.83 57390.6633525 0.00169811421074 nan nan nan
1192102882.5 57414.0698107 0.00144464313053 nan nan nan
1192024763.17 57437.4793368 -0.000595466641244 nan -inf nan
1191946643.84 57460.8919313 -0.00106906157453 nan -inf nan
1191868524.51 57484.3075949 0.00013090192806 nan nan nan
1191790405.17 57507.7263282 0.00135884073097 nan nan nan
1191712285.84 57531.1481319 0.00096256530378 nan nan nan
1191634166.51 57554.5730064 0.000686838291585 nan nan nan
1191556047.18 57578.0009524 0.000875785364769 nan nan nan
1191477927.85 57601.4319706 0.000207781093195 nan nan nan
1191399808.52 57624.8660614 -0.00125342840329 nan -inf nan
1191321689.19 57648.3032256 -0.00271995924413 nan -inf nan
1191243569.86 57671.7434637 -0.0020860908553 nan -inf nan
1191165450.53 57695.1867763 -0.000471915933304 nan -inf nan
1191087331.2 57718.633164 -0.000448461098131 nan -inf nan
1191009211.87 57742.0826275 -0.000818451633677 nan -inf nan
1190931092.54 57765.5351674 0.000702665711287 nan nan nan
1190852973.21 57788.9907842 0.000948978064116 nan nan nan
1190774853.88 57812.4494785 -0.00117190880701 nan -inf nan
1190696734.55 57835.911251 -0.0015151767293 nan -inf nan
1190618615.22 57859.3761023 -0.000969264889136 nan -inf nan
1190540495.89 57882.8440329 -0.00128947454505 nan -inf nan
1190462376.56 57906.3150435 -0.00146401673555 nan -inf nan
1190384257.23 57929.7891347 3.48637113348e-05 nan nan nan
1190306137.9 57953.2663071 0.00205957773142 nan nan nan
1190228018.57 57976.7465613 0.00102687382605 nan nan nan
1190149899.24 58000.2298979 -0.000698342511896 nan -inf nan
1190071779.91 58023.7163175 0.000239952700213 nan nan nan
1189993660.58 58047.2058207 0.00184354837984 nan nan nan
1189915541.25 58070.6984081 0.00103314523585 nan nan nan
1189837421.92 58094.1940804 -0.000827493378893 nan -inf nan
1189759302.59 58117.6928381 -0.000666421663482 nan -inf nan
1189681183.26 58141.1946819 0.000150573556311 nan nan nan
1189603063.93 58164.6996123 -2.23203460337e-05 nan -inf nan
1189524944.59 58188.20763 -0.000201623653993 nan -inf nan
1189446825.26 58211.7187356 -0.000886563968379 nan -inf nan
1189368705.93 58235.2329296 -0.00181317981333 nan -inf nan
1189290586.6 58258.7502128 -0.00126693688799 nan -inf nan
1189212467.27 58282.2705856 9.61123441812e-05 nan nan nan
1189134347.94 58305.7940488 0.000846186769195 nan nan nan
1189056228.61 58329.3206028 0.000488446909003 nan nan nan
1188978109.28 58352.8502484 0.000721253629308 nan nan nan
1188899989.95 58376.3829862 0.00187781592831 nan nan nan
1188821870.62 58399.9188166 0.00185873324517 nan nan nan
1188743751.29 58423.4577405 0.000948275497649 nan nan nan
1188665631.96 58446.9997582 0.000277350947727 nan nan nan
1188587512.63 58470.5448706 0.000681354140397 nan nan nan
1188509393.3 58494.0930782 0.000429804436862 nan nan nan
1188431273.97 58517.6443815 -0.0020101678092 nan -inf nan
1188353154.64 58541.1987813 -0.0023531219922 nan -inf nan
1188275035.31 58564.756278 -0.000662009464577 nan -inf nan
1188196915.98 58588.3168724 0.000197874032892 nan nan nan
1188118796.65 58611.8805651 0.00131398811936 nan nan nan
1188040677.32 58635.4473566 0.00108737964183 nan nan nan
1187962557.99 58659.0172475 0.000449835904874 nan nan nan
1187884438.66 58682.5902385 0.000757702509873 nan nan nan
1187806319.33 58706.1663302 -0.000200498776394 nan -inf nan
1187728200.0 58729.7455232 0.000147535058204 nan nan nan
1187650080.67 58753.3278181 0.00204540183768 nan nan nan
1187571961.34 58776.9132156 0.00164854805917 nan nan nan
1187493842.01 58800.5017161 0.000250789511483 nan nan nan
1187415722.68 58824.0933204 0.000728846644051 nan nan nan
1187337603.35 58847.6880291 0.00154632818885 nan nan nan
1187259484.01 58871.2858428 0.00135414255783 nan nan nan
1187181364.68 58894.886762 0.00138318131212 nan nan nan
1187103245.35 58918.4907874 0.000779776484706 nan nan nan
1187025126.02 58942.0979196 -0.00011827115668 nan -inf nan
1186947006.69 58965.7081593 0.000191493265447 nan nan nan
1186868887.36 58989.3215069 0.000647045846563 nan nan nan
1186790768.03 59012.9379633 0.000767951074522 nan nan nan
1186712648.7 59036.5575289 0.000417056144215 nan nan nan
1186634529.37 59060.1802044 0.0 nan nan nan
1186556410.04 59083.8059903 0.0 nan nan nan
1186478290.71 59107.4348874 -0.000693709473126 nan -inf nan
1186400171.38 59131.0668962 -0.000441863783635 nan -inf nan
1186322052.05 59154.7020174 0.00180819211528 nan nan nan
1186243932.72 59178.3402515 0.00158441707026 nan nan nan
1186165813.39 59201.9815991 0.000135721231345 nan nan nan
1186087694.06 59225.6260609 0.00119733449537 nan nan nan
1186009574.73 59249.2736376 0.00177225226071 nan nan nan
1185931455.4 59272.9243296 0.000773534644395 nan nan nan
1185853336.07 59296.5781377 -0.000809346674941 nan -inf nan
1185775216.74 59320.2350624 -0.00275732111186 nan -inf nan
1185697097.41 59343.8951044 -0.00382521632127 nan -inf nan
1185618978.08 59367.5582643 -0.0031492349226 nan -inf nan
1185540858.75 59391.2245426 -0.00213141716085 nan -inf nan
1185462739.42 59414.8939401 -0.00134946301114 nan -inf nan
1185384620.09 59438.5664572 1.01758923847e-05 nan nan nan
1185306500.76 59462.2420948 0.000322960375343 nan nan nan
1185228381.43 59485.9208533 -0.000969971995801 nan -inf nan
1185150262.1 59509.6027333 -0.00176158291288 nan -inf nan
1185072142.77 59533.2877356 -0.00160949351266 nan -inf nan
1184994023.44 59556.9758606 -0.00175326992758 nan -inf nan
1184915904.1 59580.6671091 -0.00224120588973 nan -inf nan
1184837784.77 59604.3614817 -0.00206619291566 nan -inf nan
1184759665.44 59628.0589789 -0.00120677798986 nan -inf nan
1184681546.11 59651.7596014 -0.000618808611762 nan -inf nan
1184603426.78 59675.4633498 0.000724755227566 nan nan nan
1184525307.45 59699.1702247 0.00371419126168 nan nan nan
1184447188.12 59722.8802267 0.00532417511567 nan nan nan
1184369068.79 59746.5933566 0.00425378419459 nan nan nan
1184290949.46 59770.3096147 0.00256693619303 nan nan nan
1184212830.13 59794.0290019 0.00124210410286 nan nan nan
1184134710.8 59817.7515187 0.000267356779659 nan nan nan
1184056591.47 59841.4771657 -0.000627719098702 nan -inf nan
1183978472.14 59865.2059436 -0.00118974945508 nan -inf nan
1183900352.81 59888.937853 -0.000552005600184 nan -inf nan
1183822233.48 59912.6728944 0.000255364459008 nan nan nan
1183744114.15 59936.4110686 0.000365219661035 nan nan nan
1183665994.82 59960.1523761 -0.000115527072921 nan -inf nan
1183587875.49 59983.8968175 -0.00159071013331 nan -inf nan
1183509756.16 60007.6443936 -0.0014488309389 nan -inf nan
1183431636.83 60031.3951048 0.00092629325809 nan nan nan
1183353517.5 60055.1489518 0.00143282697536 nan nan nan
1183275398.17 60078.9059353 0.000425320584327 nan nan nan
1183197278.84 60102.6660558 -7.42267002352e-06 nan -inf nan
1183119159.51 60126.4293141 -0.000688327243552 nan -inf nan
1183041040.18 60150.1957106 -0.00128862692509 nan -inf nan
1182962920.85 60173.965246 -0.00137036433443 nan -inf nan
1182884801.52 60197.737921 -0.000422230426921 nan -inf nan
1182806682.19 60221.5137361 0.000931290676817 nan nan nan
1182728562.86 60245.2926921 0.00102437136229 nan nan nan
1182650443.52 60269.0747894 0.000612838950474 nan nan nan
1182572324.19 60292.8600288 0.00010112542077 nan nan nan
1182494204.86 60316.6484109 -0.000582330627367 nan -inf nan
1182416085.53 60340.4399362 0.000205046497285 nan nan nan
1182337966.2 60364.2346054 0.00191756209824 nan nan nan
1182259846.87 60388.0324192 0.00277494778857 nan nan nan
1182181727.54 60411.8333781 0.00251402123831 nan nan nan
1182103608.21 60435.6374828 0.000614181743003 nan nan nan
1182025488.88 60459.4447338 -0.00194037426263 nan -inf nan
1181947369.55 60483.2551319 -0.00314905890264 nan -inf nan
1181869250.22 60507.0686777 -0.00286864349619 nan -inf nan
1181791130.89 60530.8853717 -0.00184961990453 nan -inf nan
1181713011.56 60554.7052146 -0.000950190704316 nan -inf nan
1181634892.23 60578.528207 -0.00122307543643 nan -inf nan
1181556772.9 60602.3543496 -0.00201679603197 nan -inf nan
1181478653.57 60626.1836429 -0.00149066443555 nan -inf nan
1181400534.24 60650.0160876 -0.00101296813227 nan -inf nan
1181322414.91 60673.8516844 -0.00178078946192 nan -inf nan
1181244295.58 60697.6904337 -0.00104536325671 nan -inf nan
1181166176.25 60721.5323364 -0.00056978862267 nan -inf nan
1181088056.92 60745.3773929 -0.00148909783456 nan -inf nan
1181009937.59 60769.225604 -0.000868068309501 nan -inf nan
1180931818.26 60793.0769702 -0.000125548191136 nan -inf nan
1180853698.93 60816.9314922 -0.000356973730959 nan -inf nan
1180775579.6 60840.7891706 -0.000730578030925 nan -inf nan
1180697460.27 60864.650006 -0.000713746645488 nan -inf nan
1180619340.94 60888.5139991 -0.000451887666713 nan -inf nan
1180541221.61 60912.3811504 -0.000116824056022 nan -inf nan
1180463102.28 60936.2514607 0.000156356749358 nan nan nan
1180384982.94 60960.1249304 0.000154902227223 nan nan nan
1180306863.61 60984.0015604 0.000569173775148 nan nan nan
1180228744.28 61007.8813511 0.00147032761015 nan nan nan
1180150624.95 61031.7643032 0.00284872786142 nan nan nan
1180072505.62 61055.6504174 0.00260290224105 nan nan nan
1179994386.29 61079.5396943 0.000816782703623 nan nan nan
1179916266.96 61103.4321345 0.0003207999398 nan nan nan
1179838147.63 61127.3277385 -0.00109626969788 nan -inf nan
1179760028.3 61151.2265072 -0.00148250127677 nan -inf nan
1179681908.97 61175.128441 0.00111384561751 nan nan nan
1179603789.64 61199.0335406 0.00221319659613 nan nan nan
1179525670.31 61222.9418067 0.00220108847134 nan nan nan
1179447550.98 61246.8532399 0.00153611821588 nan nan nan
1179369431.65 61270.7678407 0.00111951597501 nan nan nan
1179291312.32 61294.6856099 0.0019331201911 nan nan nan
1179213192.99 61318.6065481 0.00137980957516 nan nan nan
1179135073.66 61342.5306558 0.00108327867929 nan nan nan
1179056954.33 61366.4579338 0.00285807205364 nan nan nan
1178978835.0 61390.3883826 0.00359797640704 nan nan nan
1178900715.67 61414.3220029 0.00132025138009 nan nan nan
1178822596.34 61438.2587953 -0.00123318028636 nan -inf nan
1178744477.01 61462.1987604 -0.00198617018759 nan -inf nan
1178666357.68 61486.141899 -0.00234819366597 nan -inf nan
1178588238.35 61510.0882115 -0.00104893790558 nan -inf nan
1178510119.02 61534.0376986 0.0012961915927 nan nan nan
1178431999.69 61557.9903611 0.001259642886 nan nan nan
1178353880.36 61581.9461994 -0.000114034221042 nan -inf nan
1178275761.03 61605.9052142 -0.00150891323574 nan -inf nan
1178197641.7 61629.8674063 -0.00171171140391 nan -inf nan
1178119522.36 61653.8327761 -0.000778917165007 nan -inf nan
