-1.628990416983870773e+03 1.798330776650232656e+04 7.300266297534108162e-04 6.501105422354963256e-05 -7.966720265907783691e-03 7.125476180791479822e-04
-1.611606108710176386e+03 1.800183556240829421e+04 5.002232501283288002e-04 9.238731820441278511e-07 -5.465733213273118313e-03 1.012247060340495316e-05
-1.594219773147236310e+03 1.802036551895251250e+04 8.394585893256589770e-05 6.346750079604143008e-05 -9.193303488897605017e-04 6.956237585319623162e-04
-1.576831409940407866e+03 1.803889763651294925e+04 -2.728682593442499638e-04 8.930840974763039005e-05 2.994159952424857874e-03 9.789869184762419428e-04
-1.559441018734966065e+03 1.805743191546766320e+04 -5.500758998095989227e-04 1.116024219390342827e-04 6.045143410822148219e-03 1.223520476530897934e-03
-1.542048599176103380e+03 1.807596835619480044e+04 -4.005935625173151493e-04 5.307120908178844867e-04 4.398765001456884753e-03 5.831720134403800895e-03
-1.524654150908929068e+03 1.809450695907259069e+04 1.857510651461780071e-04 3.733995426745928786e-04 -2.033113941223297673e-03 4.099544905085136283e-03
-1.507257673578469394e+03 1.811304772447936557e+04 5.258669843897223473e-04 2.317329471694787367e-04 -5.745128338302622414e-03 2.542211434007410689e-03
-1.489859166829668538e+03 1.813159065279352581e+04 3.264254191890358925e-04 2.022274297188500763e-04 -3.570100712945261084e-03 2.218163765322863669e-03
-1.472458630307387466e+03 1.815013574439357762e+04 -1.008016115520149469e-04 3.902197216872025374e-04 1.105043503913321658e-03 4.284609429021587340e-03
-1.455056063656403921e+03 1.816868299965810365e+04 -3.577731840778142214e-04 4.096037124254446214e-04 3.927646109557202635e-03 4.497924854307348320e-03
-1.437651466521413340e+03 1.818723241896578475e+04 -3.879955620504915714e-04 4.609383281634122265e-04 4.260136080870399224e-03 5.063067939755337872e-03
-1.420244838547028166e+03 1.820578400269537815e+04 -3.144366783089935780e-04 3.932009181818748407e-04 3.451074550007685385e-03 4.317413706209935129e-03
-1.402836179377724193e+03 1.822433775122580118e+04 -8.673184493090957403e-05 4.860793635899692141e-05 9.507295268804359656e-04 5.327148721607022699e-04
-1.385425488658053837e+03 1.824289366493587659e+04 4.575750426738522947e-05 1.298172347901777859e-04 -5.012166067420476294e-04 1.423355423663151716e-03
-1.368012766032328273e+03 1.826145174420468902e+04 -5.504634827957488596e-06 2.933601125219408175e-04 6.031336730163982407e-05 3.219377617992826013e-03
-1.350598011144827069e+03 1.828001198941135590e+04 -9.618866897653788328e-05 1.555396553125531123e-04 1.054447182689868681e-03 1.705624464405299358e-03
-1.333181223639747714e+03 1.829857440093508922e+04 -1.009823099593631923e-04 5.485227226360913375e-04 1.107025517534961697e-03 6.028022982747514510e-03
-1.315762403161204247e+03 1.831713897915518100e+04 1.825390208978205919e-04 7.688787957256990025e-05 -1.997992029962941934e-03 8.427773269801922288e-04
-1.298341549353228402e+03 1.833570572445101061e+04 3.436177503317594528e-04 3.298649693153909990e-04 -3.757779636281423537e-03 3.620713433748339993e-03
-1.280918661859768008e+03 1.835427463720205924e+04 -4.172380431555211544e-05 2.233666112200648928e-04 4.572515143402452434e-04 2.450316540542952972e-03
-1.263493740324687678e+03 1.837284571778787358e+04 -4.065676475875079632e-04 4.998990151478600093e-04 4.464510799880801011e-03 5.492199657876236686e-03
-1.246066784391769488e+03 1.839141896658811675e+04 -2.002879336941987276e-04 2.178459608724080197e-04 2.196866709419308030e-03 2.389682962133514096e-03
-1.228637793704712067e+03 1.840999438398252096e+04 5.498577229445800185e-05 1.904657055660888580e-04 -6.022703826805412457e-04 2.089018571741958676e-03
-1.211206767907130370e+03 1.842857197035090940e+04 -1.728142669890075922e-04 2.632756155581334801e-04 1.895234873361888650e-03 2.888748513864274493e-03
-1.193773706642557045e+03 1.844715172607320346e+04 -4.001989145763218403e-04 2.391261763979800044e-04 4.394421987519977167e-03 2.623424861715259546e-03
-1.176338609554440836e+03 1.846573365152940096e+04 -1.845184306148439646e-04 1.349371668494152104e-04 2.023723101650218899e-03 1.479533455214953296e-03
-1.158901476286147044e+03 1.848431774709960155e+04 6.922865577507764101e-05 8.869583837642449383e-05 -7.582164619670238043e-04 9.722687270983588256e-04
-1.141462306480958205e+03 1.850290401316397765e+04 1.963823888218030334e-04 4.182329149119194895e-04 -2.149352735042857083e-03 4.592901466237293492e-03
-1.124021099782073406e+03 1.852149245010281084e+04 2.702852943912148476e-04 6.602141187706968414e-04 -2.957005409488996060e-03 7.259927646616531373e-03
-1.106577855832608066e+03 1.854008305829645178e+04 4.802690527867525816e-04 8.970203210663096069e-04 -5.248273049562704115e-03 9.876821531373328189e-03
-1.089132574275594607e+03 1.855867583812535304e+04 5.714703584089875221e-04 1.033732753967004812e-03 -6.241796143269272290e-03 1.139072479403992894e-02
-1.071685254753981553e+03 1.857727078997004355e+04 3.527655499055981636e-04 7.993127602015971406e-04 -3.857626618107393244e-03 8.796246516895969356e-03
-1.054235896910634665e+03 1.859586791421116141e+04 2.321107895113527775e-04 2.883477412900603640e-04 -2.539894317738859535e-03 3.164283987920034347e-03
-1.036784500388335573e+03 1.861446721122941381e+04 2.688759996090084314e-04 9.278155328580767745e-05 -2.941609939857577592e-03 1.017078423975107879e-03
-1.019331064829783259e+03 1.863306868140560618e+04 5.212933756411075592e-04 4.559513288165928358e-04 -5.695303406016019934e-03 5.008152025992917977e-03
-1.001875589877592233e+03 1.865167232512062765e+04 5.118930130265653133e-04 3.821068888410771329e-04 -5.592887980849576418e-03 4.195343466599501907e-03
-9.844180751742939037e+02 1.867027814275546552e+04 2.996663097292184830e-04 1.998637883585206365e-05 -3.277916604211313870e-03 2.190048012203507188e-04
-9.669585203623366851e+02 1.868888613469119082e+04 2.555604442022740841e-04 3.102897401509745369e-05 -2.796135961653627329e-03 3.400268521714288001e-04
-9.494969250840312043e+02 1.870749630130901642e+04 9.448719356441870332e-05 6.091994563111775298e-05 -1.034713727071955199e-03 6.676924293744461577e-04
-9.320332889817649402e+02 1.872610864299007517e+04 4.052441363455727696e-05 2.202568724709761891e-04 -4.439073216633442390e-04 2.416161672406212744e-03
-9.145676116976817411e+02 1.874472316011576913e+04 1.835360162658616900e-04 7.915380897078924102e-06 -2.008893749924191199e-03 8.672865605736728659e-05
-8.970998928738947598e+02 1.876333985306752220e+04 -1.079580397345125675e-05 4.548524198322526232e-05 1.182912557000065205e-04 4.984834164335023507e-04
-8.796301321524342711e+02 1.878195872222684920e+04 -4.023296933155506849e-04 1.738062583083301656e-04 4.417870963691191040e-03 1.906124306981716232e-03
-8.621583291752461946e+02 1.880057976797535957e+04 -4.733824171125888824e-04 4.640620473389631562e-04 5.200113096930638994e-03 5.097467293308604458e-03
-8.446844835841927761e+02 1.881920299069474277e+04 -6.770516047254204750e-04 7.226904440076125855e-04 7.445769065558388231e-03 7.949675181798669665e-03
-8.272085950210528154e+02 1.883782839076678647e+04 -6.512115942314267159e-04 4.070147445620731050e-04 7.160577696802067869e-03 4.469431350200090552e-03
-8.097306631275212112e+02 1.885645596857336568e+04 -1.380340399919077754e-04 2.078253176077641683e-04 1.513515171791701523e-03 2.279635128835257041e-03
-7.922506875452090753e+02 1.887508572449643907e+04 -2.014808342210017145e-05 1.254115450276140737e-04 2.207769076460004611e-04 1.375016882860177064e-03
-7.747686679156433911e+02 1.889371765891805990e+04 -1.887179096229374409e-04 1.366669102157642198e-04 2.069828978257335066e-03 1.498513634651463039e-03
-7.572846038802679232e+02 1.891235177222037601e+04 -3.301326069049537182e-04 1.663460395363641417e-04 3.623656446678630121e-03 1.824233798892771355e-03
-7.397984950804419668e+02 1.893098806478560800e+04 -2.145968464901670814e-04 4.876638119223525482e-05 2.353999495148730893e-03 5.344518000137294398e-04
-7.223103411574413713e+02 1.894962653699607836e+04 2.320996136404573917e-04 7.360159478993146161e-05 -2.539772179878896537e-03 8.067414289233875097e-04
-7.048201417524578574e+02 1.896826718923420049e+04 6.619381601922214031e-04 2.320715841660077295e-04 -7.226354389487361571e-03 2.545931162532543389e-03
-6.873278965065991315e+02 1.898691002188247148e+04 8.184629259631037712e-04 7.316316171216237160e-04 -8.927522393751205487e-03 8.048425933979001454e-03
-6.698336050608892265e+02 1.900555503532347575e+04 4.962012753821909428e-04 4.512041973423148240e-04 -5.421905674360333501e-03 4.955880294362202329e-03
-6.523372670562677058e+02 1.902420222993990319e+04 -8.369486749870702624e-05 1.540127360035670949e-04 9.174237786731079822e-04 1.688866349772832464e-03
-6.348388821335905732e+02 1.904285160611450556e+04 -3.700680972542613745e-04 2.684321707252715198e-04 4.062894640082960647e-03 2.945411375715304998e-03
-6.173384499336298177e+02 1.906150316423015465e+04 -3.882969613187015057e-04 2.184489099130550518e-05 4.263452466561729395e-03 2.393722628428051767e-04
-5.998359700970728454e+02 1.908015690466978776e+04 -4.538686189334839582e-04 1.830918072976340692e-04 4.985218502945364637e-03 2.008060757080024419e-03
-5.823314422645236164e+02 1.909881282781644768e+04 -1.712491794023662806e-04 9.630539744464266085e-05 1.878054603878776723e-03 1.055727468612092067e-03
-5.648248660765012801e+02 1.911747093405324995e+04 1.239148550666868687e-04 1.575938395016469710e-04 -1.356752686789199427e-03 1.728169814652128844e-03
-5.473162411734416537e+02 1.913613122376341926e+04 -1.024200391839258373e-04 1.138879196193542617e-04 1.122795574627772231e-03 1.248592510225637756e-03
-5.298055671956958577e+02 1.915479369733026033e+04 -2.516038948670029640e-04 2.429122182771779566e-04 2.760505542715660943e-03 2.665016473375346386e-03
-5.122928437834773376e+02 1.917345835513722704e+04 3.436184488236904144e-05 1.381599248331061779e-04 -3.764148065967830629e-04 1.514896519504893915e-03
-4.947780705770759369e+02 1.919212519756768597e+04 4.431350098457187414e-04 3.051578017532706726e-04 -4.843461583245540700e-03 3.349064257322858888e-03
-4.772612472165368445e+02 1.921079422500526562e+04 4.501936200540512800e-04 3.013300127672758873e-04 -4.920422629778213770e-03 3.306985268335774306e-03
-4.597423733418744405e+02 1.922946543783363813e+04 -3.812859358731657267e-05 3.769654144117432501e-04 4.178433377247649195e-04 4.138775655160221133e-03
-4.422214485930186925e+02 1.924813883643655208e+04 -2.694526920095086098e-04 3.772146672927893676e-05 2.956625765406594494e-03 4.133807967472168977e-04
-4.246984726098154965e+02 1.926681442119785424e+04 9.121814946411177516e-05 3.151285426623480772e-04 -9.989328366424364385e-04 3.458681198628321164e-03
-4.071734450320261089e+02 1.928549219250147871e+04 4.045097157359123230e-04 6.658455985176382069e-04 -4.422219507173987506e-03 7.322080480428516322e-03
-3.896463654993277714e+02 1.930417215073144689e+04 6.653842865489423275e-04 8.802090308433641735e-04 -7.263839315433891913e-03 9.690817623206305145e-03
-3.721172336513129721e+02 1.932285429627187841e+04 7.455468294210731983e-04 9.286712298863854806e-04 -8.135403817837227880e-03 1.022710824183073811e-02
-3.545860491274901278e+02 1.934153862950696930e+04 3.125744406133890152e-04 3.911215886424080084e-04 -3.418871815306044008e-03 4.294533214716660802e-03
-3.370528115672830722e+02 1.936022515082101381e+04 9.016400144901126623e-05 6.793796329833686029e-05 -9.873945257843832080e-04 7.446396799484668446e-04
-3.195175206100311129e+02 1.937891386059840806e+04 4.908019909635186195e-04 7.409227323918337899e-04 -5.363066544187001551e-03 8.151051953686743595e-03
-3.019801758949892587e+02 1.939760475922361002e+04 8.635227568447589874e-04 1.298784121007892601e-03 -9.416713010771357931e-03 1.433235145068261288e-02
-2.844407770613277648e+02 1.941629784708119405e+04 4.815977299585938454e-04 3.433084654174661365e-04 -5.262754397831968453e-03 3.768552342874782052e-03
-2.668993237481325878e+02 1.943499312455580730e+04 -1.925651449710130692e-04 2.638524160233604761e-04 2.112069454639318219e-03 2.895086532491914985e-03
-2.493558155944050441e+02 1.945369059203220240e+04 -2.655284188222140074e-04 3.619666605899442063e-04 2.913503071795120209e-03 3.973773825622976125e-03
-2.318102522390618105e+02 1.947239024989520476e+04 1.320617884630337358e-04 8.103564341174522773e-05 -1.445889590681386947e-03 8.882616648350627605e-04
-2.142626333209350378e+02 1.949109209852973800e+04 1.782213657861575484e-04 2.071128552264965192e-04 -1.950778937334723745e-03 2.271811247812133977e-03
-1.967129584787721512e+02 1.950979613832082759e+04 -1.209868278237991035e-04 2.756312273640199495e-06 1.326471927599533066e-03 3.019999995120178701e-05
-1.791612273512360787e+02 1.952850236965357180e+04 -1.996572245843708515e-05 7.161209164795751133e-05 2.187784300121588948e-04 7.849260771198051431e-04
-1.616074395769049374e+02 1.954721079291316346e+04 2.282269415445625782e-04 1.440225886228805241e-04 -2.497447968644502143e-03 1.579230264839991344e-03
-1.440515947942721198e+02 1.956592140848488998e+04 4.182792035862803459e-04 3.794004681356373575e-04 -4.572407977381940693e-03 4.165566337674608648e-03
-1.264936926417464349e+02 1.958463421675412974e+04 7.093162857927381992e-04 5.926186705270009448e-04 -7.741582546903819431e-03 6.514199695547245698e-03
-1.089337327576518106e+02 1.960334921810634478e+04 9.137582965195178986e-04 7.489290292103814670e-04 -9.961811576260392806e-03 8.239494821020045337e-03
-9.137171478022739279e+01 1.962206641292709173e+04 1.494522206485271454e-03 1.187338633670843033e-03 -1.624211694977492279e-02 1.309443858338398686e-02
-7.380763834762760212e+01 1.964078580160202182e+04 2.262483118101954460e-03 1.733974689125966683e-03 -2.448664334943910850e-02 1.918108550875009116e-02
-5.624150309786835322e+01 1.965950738451692087e+04 2.827339805662631989e-03 2.386835405623794013e-03 -3.050763090264860949e-02 2.649939757168931487e-02
-3.867330866904158171e+01 1.967823116205751285e+04 3.655849490314722061e-03 3.243978458783093339e-03 -3.927391003391061258e-02 3.618967778444411726e-02
-2.110305469899348907e+01 1.969695713460976549e+04 3.890650812536478043e-03 3.458041570836668105e-03 -4.174437952607545910e-02 3.862445582287198087e-02
-3.530740825538982275e+00 1.971568530255969017e+04 3.052655141800642014e-03 2.589445959436958381e-03 -3.289926085283176316e-02 2.878151523587999319e-02
1.404363331359195044e+01 1.973441566629338195e+04 2.069250214844942093e-03 1.658732033906372937e-03 -2.241856193740514661e-02 1.834107658550636691e-02
3.162006808075427955e+01 1.975314822619703773e+04 1.732765231281518936e-03 1.361627173542654876e-03 -1.880708053739199581e-02 1.503107505672751643e-02
4.919856383838794756e+01 1.977188298265692720e+04 1.920966431498527527e-03 1.524082231702425863e-03 -2.082864452256346505e-02 1.683960529525012698e-02
6.677912094901790852e+01 1.979061993605943280e+04 1.737285638228058815e-03 1.514305598658904645e-03 -1.885568443905711114e-02 1.673067442492870774e-02
8.436173977525416490e+01 1.980935908679101340e+04 1.408195006661117077e-03 1.383527856791416091e-03 -1.531107786144750467e-02 1.527469365634403879e-02
1.019464206797917143e+02 1.982810043523821514e+04 1.295241760089993477e-03 1.244861529844234344e-03 -1.409156621088450412e-02 1.373319937359684419e-02
1.195331640254106844e+02 1.984684398178767879e+04 9.990027174353599548e-04 6.719582379419871375e-04 -1.088610709364798076e-02 7.389548091556464790e-03
1.371219701749762976e+02 1.986558972682614694e+04 6.900276057422161102e-04 3.322435403903991735e-04 -7.531853835066641516e-03 3.646869126927475540e-03
1.547128394914388991e+02 1.988433767074044226e+04 5.383235402405261993e-04 8.675976505873088601e-05 -5.880817576002629263e-03 9.510357248670433736e-04
1.723057723378339290e+02 1.990308781391747470e+04 1.249312626896426082e-04 2.538849760483088965e-06 -1.367873799284685015e-03 2.781730213657112103e-05
1.899007690772821775e+02 1.992184015674424882e+04 -2.427280123811215162e-04 4.065530668678373936e-05 2.662992837104505382e-03 4.455392310945445467e-04
2.074978300729894158e+02 1.994059469960786737e+04 -2.994692767970263958e-04 2.939536981288152920e-04 3.286530786490118004e-03 3.225902233168441262e-03
2.250969556882467941e+02 1.995935144289551317e+04 -5.358511116355657578e-04 2.570608197768423650e-04 5.888356754064140962e-03 2.820461430026928364e-03
2.426981462864306422e+02 1.997811038699447090e+04 -5.132335936650633812e-04 2.211812634465929730e-04 5.639115420000211792e-03 2.426314317218417494e-03
2.603014022310026121e+02 1.999687153229209434e+04 -1.321770832873880863e-04 7.010838675081303803e-06 1.449248274261660243e-03 7.681722595580997754e-05
2.779067238855096775e+02 2.001563487917586463e+04 2.245356299681589007e-04 2.217728857528377653e-04 -2.457104168589565370e-03 2.432812196690277689e-03
2.955141116135840775e+02 2.003440042803331744e+04 4.456041206140071154e-04 6.814665676159341106e-04 -4.870383328120578281e-03 7.494504322721051194e-03
3.131235657789434299e+02 2.005316817925209762e+04 3.898124559782445431e-04 2.424658154933361117e-04 -4.261886622929648288e-03 2.660112419905213098e-03
3.307350867453907313e+02 2.007193813321994094e+04 1.665758027229458094e-04 1.116778364154210631e-04 -1.823424846816805835e-03 1.224347767404299157e-03
3.483486748768143570e+02 2.009071029032467050e+04 -2.778382040560245514e-04 6.778983658077067918e-05 3.048777944503072452e-03 7.430155214654789522e-04
3.659643305371882320e+02 2.010948465095420033e+04 -3.498065634630620480e-04 4.370052619924400661e-05 3.840020141614385995e-03 4.789196139124584262e-04
3.835820540906253768e+02 2.012826121549659001e+04 -4.961390368407592177e-05 5.453337183209190925e-07 5.437426901556030763e-04 5.974968418509705430e-06
4.012018459011629261e+02 2.014703998433982633e+04 1.019917544908821583e-05 4.455000107478771301e-04 -1.117410540318976216e-04 4.893073827629952806e-03
4.188237063330849992e+02 2.016582095787215803e+04 -1.354590785922482610e-04 6.980541278660198912e-04 1.485260265953619119e-03 7.677629924671948436e-03
4.364476357507073203e+02 2.018460413648185931e+04 -2.261956251459196210e-04 5.014527842110625116e-04 2.481389166487909040e-03 5.509317435672867261e-03
4.540736345184313905e+02 2.020338952055730260e+04 -7.003764039836823940e-05 3.858289616393176073e-04 7.676622004974101342e-04 4.236296656559122679e-03
4.717017030007439189e+02 2.022217711048695128e+04 2.533696533646434546e-05 2.096509067218884086e-04 -2.775660139221810402e-04 2.299683051998605791e-03
4.893318415622176758e+02 2.024096690665935603e+04 -2.150819782400503755e-04 2.549344573211909082e-04 2.359327383921194354e-03 2.797098403690196321e-03
5.069640505675106965e+02 2.025975890946315849e+04 -5.381427472457289696e-04 2.989718513889239485e-05 5.913613668500121434e-03 3.276222635899014401e-04
5.245983303813667362e+02 2.027855311928709853e+04 -5.080554983578622341e-04 1.600911579026551262e-04 5.582062398036493137e-03 1.755579393914021144e-03
5.422346813686153837e+02 2.029734953651999967e+04 -3.022471792064607143e-04 7.835472403975962772e-05 3.317067542779647549e-03 8.588624926723229186e-04
5.598731038941717770e+02 2.031614816155078370e+04 -2.893985947594046593e-04 1.669539939148803696e-04 3.175834224158268111e-03 1.830907037593971446e-03
5.775135983230368311e+02 2.033494899476846331e+04 -3.093844861723482609e-04 2.443173374355584707e-04 3.395530371840096810e-03 2.680452868073462339e-03
5.951561650202974079e+02 2.035375203656213489e+04 -3.304427955299615860e-04 3.668079010460558289e-04 3.627067372759401782e-03 4.027029510186523782e-03
6.128008043511257483e+02 2.037255728732098578e+04 -4.018324834760278463e-04 4.745234623823460312e-04 4.412399177126199133e-03 5.212680222360794625e-03
6.304475166807802680e+02 2.039136474743430517e+04 -3.558550379239022732e-04 4.801548989798229807e-04 3.906547451468758876e-03 5.274705464893303733e-03
6.480963023746049885e+02 2.041017441729147322e+04 -3.402303264010697603e-05 1.040358936741785664e-04 3.728429594603280468e-04 1.140519735676162778e-03
6.657471617980298788e+02 2.042898629728194646e+04 2.824182447511702776e-04 7.392162573741569310e-04 -3.089538826584157637e-03 8.132202109535916629e-03
6.834000953165708552e+02 2.044780038779529059e+04 1.738255959935486317e-04 8.610504097576285754e-04 -1.902709379058725638e-03 9.478884489052706239e-03
7.010551032958294400e+02 2.046661668922115496e+04 3.343379357829689980e-04 7.754439435831009860e-04 -3.656481541757563344e-03 8.532452020144173921e-03
7.187121861014935575e+02 2.048543520194927623e+04 7.415777072310447693e-04 1.074733116133145443e-03 -8.092267542731686192e-03 1.184519484657467828e-02
7.363713440993367385e+02 2.050425592636949295e+04 5.583979655057191849e-04 8.736373674168394906e-04 -6.099449513171880700e-03 9.618116660853340272e-03
7.540325776552185744e+02 2.052307886287172732e+04 2.386761480011045933e-04 3.374086823009507432e-04 -2.611642642996436000e-03 3.703669393334174838e-03
7.716958871350848312e+02 2.054190401184599978e+04 2.448534360155463219e-04 3.368281709817862190e-05 -2.679145310630911582e-03 3.691140037189994771e-04
7.893612729049668815e+02 2.056073137368241441e+04 1.567229483043774962e-04 1.710273141406176537e-04 -1.715662875364407872e-03 1.875619169827820888e-03
8.070287353309827267e+02 2.057956094877116630e+04 -2.897896920330822468e-04 3.140768391920499905e-04 3.180132922151816290e-03 3.447118349800818837e-03
8.246982747793359749e+02 2.059839273750255597e+04 -3.021791926585137844e-04 3.154623469188654571e-04 3.316320173267448337e-03 3.462351204159839439e-03
8.423698916163705235e+02 2.061722674026702225e+04 6.817436951678246260e-05 9.854166158609420768e-05 -7.466738597666287662e-04 1.080255285094590531e-03
8.600435862083544407e+02 2.063606295745492025e+04 7.892406574683263898e-05 2.056899369140553465e-04 -8.643581049002882922e-04 2.256185702734391039e-03
8.777193589218039733e+02 2.065490138945687795e+04 2.994774840772151947e-04 3.088305331389817562e-04 -3.275854503722980780e-03 3.389440358443729200e-03
8.953972101232676550e+02 2.067374203666355970e+04 5.321979988366365433e-04 5.378793463013778779e-04 -5.814094366692106920e-03 5.910710602479749692e-03
9.130771401793797395e+02 2.069258489946570990e+04 1.004264777293428779e-04 1.456693016323779737e-04 -1.099718101615588519e-03 1.597301159614176449e-03
9.307591494568611097e+02 2.071142997825416751e+04 -4.919268540106713772e-04 2.804115407764134994e-04 5.404375459419793332e-03 3.077059206903178662e-03
9.484432383225192780e+02 2.073027727341986974e+04 -3.935280255973339081e-04 5.026718428789953312e-04 4.321013172955631872e-03 5.522747934856943319e-03
9.661294071432470218e+02 2.074912678535384839e+04 2.639040758367627859e-04 1.220848723463070393e-04 -2.887293575035273716e-03 1.338518697374566210e-03
9.838176562860242029e+02 2.076797851444721891e+04 4.943435196764767170e-04 1.165243950430186535e-04 -5.401661024884454182e-03 1.277515569669962145e-03
1.001507986117917198e+03 2.078683246109119136e+04 4.679591511376202106e-04 8.810835841876110534e-05 -5.114096571447263040e-03 9.658257606137270754e-04
1.019200397006077992e+03 2.080568862567706674e+04 5.215333076193928719e-04 5.627113021145126469e-05 -5.697917288712763158e-03 6.167249476304123177e-04
1.036894889317745310e+03 2.082454700859624063e+04 5.511131021194159985e-04 3.278832870138376416e-05 -6.020115093884881134e-03 3.593099687410795267e-04
1.054591463420244509e+03 2.084340761024020321e+04 7.737414562143385410e-04 6.046396366618144640e-05 -8.441768449634602656e-03 6.626931371805995681e-04
1.072290119680987573e+03 2.086227043100052833e+04 6.481613381765782833e-04 1.520391226518545734e-04 -7.076484222627134682e-03 1.667206132841481808e-03
1.089990858467471753e+03 2.088113547126889171e+04 2.602931344881653786e-04 1.594573138455051956e-04 -2.847843572942847755e-03 1.748622501038410004e-03
1.107693680147282066e+03 2.090000273143704908e+04 5.280314362607896328e-04 4.213814881789587608e-04 -5.768707029848928539e-03 4.627558226852865851e-03
1.125398585088089931e+03 2.091887221189686534e+04 8.698027231730520725e-04 4.839511025578846449e-04 -9.484872268690892547e-03 5.316519426376742526e-03
1.143105573657652485e+03 2.093774391304028177e+04 5.528746405616402626e-04 1.472365872653004059e-04 -6.039299370248385479e-03 1.614500728126832532e-03
1.160814646223813952e+03 2.095661783525933788e+04 -1.379677996737882495e-04 8.398948314599457806e-05 1.512788310521931455e-03 9.206547039052886830e-04
1.178525803154505411e+03 2.097549397894617141e+04 -5.372745799832046032e-04 4.400140741443216695e-04 5.904045219584478331e-03 4.832674143247335345e-03
1.196239044817743888e+03 2.099437234449300013e+04 -3.825715393759310246e-04 5.904360411697856352e-04 4.200455827815528440e-03 6.490129710969056061e-03
1.213954371581633495e+03 2.101325293229215094e+04 -2.069532347377389669e-04 3.850432098927843660e-04 2.270058389323296403e-03 4.227651054470959666e-03
1.231671783814365199e+03 2.103213574273601989e+04 -8.981581049738451838e-05 1.748104865804336753e-04 9.845517170249797143e-04 1.917148190671324678e-03
1.249391281884216369e+03 2.105102077621711214e+04 -6.687689892714843154e-05 1.385946448994645542e-04 7.330055324931713081e-04 1.519666763569637452e-03
1.267112866159551004e+03 2.106990803312803109e+04 -1.106555282603949308e-04 1.215891928741323597e-04 1.213133185608225974e-03 1.333080524247471548e-03
1.284836537008873847e+03 2.108879751386151111e+04 -3.754533827304840088e-05 4.062187663924795310e-06 4.114502487489741091e-04 4.450836216350250384e-05
1.302562294800614609e+03 2.110768921881021743e+04 -6.225588731467723846e-05 1.949301864738832898e-05 6.823395622674861653e-04 2.135981294477983840e-04
1.320290139903451973e+03 2.112658314836708087e+04 -1.252180372830480337e-04 1.506499256458338138e-04 1.372893799640878499e-03 1.651960110498738258e-03
1.338020072686096682e+03 2.114547930292507226e+04 -2.441468532197177410e-04 2.196194685830141051e-04 2.678579945426886461e-03 2.409161085051818394e-03
1.355752093517347021e+03 2.116437768287723520e+04 -4.043893422931432724e-04 4.307559250649050942e-05 4.440537687615849285e-03 4.720692694519677737e-04
1.373486202766088354e+03 2.118327828861672242e+04 -3.939265152439475060e-04 3.455798747976629578e-04 4.325398142204031800e-03 3.793533322572290901e-03
1.391222400801291997e+03 2.120218112053677760e+04 -5.295833689160645008e-04 5.609845899980370199e-04 5.819281036087502711e-03 6.165396449115966709e-03
1.408960687992017029e+03 2.122108617903073900e+04 -5.891731707379221916e-04 6.432884393176547351e-04 6.476203070503088431e-03 7.073147606523619638e-03
1.426701064707409387e+03 2.123999346449202858e+04 -1.878875627880915999e-04 5.152641079223261103e-04 2.060712471973515526e-03 5.661488815699540142e-03
1.444443531316701183e+03 2.125890297731416649e+04 -3.312595945317298174e-04 5.528111753039087082e-04 3.636049192389928346e-03 6.075294635691640133e-03
1.462188088189212294e+03 2.127781471789076386e+04 -6.584643851965665817e-04 6.783406046682350114e-04 7.240617185523354898e-03 7.459997647183693251e-03
1.479934735694349683e+03 2.129672868661553002e+04 -2.897441154345870018e-04 1.646812253265552838e-04 3.179631971575783839e-03 1.805960118445449746e-03
1.497683474201607396e+03 2.131564488388226528e+04 5.783515734947286546e-05 1.573855786117709212e-04 -6.334703953108303124e-04 1.725884059415102407e-03
1.515434304080565653e+03 2.133456331008484995e+04 3.525389474816620350e-04 3.299061554791508032e-04 -3.855153404042112753e-03 3.621166327012628229e-03
1.533187225700892668e+03 2.135348396561727714e+04 4.571103490889072418e-04 2.224963728222569318e-04 -4.995830980205072207e-03 2.440758424678641549e-03
1.550942239432343740e+03 2.137240685087361999e+04 1.380582398269325495e-04 2.422700463734008295e-04 -1.511492650132744645e-03 2.657961763860392391e-03
1.568699345644760797e+03 2.139133196624804987e+04 -1.203418505610898137e-04 4.023327256295588638e-04 1.319395877271939020e-03 4.417904334351632593e-03
1.586458544708073305e+03 2.141025931213482181e+04 -1.843603531597182155e-04 3.491155850592050696e-04 2.021987618441991458e-03 3.832420335921078291e-03
1.604219836992298042e+03 2.142918888892830000e+04 -9.103585034608840942e-05 5.684193290112810222e-04 9.979323442624700793e-04 6.247362326007136445e-03
