-2.195762760838442773e+03 1.240471181157037609e+04 -0.000000000000000000e+00 0.000000000000000000e+00 -0.000000000000000000e+00 -0.000000000000000000e+00
-2.178716931535966978e+03 1.242259393106450261e+04 1.157732913270592690e-03 7.348940618251869391e-04 -2.566785002108669389e-02 1.664179563217519156e-02
-2.161669149409734473e+03 1.244047809919041902e+04 2.676169155165553093e-03 1.457609618821074145e-03 -5.836400390737397220e-02 3.328243617592042264e-02
-2.144619414124248578e+03 1.245836431630008155e+04 1.998470630496740341e-03 7.810531150569528748e-04 -4.390319947134112971e-02 1.769637689193134800e-02
-2.127567725343777965e+03 1.247625258274568660e+04 4.266769974492490292e-04 4.705628593449602613e-04 -9.536598007706146782e-03 1.062403078439847805e-02
-2.110514082732568113e+03 1.249414289887947234e+04 -5.060113035142421722e-04 9.816135515180424934e-04 1.142895065537849648e-02 2.229147590366989048e-02
-2.093458485954733533e+03 1.251203526505379523e+04 -6.917326827533543110e-04 4.838114708911201572e-04 1.565670641920127726e-02 1.092478821736142178e-02
-2.076400934674470136e+03 1.252992968162093530e+04 2.751449937932193279e-05 3.221537285343389120e-04 -6.177236219615483796e-04 7.261154632738222627e-03
-2.059341428555738275e+03 1.254782614893341997e+04 -9.589688852429389954e-05 8.099089741717329377e-06 2.155953199916370300e-03 1.819040834348924706e-04
-2.042279967262475338e+03 1.256572466734380032e+04 -5.109250778332352638e-04 1.824148353508268060e-04 1.154057777370772787e-02 4.105045618607709203e-03
-2.025216550458488655e+03 1.258362523720476020e+04 6.950579117983579636e-04 6.767561131863872748e-04 -1.548888018290768206e-02 1.531511690565415425e-02
-2.008151177807664453e+03 1.260152785886890706e+04 1.169119030237197876e-03 9.922533464472116458e-04 -2.591704590220851590e-02 2.253583815729413506e-02
-1.991083848973656586e+03 1.261943253268908666e+04 -6.974418647587299347e-04 5.409064969756250014e-04 1.578695365938987197e-02 1.222194129826842043e-02
-1.974014563620093440e+03 1.263733925901817565e+04 -1.982319401577115059e-03 1.386568340650159688e-03 4.553986061217307063e-02 3.163437259956567577e-02
-1.956943321410473573e+03 1.265524803820918169e+04 -1.671824720688164234e-04 3.492258750901846599e-04 3.761612441495127898e-03 7.873753129673696088e-03
-1.939870122008375347e+03 1.267315887061503054e+04 1.424375222995877266e-03 1.468897863901089161e-03 -3.148732892513088355e-02 3.354455877404326214e-02
-1.922794965077144298e+03 1.269107175658889901e+04 5.614113179035484791e-04 7.672359661679966367e-04 -1.252922975207571357e-02 1.738058422662301650e-02
-1.905717850280099356e+03 1.270898669648398209e+04 -2.277061721542850137e-04 2.474734618588658838e-04 5.126894205093578301e-03 5.573204966281942487e-03
-1.888638777280430986e+03 1.272690369065361301e+04 -5.209529190324246883e-04 4.887942847398937416e-04 1.176842076274044191e-02 1.103792675039522685e-02
-1.871557745741409008e+03 1.274482273945104498e+04 -6.330374162644147873e-04 7.155290568512761955e-04 1.431863637806817836e-02 1.619970044463694622e-02
-1.854474755326068816e+03 1.276274384322977130e+04 1.193291973322629929e-05 1.252697127381657242e-04 -2.679509314264175829e-04 2.817243803973290377e-03
-1.837389805697369638e+03 1.278066700234337259e+04 1.015050103887915611e-03 7.826832155226604287e-04 -2.253982622155428078e-02 1.773363961934946997e-02
-1.820302896518348234e+03 1.279859221714533851e+04 6.244617979973554611e-04 3.219450577245511810e-04 -1.392659613390857982e-02 7.256434210001348750e-03
-1.803214027451809670e+03 1.281651948798941339e+04 -4.813960113096982241e-04 5.438706494318634385e-04 1.086994799850798769e-02 1.228933042519653011e-02
-1.786123198160531729e+03 1.283444881522935975e+04 -5.396329215727746487e-04 1.055293505735305313e-04 1.219298833394946713e-02 2.372767260275300029e-03
-1.769030408307163952e+03 1.285238019921908199e+04 -2.093186340061947703e-04 4.182958699804637735e-05 4.711914563174472541e-03 9.398409899751885774e-04
-1.751935657554435011e+03 1.287031364031239536e+04 -2.406552812317386270e-04 9.386269332071231443e-04 5.419239890956733044e-03 2.130481750692945001e-02
-1.734838945564838468e+03 1.288824913886336617e+04 -5.785840912722051144e-04 1.130589666290742184e-03 1.307886842492034414e-02 2.571843079538935206e-02
-1.717740272000844470e+03 1.290618669522608252e+04 -9.130454855039715767e-04 7.349296169838438406e-04 2.071811625615579272e-02 1.664260752176914201e-02
-1.700639636524791513e+03 1.292412630975477441e+04 -2.597306156530976295e-04 3.841422490763310351e-04 5.850050103846280401e-03 8.664408234211374432e-03
-1.683537038799099037e+03 1.294206798280358271e+04 1.582822646014392376e-03 2.025198018596606215e-03 -3.492947643445647871e-02 4.654819401876619800e-02
-1.666432478485950696e+03 1.296001171472689930e+04 1.421352499164640903e-03 1.655467345430661381e-03 -3.142154728177328632e-02 3.788684185847458752e-02
-1.649325955247506727e+03 1.297795750587913608e+04 5.195609410293400288e-04 7.921993121001975153e-04 -1.160063470697013724e-02 1.795119731080909928e-02
-1.632217468745795486e+03 1.299590535661484864e+04 1.012916793115437031e-03 6.544172039772860362e-04 -2.249298350062571561e-02 1.480582194975087196e-02
-1.615107018642926050e+03 1.301385526728850164e+04 -4.221370909363031387e-05 4.412632511383983869e-04 9.484756664506395225e-04 9.959219872868694048e-03
-1.597994604600772618e+03 1.303180723825481618e+04 -1.055841217748820782e-03 8.936254938059993427e-04 2.399749549362461057e-02 2.027295549916906942e-02
-1.580880226281131627e+03 1.304976126986858435e+04 -4.988441360183060169e-04 1.409552334351884238e-04 1.126615512727066615e-02 3.170561924178474759e-03
-1.563763883345878867e+03 1.306771736248451634e+04 5.000798264518380165e-04 7.980652228871672020e-04 -1.116808465308285168e-02 1.808532777361534713e-02
-1.546645575456655706e+03 1.308567551645757703e+04 1.651631435379385948e-03 1.618096457312181253e-03 -3.642061203683472081e-02 3.701554732317680063e-02
-1.529525302275078047e+03 1.310363573214274766e+04 1.627059886232018471e-03 8.221754176094583748e-04 -3.588838421693082287e-02 1.863682275392437859e-02
-1.512403063462631508e+03 1.312159800989515315e+04 4.493160522542893887e-04 3.145492395281865376e-05 -1.004006847991140844e-02 7.066572467136352734e-04
-1.495278858680881513e+03 1.313956235006983115e+04 -3.118732711300253868e-04 1.057108544805386314e-03 7.028622936009187687e-03 2.402664852734798240e-02
-1.478152687591158156e+03 1.315752875302206485e+04 3.965382347814738750e-05 6.039329347340428302e-04 -8.901403763750626117e-04 1.365580788323710222e-02
-1.461024549854766519e+03 1.317549721910717017e+04 6.243052193894982338e-04 5.208800538620872488e-04 -1.392312835281587710e-02 1.176676500298335856e-02
-1.443894445132881629e+03 1.319346774868059219e+04 7.565022096969187260e-04 8.582686500873647206e-04 -1.684665177817533735e-02 1.946298581391243607e-02
-1.426762373086756952e+03 1.321144034209769961e+04 7.542957318946719170e-04 4.134783617297664755e-04 -1.679792581044676006e-02 9.329186104508835342e-03
-1.409628333377412218e+03 1.322941499971410121e+04 7.349037332460284233e-04 4.720352916677884484e-05 -1.636958734868357301e-02 1.060648553873530780e-03
-1.392492325665840781e+03 1.324739172188543671e+04 -3.066966019105166197e-04 1.784904347140638798e-04 6.911553312002396976e-03 4.016553690459071825e-03
-1.375354349612905935e+03 1.326537050896747860e+04 -1.724848523736000061e-03 5.495705642293265483e-04 3.950646548953886533e-02 1.241892906150618772e-02
-1.358214404879550784e+03 1.328335136131592299e+04 -1.316780457273125648e-03 6.381577954038826061e-04 3.001802647781976960e-02 1.443529388575043662e-02
-1.341072491126482191e+03 1.330133427928670790e+04 -9.117162553593516350e-04 7.049191645009289693e-04 2.068764024910928548e-02 1.595756376907421850e-02
-1.323928608014382462e+03 1.331931926323579501e+04 -1.261041499674320221e-03 1.084505089034512549e-03 2.872893929071096072e-02 2.465707443378603245e-02
-1.306782755203803390e+03 1.333730631351928969e+04 3.951304825022816658e-04 1.856408619064452950e-04 -8.834611346995644918e-03 4.177795664541201354e-03
-1.289634932355375668e+03 1.335529543049321001e+04 2.563785063102841377e-03 1.304004774704381258e-03 -5.598035705186726885e-02 2.972241361963882944e-02
-1.272485139129494655e+03 1.337328661451382141e+04 2.189099555835127831e-03 1.611413986061104205e-03 -4.799204248430591346e-02 3.685982686600653563e-02
-1.255333375186478406e+03 1.339127986593747301e+04 5.981623544357717037e-04 9.278380137290237256e-04 -1.334396785000441232e-02 2.105733556615115021e-02
-1.238179640186723191e+03 1.340927518512042661e+04 2.543073496781289577e-04 7.546776597531403420e-05 -5.694930446077977465e-03 1.696276015476885432e-03
-1.221023933790390856e+03 1.342727257241919688e+04 -9.836565004661679268e-05 2.506549797419665949e-04 2.211517297048514775e-03 5.645056678367407245e-03
-1.203866255657616648e+03 1.344527202819032027e+04 -1.757399295456707478e-04 5.263876514967662712e-04 3.954536783355911203e-03 1.189192523557974952e-02
-1.186706605448405980e+03 1.346327355279047333e+04 1.181489089503884315e-03 1.102024720864876314e-03 -2.618770592482021556e-02 2.506042969775731585e-02
-1.169544982822843394e+03 1.348127714657624892e+04 8.784818928688764572e-04 1.107215256235221168e-05 -1.953665978149567856e-02 2.486868375348256425e-04
-1.152381387440777189e+03 1.349928280990448366e+04 -1.318626163993030787e-04 3.915368590876928023e-04 2.965734493807843392e-03 8.831933877441768693e-03
-1.135215818962030880e+03 1.351729054313204870e+04 2.074520598398521543e-04 3.817937963274667585e-04 -4.648092666237314818e-03 8.611209669280108642e-03
-1.118048277046297017e+03 1.353530034661594254e+04 5.445684073492884636e-04 7.072747369114175528e-04 -1.215561533063840710e-02 1.601131707150078159e-02
-1.100878761353346590e+03 1.355331222071308912e+04 5.635482957586646080e-04 1.726098531092017986e-04 -1.257662284944070265e-02 3.883966186562851520e-03
-1.083707271542715944e+03 1.357132616578065245e+04 4.108204739168286324e-04 2.113733901908538540e-04 -9.183813401601239115e-03 4.758278836823124150e-03
-1.066533807273915045e+03 1.358934218217583293e+04 -1.580753014422953129e-04 7.204207821807235559e-04 3.556335918637221292e-03 1.631135809576355830e-02
-1.049358368206322893e+03 1.360736027025595649e+04 -1.418340718373656273e-03 3.341970892411705502e-04 3.237111397368786642e-02 7.533629893606403304e-03
-1.032180953999398525e+03 1.362538043037827629e+04 -1.641900511458516121e-03 1.191482967127599360e-03 3.757044614713889175e-02 2.712257107011726079e-02
-1.015001564312363826e+03 1.364340266290028740e+04 -2.738258044701069593e-04 5.484199406119154730e-04 6.168504633011656982e-03 1.239276604513808201e-02
-9.978201988044160089e+02 1.366142696817951401e+04 5.031922482885420322e-04 8.292274208735672333e-05 -1.123720405072690422e-02 1.863996495543716663e-03
-9.806368571346209819e+02 1.367945334657361491e+04 3.234276664443314075e-04 4.321532773196954812e-04 -7.237214026616356315e-03 9.752603737542532569e-03
-9.634515389621230952e+02 1.369748179844017068e+04 3.816230164375156164e-04 4.742915771607167103e-05 -8.533886647310454446e-03 1.065721059344735449e-03
-9.462642439458319359e+02 1.371551232413700563e+04 -3.889914660248905420e-04 4.237129831883180032e-04 8.774264570616743461e-03 9.561214170146834293e-03
-9.290749717445775104e+02 1.373354492402202595e+04 -1.673028920777142048e-03 8.412773402989861225e-04 3.829654870287027557e-02 1.907397489823668690e-02
-9.118837220172695197e+02 1.375157959845305959e+04 -1.768309739418327808e-03 1.627328716712964085e-03 4.052235535273884803e-02 3.723072494760652079e-02
-8.946904944225816507e+02 1.376961634778817461e+04 -3.570048138499259949e-04 7.873563888149748063e-04 8.049847250088787085e-03 1.784047213221433628e-02
-8.774952886191609878e+02 1.378765517238547545e+04 1.730291638523340225e-03 1.654675466460184914e-03 -3.812251547079246322e-02 3.786837148899419719e-02
-8.602981042655243300e+02 1.380569607260319572e+04 2.642086707055568695e-03 3.297254584671267894e-03 -5.764172124971653211e-02 7.693396530487918439e-02
-8.430989410202666932e+02 1.382373904879949259e+04 2.271242905408143997e-03 2.805178437968835429e-03 -4.974881259204687323e-02 6.506993468124956659e-02
-8.258977985417474201e+02 1.384178410133276520e+04 1.011992571875452995e-05 5.912762475403784219e-05 -2.272451986174898564e-04 1.328757334953950498e-03
-8.086946764882997059e+02 1.385983123056144541e+04 -1.695209764875471592e-03 1.291974013641151347e-03 3.881426185972943615e-02 2.944411715653318107e-02
-7.914895745181254370e+02 1.387788043684409968e+04 -1.225504442118108273e-03 3.796203578061663561e-05 2.790793253317895573e-02 8.529065018067315393e-04
-7.742824922895055124e+02 1.389593172053921262e+04 -1.460561994463205338e-03 6.382537598126849674e-04 3.335098620054854912e-02 1.443748037110744765e-02
-7.570734294604843626e+02 1.391398508200551623e+04 -2.357933204621076584e-03 8.373676536295800339e-04 5.440754364431076712e-02 1.898448521295345928e-02
-7.398623856890804973e+02 1.393204052160176980e+04 -2.448427490890026093e-03 1.411058250659078537e-03 5.655578559978224201e-02 3.220219936087163892e-02
-7.226493606331811179e+02 1.395009803968687083e+04 -1.016753027215600014e-03 1.014712124868386977e-03 2.309874506926788348e-02 2.305184100941789355e-02
-7.054343539507520973e+02 1.396815763661963319e+04 -1.171306357719004154e-04 4.811426333691636031e-05 2.633959360036306277e-03 1.081123532119122009e-03
-6.882173652995228395e+02 1.398621931275912175e+04 8.732313290238380432e-07 3.362335713624985643e-04 -1.961064093411714419e-05 7.579711664442080610e-03
-6.709983943371445321e+02 1.400428306846447958e+04 2.211797400377690792e-04 5.735420334236054820e-04 -4.954909104459691294e-03 1.296415090973863579e-02
-6.537774407213464656e+02 1.402234890409477157e+04 -6.515167187899351120e-04 6.166753167639847395e-04 1.473971408632055238e-02 1.394595015248614039e-02
-6.365545041096218029e+02 1.404041682000930632e+04 -1.350971171632409096e-03 7.126853776996133500e-04 3.080958576618890790e-02 1.613479686075523778e-02
-6.193295841594372177e+02 1.405848681656742156e+04 -1.585018238984048367e-03 1.864608484380251858e-03 3.624496834815577051e-02 4.277698646243023595e-02
-6.021026805281281895e+02 1.407655889412859688e+04 -1.365531585179269314e-03 1.398940413976710760e-03 3.114686850740749913e-02 3.192119306574176668e-02
-5.848737928731087550e+02 1.409463305305222275e+04 -7.235774537548422813e-04 5.029145154667220710e-04 1.638341833798939717e-02 1.135860675015494189e-02
-5.676429208515563687e+02 1.411270929369794430e+04 -5.644800257869064808e-04 3.205642748640863686e-04 1.275800408212864924e-02 7.225199550773082381e-03
-5.504100641206218825e+02 1.413078761642542668e+04 -8.745747618377208710e-04 2.366720506108257517e-04 1.983645167962960754e-02 5.329303344642898066e-03
-5.331752223373250672e+02 1.414886802159448052e+04 -9.043618338182568550e-04 6.951546996063656973e-04 2.051903807405718733e-02 1.573477305331003051e-02
-5.159383951587641377e+02 1.416695050956482919e+04 -4.300381406210362911e-04 1.022029324740633726e-03 9.704638095215071744e-03 2.322001524461248315e-02
-4.986995822418003286e+02 1.418503508069644886e+04 -5.879366071894764900e-04 4.097260843064533253e-04 1.329169285917933784e-02 9.244132088856396590e-03
-4.814587832432686696e+02 1.420312173534933572e+04 -7.088871207088232040e-04 2.100096513688229079e-04 1.604811274697272305e-02 4.727506692983074812e-03
-4.642159978198725412e+02 1.422121047388363695e+04 -5.247793160378932953e-04 5.964061147637915233e-04 1.185537417061581326e-02 1.348446277875781779e-02
-4.469712256283939951e+02 1.423930129665939967e+04 -7.860884070396423340e-04 9.163959839579245486e-04 1.781148391725334221e-02 2.079493913981210820e-02
-4.297244663253779322e+02 1.425739420403693657e+04 -1.439344370737671852e-03 1.177863701682333461e-03 3.285844714587010662e-02 2.680835284447286027e-02
-4.124757195673430488e+02 1.427548919637657673e+04 -2.023616340011358261e-03 1.386228840664342809e-03 4.651098120448168838e-02 3.162650316691483637e-02
-3.952249850106759936e+02 1.429358627403879291e+04 -1.617903122678399086e-03 1.215863708991613001e-03 3.701104173941979075e-02 2.768532045738300931e-02
-3.779722623118422007e+02 1.431168543738397420e+04 -1.376386149786412716e-03 1.465170785764979573e-03 3.139838164388157604e-02 3.345800526948947834e-02
-3.607175511270700667e+02 1.432978668677275709e+04 -1.921738265082240105e-03 1.698017377460887432e-03 4.411696562295909507e-02 3.887981220326033882e-02
-3.434608511125085784e+02 1.434789002256586355e+04 -2.678132150322198868e-03 2.299884747334603793e-03 6.202955477764884179e-02 5.303195818253058497e-02
-3.262021619243855071e+02 1.436599544512393186e+04 -3.198022488504648209e-03 3.383408186054254543e-03 7.453010733496413798e-02 7.902569858307124939e-02
-3.089414832186915305e+02 1.438410295480784771e+04 -2.837643027305603027e-03 2.727752419851131680e-03 6.584833890232276443e-02 6.321593129817076884e-02
-2.916788146513903257e+02 1.440221255197852770e+04 -2.437694696709513664e-03 1.427523741074406471e-03 5.630075868034099817e-02 3.258415205972173267e-02
-2.744141558783138635e+02 1.442032423699702485e+04 -1.696121064014732838e-03 4.701106529581580663e-04 3.883553781838045699e-02 1.061376681948388197e-02
-2.571475065553727291e+02 1.443843801022430671e+04 -1.118037151172757149e-03 6.793969467059549778e-06 2.542922695073570119e-02 1.525890827680754190e-04
-2.398788663382400728e+02 1.445655387202159727e+04 -2.409942448139190674e-03 7.469306912155737437e-04 5.564162593661306500e-02 1.691668551537561446e-02
-2.226082348825622432e+02 1.447467182275014420e+04 -4.455331712961196899e-03 2.146108686143213297e-03 1.054236729653305338e-01 4.939701689223472553e-02
-2.053356118438535702e+02 1.449279186277133158e+04 -5.160640925168991089e-03 2.651568761112130766e-03 1.231811596099774281e-01 6.139502570788470809e-02
-1.880609968777071117e+02 1.451091399244646527e+04 -4.389974754303693771e-03 2.748485219696725820e-03 1.037940408549751781e-01 6.371205131480617290e-02
-1.707843896394782064e+02 1.452903821213710034e+04 -3.682648297399282455e-03 2.224593074323463152e-03 8.632516416118997393e-02 5.125057113050545538e-02
-1.535057897844954766e+02 1.454716452220481369e+04 -3.352838335558772087e-03 1.689885256804180046e-03 7.828298872223567184e-02 3.868996044966894338e-02
-1.362251969679553270e+02 1.456529292301132955e+04 -2.792619168758392334e-03 2.012475830515998536e-03 6.476896325637786223e-02 4.624891299302139047e-02
-1.189426108451327480e+02 1.458342341491828483e+04 -1.929082442075014114e-03 1.193945334462451950e-03 4.428935363452703167e-02 2.717939236160500649e-02
-1.016580310710650679e+02 1.460155599828756385e+04 -1.711883582174777985e-03 1.261434893920536035e-04 3.920361451438781480e-02 2.836922438550299342e-03
-8.437145730076271377e+01 1.461969067348108547e+04 -2.375647891312837601e-03 3.952283820651454491e-05 5.482770910038532036e-02 8.879891767754212852e-04
-6.708288918910372445e+01 1.463782744086090133e+04 -1.070051919668912888e-03 2.651070298499503056e-04 2.432444090080477378e-02 5.971508201733082000e-03
-4.979232639104487390e+01 1.465596630078898124e+04 2.663828432559967041e-03 3.269193279793756405e-03 -5.810253687427198444e-02 7.625360518348643646e-02
-3.249976856130495406e+01 1.467410725362755147e+04 6.520288065075874329e-03 6.111962150355886025e-03 -1.366537832557633003e-01 1.476431532241372357e-01
-1.520521535452306239e+01 1.469225029973891287e+04 1.096419990062713623e-02 9.605496744620802343e-03 -2.201242304492104784e-01 2.429867445737512455e-01
2.091333574583040811e+00 1.471039543948528990e+04 1.588764786720275879e-02 1.332737416208650515e-02 -3.051298929168543839e-01 3.556799792453301801e-01
1.938987857153365368e+01 1.472854267322915257e+04 1.710164733231067657e-02 1.450263301690257224e-02 -3.250247910521162353e-01 3.940755328731450069e-01
3.669041998187604037e+01 1.474669200133300001e+04 1.373574882745742798e-02 1.213852150000916189e-02 -2.688618514369054413e-01 3.182845091937862025e-01
5.399295815129002563e+01 1.476484342415947503e+04 9.257631376385688782e-03 7.683290974390551489e-03 -1.888881229058983480e-01 1.894061426936944625e-01
7.129749342537682821e+01 1.478299694207113498e+04 4.928890150040388107e-03 3.562508840493715245e-03 -1.049831624698463750e-01 8.338815686450630482e-02
8.860402614997585147e+01 1.480115255543078092e+04 1.904045930132269859e-03 1.282147327218938334e-03 -4.187165419539914252e-02 2.921686296384463227e-02
1.059125566709535775e+02 1.481931026460125395e+04 -4.643655847758054733e-05 5.810760593544097652e-04 1.043405968120938738e-03 1.313557084646502053e-02
1.232230853343091042e+02 1.483747006994552430e+04 -2.096397336572408676e-03 2.182267592105920171e-03 4.822476601252574657e-02 5.025054966376447246e-02
1.405356124859630143e+02 1.485563197182648764e+04 -2.589372685179114342e-03 2.112226691117412465e-03 5.991089917308946300e-02 4.859789132715324617e-02
1.578501384720741783e+02 1.487379597060728520e+04 -2.112150657922029495e-03 1.648054094850683439e-03 4.859609876019407859e-02 3.771394308225362729e-02
1.751666636388286520e+02 1.489196206665108184e+04 -1.997108338400721550e-03 1.914789067693121799e-03 4.588752234723597612e-02 4.395387622654142040e-02
1.924851883325451922e+02 1.491013026032119342e+04 -1.993692712858319283e-03 1.818892317250979948e-03 4.580721630002591860e-02 4.170600543486124856e-02
2.098057128994640550e+02 1.492830055198084301e+04 -2.509942278265953064e-03 1.124087042007240744e-03 5.801872307365514569e-02 2.556860305257914814e-02
2.271282376860640682e+02 1.494647294199351199e+04 -2.029184484854340553e-03 4.970680219387276682e-04 4.664199142342513593e-02 1.122581644897710507e-02
2.444527630389039814e+02 1.496464743072275996e+04 -1.006001257337629795e-03 2.196963609285562398e-04 2.285167240204902597e-02 4.946103398800012416e-03
2.617792893044640437e+02 1.498282401853206648e+04 -1.042652293108403683e-03 3.954437841913780003e-04 2.369415371217824598e-02 8.920456996201598862e-03
2.791078168294632178e+02 1.500100270578515665e+04 -1.472909003496170044e-03 9.952385989915365615e-04 3.363771737549315494e-02 2.260441064342959619e-02
2.964383459606475526e+02 1.501918349284579563e+04 -1.585446996614336967e-03 8.462469504116565356e-04 3.625495274323495970e-02 1.918773696684641927e-02
3.137708770448962809e+02 1.503736638007787587e+04 -2.026724629104137421e-03 1.510253518757013070e-03 4.658411253669134805e-02 3.450545944567627588e-02
3.311054104290099644e+02 1.505555136784521528e+04 -3.262296551838517189e-03 2.756799603691014594e-03 7.608646146576115987e-02 6.391107731979042694e-02
3.484419464600280207e+02 1.507373845651187548e+04 -3.077441593632102013e-03 2.562651522833923716e-03 7.161683896947378114e-02 5.927395299230093367e-02
3.657804854850170386e+02 1.509192764644195631e+04 -2.089255955070257187e-03 2.374705918586040524e-03 4.805647683891962202e-02 5.480536249368347934e-02
3.831210278511770184e+02 1.511011893799968675e+04 -2.382779959589242935e-03 3.085739362190965257e-03 5.499692078326706007e-02 7.181704369599327398e-02
4.004635739056292323e+02 1.512831233154921938e+04 -3.046879544854164124e-03 3.579584291737652937e-03 7.087979746620697019e-02 8.380506893754299802e-02
4.178081239957339221e+02 1.514650782745495962e+04 -2.652911003679037094e-03 3.212658506354885285e-03 6.142707867415020395e-02 7.488429594529145972e-02
4.351546784688787852e+02 1.516470542608133655e+04 -1.691608922556042671e-03 1.296480371104135948e-03 3.873019798435933109e-02 2.954834948214155044e-02
4.525032376725846461e+02 1.518290512779291930e+04 -1.601744676008820534e-03 8.462521283473833141e-04 3.663454754739971231e-02 1.918785550456029651e-02
4.698538019542940560e+02 1.520110693295419696e+04 -9.278985671699047089e-04 4.665523755267401984e-04 2.105872440210377131e-02 1.053300641094363256e-02
4.872063716616883653e+02 1.521931084192990784e+04 -2.382390084676444530e-04 1.049608563801985273e-05 5.364682399249602086e-03 2.357465218435998830e-04
5.045609471424766070e+02 1.523751685508482296e+04 -1.105577684938907623e-03 1.114510277282771810e-03 2.514224959450121061e-02 2.534798454036025703e-02
5.219175287445012827e+02 1.525572497278384799e+04 -1.863558776676654816e-03 1.856606847703858292e-03 4.275238235647221829e-02 4.258945132484017598e-02
5.392761168155260521e+02 1.527393519539181034e+04 -1.676695304922759533e-03 1.012275733511096678e-03 3.838210564656960311e-02 2.299585069359939837e-02
5.566367117035540559e+02 1.529214752327378483e+04 -9.510867530480027199e-04 2.440196277060029215e-04 2.159070367476874711e-02 5.495209080806784038e-03
5.739993137566690393e+02 1.531036195679493176e+04 -6.666699773631989956e-04 5.923177030128839917e-04 1.508513541744655947e-02 1.339140399207696189e-02
5.913639233228761896e+02 1.532857849632033322e+04 -9.765578433871269226e-04 8.653882254127076264e-04 2.217538329043209494e-02 1.962603134463712998e-02
6.087305407504201185e+02 1.534679714221531503e+04 -1.923101022839546204e-03 1.721452714560126615e-03 4.414895104613387328e-02 3.942713315614210928e-02
6.260991663875729500e+02 1.536501789484523943e+04 -3.086694516241550446e-03 2.836504086126343145e-03 7.184009178434887233e-02 6.582102022482130832e-02
6.434698005827403904e+02 1.538324075457560502e+04 -3.118533175438642502e-03 2.758467589386455997e-03 7.260867013569970163e-02 6.395100958611926734e-02
6.608424436842499290e+02 1.540146572177182679e+04 -2.319173421710729599e-03 2.286179441857345146e-03 5.348883572601978442e-02 5.270745685481344200e-02
6.782170960406682525e+02 1.541969279679957435e+04 -1.330697792582213879e-03 1.322995199177926526e-03 3.034015519219261312e-02 3.016185921022451408e-02
6.955937580005900145e+02 1.543792198002454279e+04 -2.606903435662388802e-04 5.393617461504799726e-04 5.871730150688942579e-03 1.218682364637024319e-02
7.129724299127433369e+02 1.545615327181257089e+04 1.170079558505676687e-04 5.265428169707109859e-04 -2.624291946259383300e-03 1.189545160001897854e-02
7.303531121257780114e+02 1.547438667252941377e+04 -2.515894011594355106e-04 2.656372504683688013e-04 5.666160724210263754e-03 5.983487168055976260e-03
7.477358049885835953e+02 1.549262218254107756e+04 -6.509551312774419785e-04 6.636990421126524658e-04 1.472691488774123536e-02 1.501740299512062567e-02
7.651205088500772717e+02 1.551085980221359750e+04 -6.560375331901013851e-04 5.359486235172685907e-04 1.484275439870614763e-02 1.210923566503510629e-02
7.825072240593100332e+02 1.552909953191314889e+04 -5.077733658254146576e-05 1.557977430464329758e-04 1.140996719205155307e-03 3.505006114199248762e-03
7.998959509652546558e+02 1.554734137200582700e+04 5.506642628461122513e-05 2.332068681488283415e-04 -1.235905398151112807e-03 5.251070279820836684e-03
8.172866899171235673e+02 1.556558532285797810e+04 -4.865389782935380936e-04 1.712806770081468631e-04 1.098671673698479491e-02 3.854000133807857810e-03
8.346794412641571625e+02 1.558383138483597213e+04 -6.550254183821380138e-04 3.055170641937778931e-04 1.481968492783141550e-02 6.884880154611507964e-03
8.520742053557295321e+02 1.560207955830632818e+04 -1.180758699774742126e-03 6.441610940854685296e-05 2.687513681585258427e-02 1.447689926944221517e-03
8.694709825411368911e+02 1.562032984363547803e+04 -1.654078136198222637e-03 3.896612381696088943e-04 3.785443914288460360e-02 8.789438837885354960e-03
8.868697731699147653e+02 1.563858224119010447e+04 -5.321634234860539436e-04 2.673978349143902298e-04 1.202319656407032679e-02 6.023264058704215496e-03
9.042705775916801940e+02 1.565683675133697943e+04 9.672273881733417511e-05 2.467502121115008429e-04 -2.169821795791039131e-03 5.556871743197117249e-03
9.216733961559717727e+02 1.567509337444279117e+04 -4.261232388671487570e-04 4.900030738353019447e-04 9.615864665439222830e-03 1.106537514460322232e-02
9.390782292125682034e+02 1.569335211087447533e+04 7.828407105989754200e-04 2.498131336917269480e-04 -1.742810544742490544e-02 5.626043842249944978e-03
9.564850771112759276e+02 1.571161296099900210e+04 1.989305717870593071e-03 1.955284149631261216e-03 -4.370619733887137065e-02 4.490462195134330148e-02
9.738939402020361058e+02 1.572987592518348174e+04 1.237178104929625988e-03 8.871302049314440732e-04 -2.740528921586556088e-02 2.012410944732193063e-02
9.913048188347107725e+02 1.574814100379494266e+04 8.601871086284518242e-04 4.052231788006200003e-04 -1.913366736654833686e-02 9.142072906515580702e-03
1.008717713359402637e+03 1.576640819720065883e+04 1.090503414161503315e-03 1.189955217191423836e-03 -2.419520202779132378e-02 2.708731851989541056e-02
1.026132624126242945e+03 1.578467750576794424e+04 1.107949996367096901e-03 1.254147812374433076e-03 -2.457757415091583672e-02 2.856962286962288697e-02
1.043549551485496067e+03 1.580294892986424748e+04 1.530232839286327362e-03 1.495309996249632708e-03 -3.378831677753701968e-02 3.415813941661934028e-02
1.060968495787349184e+03 1.582122246985693346e+04 1.365551492199301720e-03 1.103065744842738130e-03 -3.020640703066974214e-02 2.508440236087671610e-02
1.078389457382229239e+03 1.583949812611361995e+04 3.748815215658396482e-04 4.605106738218476777e-04 -8.383762924739985439e-03 1.039589592501074210e-02
1.095812436620591143e+03 1.585777589900196290e+04 1.693640297162346542e-05 7.755189049901116286e-05 -3.802816209902898435e-04 1.743161376666008729e-03
1.113237433853025323e+03 1.587605578888974560e+04 -3.781182749662548304e-05 5.765646965535560498e-04 8.495302851984555970e-04 1.303292133006928380e-02
1.130664449430042396e+03 1.589433779614468040e+04 7.567082648165524006e-04 7.809008837465867148e-05 -1.685120200190788273e-02 1.755269264569674385e-03
1.148093483702394451e+03 1.591262192113472520e+04 1.811050693504512310e-03 1.335995356108131459e-03 -3.986682173982224880e-02 3.046279913517396104e-02
1.165524537020915204e+03 1.593090816422792886e+04 1.381009933538734913e-03 2.012855200606911317e-03 -3.054318279633868802e-02 4.625783612695710811e-02
1.182957609736359018e+03 1.594919652579224930e+04 3.255534684285521507e-04 8.308475969624651465e-04 -7.284609424328021554e-03 1.883526400136961362e-02
1.200392702199722407e+03 1.596748700619590636e+04 -4.063033848069608212e-04 1.133064374372410275e-04 9.166555024897226484e-03 2.547853568761995931e-03
1.217829814762028946e+03 1.598577960580714716e+04 1.976835192181169987e-04 6.584040418890205930e-04 -4.429706459582616156e-03 1.489669709899569920e-02
1.235268947774437265e+03 1.600407432499435345e+04 5.759990308433771133e-04 9.561891967083038096e-04 -1.285270594800154258e-02 2.170780103546230549e-02
1.252710101588027783e+03 1.602237116412583418e+04 -1.589501334819942713e-05 5.726430143330496795e-04 3.570303705075706844e-04 1.294369770010492943e-02
1.270153276554121931e+03 1.604067012357014573e+04 1.609029714018106461e-04 6.599225578398168349e-04 -3.607009735073241422e-03 1.493131200573385997e-02
1.287598473024068653e+03 1.605897120369587537e+04 5.368633428588509560e-04 2.122751708471305471e-04 -1.198465276655972730e-02 4.778627625699838864e-03
1.305045691349352865e+03 1.607727440487175045e+04 8.283070055767893791e-04 2.078193845564105973e-04 -1.843103302163162996e-02 4.678086304046385861e-03
1.322494931881380126e+03 1.609557972746642008e+04 8.881066460162401199e-04 7.535002834678078670e-04 -1.974860598886750765e-02 1.706675229493289508e-02
1.339946194971797695e+03 1.611388717184878260e+04 7.410902762785553932e-04 1.306600301286339958e-05 -1.650625819270548633e-02 2.934764234940673224e-04
1.357399480972281253e+03 1.613219673838776544e+04 1.411700155586004257e-03 3.469239374639322866e-04 -3.121146040508695693e-02 7.821649437086342777e-03
1.374854790234640632e+03 1.615050842745243972e+04 1.545942272059619427e-03 1.333295148925563688e-03 -3.412933619548549208e-02 3.040028473382869190e-02
1.392312123110608127e+03 1.616882223941179291e+04 9.965349454432725906e-04 9.646161145057206149e-04 -2.213320172092476251e-02 2.190122268102614317e-02
1.409771479952156824e+03 1.618713817463507257e+04 1.264108926989138126e-03 1.286829216703059544e-03 -2.799357266752313181e-02 2.932513096726993215e-02
1.427232861111288685e+03 1.620545623349154266e+04 1.381755108013749123e-03 1.677921636307540265e-03 -3.055941421380204900e-02 3.841072434853794182e-02
1.444696266940140504e+03 1.622377641635061809e+04 1.262072590179741383e-03 7.065573770659417481e-04 -2.794910252186497135e-02 1.599494687573998694e-02
1.462161697790770177e+03 1.624209872358163375e+04 8.250621613115072250e-05 8.180410085295116611e-04 -1.851191573604174653e-03 1.854223094901523428e-02
1.479629154015478207e+03 1.626042315555416644e+04 -1.537803211249411106e-03 1.908888119541067878e-03 3.514609070780805311e-02 4.381540887220387176e-02
1.497098635966646043e+03 1.627874971263789485e+04 -1.378922723233699799e-03 1.154987754239440332e-03 3.145716617905920665e-02 2.628079026407898269e-02
1.514570143996577144e+03 1.629707839520240123e+04 -1.235411269590258598e-03 8.427373455760701253e-04 2.813674057416801905e-02 1.910739533663177725e-02
1.532043678457816895e+03 1.631540920361752615e+04 -9.736933279782533646e-04 6.321567404944449875e-04 2.210961231768539259e-02 1.429857332907529324e-02
1.549519239702938648e+03 1.633374213825314655e+04 6.950180977582931519e-04 6.658742066125284114e-04 -1.548799979018740218e-02 1.506699270733366687e-02
1.566996828084651270e+03 1.635207719947927035e+04 9.631488355807960033e-04 1.274791033931954630e-03 -2.139956759402842495e-02 2.904677344175197323e-02
1.584476443955585410e+03 1.637041438766583269e+04 -6.992782582528889179e-04 7.499307871756487451e-05 1.582885209119227685e-02 1.685597554222522743e-03
