-1.558060680482456746e+03 1.018819907410000087e+04 7.483763620260000310e-04 3.921474059079999995e-04 -5.043855388780000247e-03 2.653161155919999802e-03
-1.541098802628385556e+03 1.020582901250000032e+04 8.449250599369999759e-04 3.921474059079999995e-04 -5.692718792879999760e-03 2.653161155919999802e-03
-1.524134997445605450e+03 1.022346095410000089e+04 6.448358763010000405e-04 3.921474059079999995e-04 -4.347534923840000280e-03 2.653161155919999802e-03
-1.507169260262131274e+03 1.024109490379999988e+04 1.912611187440000087e-04 3.921474059079999995e-04 -1.291470549169999914e-03 2.653161155919999802e-03
-1.490201592919875566e+03 1.025873085960000026e+04 -2.435531932860000024e-04 3.921474059079999995e-04 1.646985220239999964e-03 2.653161155919999802e-03
-1.473231997261663764e+03 1.027636881979999998e+04 -1.295469555770000110e-04 3.921474059079999995e-04 8.757005812690000363e-04 2.653161155919999802e-03
-1.456260468613804051e+03 1.029400878899999952e+04 1.561078097439999894e-04 3.921474059079999995e-04 -1.054226606070000080e-03 2.653161155919999802e-03
-1.439287008818724644e+03 1.031165076550000049e+04 -1.489194110040000006e-04 3.921474059079999995e-04 1.006718807890000103e-03 2.653161155919999802e-03
-1.422311617546796697e+03 1.032929474950000076e+04 -6.498665316030000387e-04 3.921474059079999995e-04 4.400658789189999809e-03 2.653161155919999802e-03
-1.405334296641534365e+03 1.034694073919999937e+04 -8.382247760889999667e-04 3.921474059079999995e-04 5.679780377200000126e-03 2.653161155919999802e-03
-1.388355041426968228e+03 1.036458873929999936e+04 -3.316434158479999788e-04 3.921474059079999995e-04 2.243348316099999951e-03 2.653161155919999802e-03
-1.371373853746215218e+03 1.038223874810000052e+04 5.758092156609999519e-04 3.921474059079999995e-04 -3.883053986720000003e-03 2.653161155919999802e-03
-1.354390735443307449e+03 1.039989076349999959e+04 7.586981519130000075e-04 3.921474059079999995e-04 -5.113243922869999993e-03 2.653161155919999802e-03
-1.337405681840564739e+03 1.041754479039999933e+04 3.139865875709999779e-04 3.921474059079999995e-04 -2.119283728090000200e-03 2.653161155919999802e-03
-1.320418694781621753e+03 1.043520082689999981e+04 1.468491100240000048e-04 3.921474059079999995e-04 -9.917317878020001035e-04 2.653161155919999802e-03
-1.303429773936323045e+03 1.045285887340000045e+04 3.163507790299999786e-04 3.921474059079999995e-04 -2.135224049499999822e-03 2.653161155919999802e-03
-1.286438921149390126e+03 1.047051892790000056e+04 2.365988475499999910e-04 3.921474059079999995e-04 -1.597364395750000034e-03 2.653161155919999802e-03
-1.269446131740862938e+03 1.048818099529999927e+04 2.288138784929999903e-05 3.921474059079999995e-04 -1.545920219919999907e-04 2.653161155919999802e-03
-1.252451407555064634e+03 1.050584507359999952e+04 5.078293906990000275e-05 3.921474059079999995e-04 -3.430691117509999922e-04 2.653161155919999802e-03
-1.235454750437233770e+03 1.052351116109999930e+04 2.021699619949999984e-04 3.921474059079999995e-04 -1.365081109400000103e-03 2.653161155919999802e-03
-1.218456155705698393e+03 1.054117926249999982e+04 4.615024081430000018e-04 3.921474059079999995e-04 -3.113407826539999965e-03 2.653161155919999802e-03
-1.201455625205298929e+03 1.055884937580000042e+04 4.313565150370000088e-04 3.921474059079999995e-04 -2.910331920179999848e-03 2.653161155919999802e-03
-1.184453158605353792e+03 1.057652150160000019e+04 -1.620190159879999949e-04 3.921474059079999995e-04 1.095322727979999985e-03 2.653161155919999802e-03
-1.167448757751791391e+03 1.059419563770000059e+04 -4.500835202629999924e-04 3.921474059079999995e-04 3.045738422519999981e-03 2.653161155919999802e-03
-1.150442417960657167e+03 1.061187178920000042e+04 -6.976778968239999456e-05 3.921474059079999995e-04 4.715151301300000248e-04 2.653161155919999802e-03
-1.133434141077480263e+03 1.062954995410000083e+04 1.282249286310000022e-04 3.921474059079999995e-04 -8.660095583640000511e-04 2.653161155919999802e-03
-1.116423928948707726e+03 1.064723013039999933e+04 -2.260982291770000118e-04 3.921474059079999995e-04 1.528858846999999995e-03 2.653161155919999802e-03
-1.099411776888670147e+03 1.066491232309999941e+04 -4.743502358909999946e-04 3.921474059079999995e-04 3.210216396699999784e-03 2.653161155919999802e-03
-1.082397686743415306e+03 1.068259653020000042e+04 5.827847053300000088e-05 3.921474059079999995e-04 -3.936959411289999854e-04 2.653161155919999802e-03
-1.065381658181733656e+03 1.070028275199999916e+04 7.001880439930000238e-04 3.921474059079999995e-04 -4.719844287560000066e-03 2.653161155919999802e-03
-1.048363693050762549e+03 1.071797098670000014e+04 5.491644260469999688e-04 3.921474059079999995e-04 -3.703703261949999916e-03 2.653161155919999802e-03
-1.031343786662546108e+03 1.073566123909999988e+04 -8.559797424820000478e-05 3.921474059079999995e-04 5.785320082409999877e-04 2.653161155919999802e-03
-1.014321940863822192e+03 1.075335350730000027e+04 -2.688527747520000019e-04 3.921474059079999995e-04 1.818224771670000047e-03 2.653161155919999802e-03
-9.972981575022462266e+02 1.077104778939999960e+04 8.788540435490000303e-05 3.921474059079999995e-04 -5.936440581880000423e-04 2.653161155919999802e-03
-9.802724318881465706e+02 1.078874409019999985e+04 2.785120741460000147e-04 3.921474059079999995e-04 -1.880069899320000034e-03 2.653161155919999802e-03
-9.632447658687789271e+02 1.080644240790000003e+04 2.126421313729999908e-04 3.921474059079999995e-04 -1.435739989829999978e-03 2.653161155919999802e-03
-9.462151591124054448e+02 1.082414274269999987e+04 -5.196413985689999959e-05 3.921474059079999995e-04 3.511707063030000144e-04 2.653161155919999802e-03
-9.291836134673727656e+02 1.084184509280000020e+04 -3.656685003079999810e-04 3.921474059079999995e-04 2.473790408120000051e-03 2.653161155919999802e-03
-9.121501242417193680e+02 1.085954946299999938e+04 -3.280118980910000197e-04 3.921474059079999995e-04 2.218756228889999949e-03 2.653161155919999802e-03
-8.951146932833920573e+02 1.087725585150000006e+04 -2.471465850250000235e-04 3.921474059079999995e-04 1.671305211089999963e-03 2.653161155919999802e-03
-8.780773224412561149e+02 1.089496425620000082e+04 -2.379481447860000085e-04 3.921474059079999995e-04 1.609051564470000053e-03 2.653161155919999802e-03
-8.610380070216320973e+02 1.091267468209999970e+04 -8.871968020679999963e-05 3.921474059079999995e-04 5.996370450579999525e-04 2.653161155919999802e-03
-8.439967488729852221e+02 1.093038712719999967e+04 1.594844070500000023e-05 3.921474059079999995e-04 -1.077539288299999973e-04 2.653161155919999802e-03
-8.269535476630475159e+02 1.094810159190000013e+04 -8.178688585759999517e-05 3.921474059079999995e-04 5.527668410770000384e-04 2.653161155919999802e-03
-8.099084052413761583e+02 1.096581807429999935e+04 -5.104933516120000337e-04 3.921474059079999995e-04 3.455241881769999853e-03 2.653161155919999802e-03
-7.928613169119990971e+02 1.098353657930000008e+04 -7.841399637979999540e-04 3.921474059079999995e-04 5.312328462239999591e-03 2.653161155919999802e-03
-7.758122845240728793e+02 1.100125710480000089e+04 -5.170369986439999743e-04 3.921474059079999995e-04 3.499609731020000055e-03 2.653161155919999802e-03
-7.587613099276738922e+02 1.101897964909999973e+04 -1.345711207250000071e-04 3.921474059079999995e-04 9.096779607860000331e-04 2.653161155919999802e-03
-7.417083884251094332e+02 1.103670421689999966e+04 2.801337104759999818e-04 3.921474059079999995e-04 -1.891006261170000103e-03 2.653161155919999802e-03
-7.246535218660550299e+02 1.105443080650000047e+04 5.277144373389999581e-04 3.921474059079999995e-04 -3.559296273249999872e-03 2.653161155919999802e-03
-7.075967099177120190e+02 1.107215941799999928e+04 3.334883076600000181e-04 3.921474059079999995e-04 -2.250764504209999857e-03 2.653161155919999802e-03
-6.905379544308492541e+02 1.108989004960000057e+04 3.387891920279999854e-04 3.921474059079999995e-04 -2.286500127459999924e-03 2.653161155919999802e-03
-6.734772507054781272e+02 1.110762270619999981e+04 3.366151067890000214e-04 3.921474059079999995e-04 -2.271843804709999977e-03 2.653161155919999802e-03
-6.564146005919666322e+02 1.112535738579999997e+04 -3.947755612899999663e-05 3.921474059079999995e-04 2.667758256210000264e-04 2.653161155919999802e-03
-6.393500059416030581e+02 1.114309408660000008e+04 -3.445354523139999826e-04 3.921474059079999995e-04 2.330656115550000084e-03 2.653161155919999802e-03
-6.222834620526762137e+02 1.116083281340000030e+04 -1.961325906449999895e-04 3.921474059079999995e-04 1.326099087919999911e-03 2.653161155919999802e-03
-6.052149707760730735e+02 1.117857356419999996e+04 3.379468107599999820e-04 3.921474059079999995e-04 -2.280821345370000110e-03 2.653161155919999802e-03
-5.881445317784631470e+02 1.119631633949999923e+04 4.344506014599999852e-04 3.921474059079999995e-04 -2.931176937349999883e-03 2.653161155919999802e-03
-5.710721469118276445e+02 1.121406113729999925e+04 4.775704001079999778e-04 3.921474059079999995e-04 -3.221631994069999901e-03 2.653161155919999802e-03
-5.539978114721569682e+02 1.123180796249999912e+04 1.070946222169999983e-03 3.921474059079999995e-04 -7.210068000389999697e-03 2.653161155919999802e-03
-5.369215273110308999e+02 1.124955681320000076e+04 1.564781065099999941e-03 3.921474059079999995e-04 -1.051734337259999964e-02 2.653161155919999802e-03
-5.198432962809506535e+02 1.126730768739999985e+04 1.569014741110000060e-03 3.921474059079999995e-04 -1.054564960930000003e-02 2.653161155919999802e-03
-5.027631136761816606e+02 1.128506059009999990e+04 1.483492087569999963e-03 3.921474059079999995e-04 -9.973692150869999801e-03 2.653161155919999802e-03
-4.856809813488233658e+02 1.130281551930000023e+04 1.636949251409999979e-03 3.921474059079999995e-04 -1.099974825470000084e-02 2.653161155919999802e-03
-4.685968989650121443e+02 1.132057247529999950e+04 1.992283156139999876e-03 3.921474059079999995e-04 -1.337157338299999922e-02 2.653161155919999802e-03
-4.515108683779429839e+02 1.133833145630000035e+04 2.748243510720000185e-03 3.921474059079999995e-04 -1.839891010509999911e-02 2.653161155919999802e-03
-4.344228848795794988e+02 1.135609246709999934e+04 3.708947449919999893e-03 3.921474059079999995e-04 -2.475159206339999987e-02 2.653161155919999802e-03
-4.173329503227145665e+02 1.137385550580000017e+04 4.052260424940000091e-03 3.921474059079999995e-04 -2.701200657520000034e-02 2.653161155919999802e-03
-4.002410665610636897e+02 1.139162057049999930e+04 3.736085491249999981e-03 3.921474059079999995e-04 -2.493045833880000103e-02 2.653161155919999802e-03
-3.831472288848631251e+02 1.140938766609999948e+04 3.260979196060000054e-03 3.921474059079999995e-04 -2.179441023830000143e-02 2.653161155919999802e-03
-3.660514391474259810e+02 1.142715679060000002e+04 2.548227319490000125e-03 3.921474059079999995e-04 -1.707120639809999937e-02 2.653161155919999802e-03
-3.489536970143544181e+02 1.144492794429999958e+04 2.361441962420000179e-03 3.921474059079999995e-04 -1.582973495250000057e-02 2.653161155919999802e-03
-3.318540043401104640e+02 1.146270112549999976e+04 3.025273093949999888e-03 3.921474059079999995e-04 -2.023492052890000018e-02 2.653161155919999802e-03
-3.147523564125214079e+02 1.148047633889999997e+04 3.919566981489999713e-03 3.921474059079999995e-04 -2.613894242969999962e-02 2.653161155919999802e-03
-2.976487550856463145e+02 1.149825358269999924e+04 5.356527399269999691e-03 3.921474059079999995e-04 -3.555318125879999847e-02 2.653161155919999802e-03
-2.805432000247818678e+02 1.151603285709999909e+04 6.459137424830000383e-03 3.921474059079999995e-04 -4.271730490480000336e-02 2.653161155919999802e-03
-2.634356930850322556e+02 1.153381416030000037e+04 6.411617156120000272e-03 3.921474059079999995e-04 -4.240960164459999654e-02 2.653161155919999802e-03
-2.463262295520229941e+02 1.155159749720000036e+04 6.198280025270000090e-03 3.921474059079999995e-04 -4.102703312179999812e-02 2.653161155919999802e-03
-2.292148112804552227e+02 1.156938286569999946e+04 5.931884516030000096e-03 3.921474059079999995e-04 -3.929792246489999946e-02 2.653161155919999802e-03
-2.121014401259543263e+02 1.158717026409999926e+04 5.541230551899999947e-03 3.921474059079999995e-04 -3.675686013980000028e-02 2.653161155919999802e-03
-1.949861113724149391e+02 1.160495969719999994e+04 5.456121172760000290e-03 3.921474059079999995e-04 -3.620239684660000318e-02 2.653161155919999802e-03
-1.778688268750590851e+02 1.162275116309999976e+04 5.725711584089999973e-03 3.921474059079999995e-04 -3.795764700660000240e-02 2.653161155919999802e-03
-1.607495884900334602e+02 1.164054465969999910e+04 5.980704445389999936e-03 3.921474059079999995e-04 -3.961502499019999707e-02 2.653161155919999802e-03
-1.436283914995009354e+02 1.165834019219999936e+04 5.665387492630000188e-03 3.921474059079999995e-04 -3.756515618680000140e-02 2.653161155919999802e-03
-1.265052377592045474e+02 1.167613775849999911e+04 5.478508770470000289e-03 3.921474059079999995e-04 -3.634827545109999697e-02 2.653161155919999802e-03
-1.093801269336752142e+02 1.169393735890000062e+04 6.025543902069999819e-03 3.921474059079999995e-04 -3.990618438870000007e-02 2.653161155919999802e-03
-9.225306087975505420e+01 1.171173899150000034e+04 6.489331834019999856e-03 3.921474059079999995e-04 -4.291277057170000270e-02 2.653161155919999802e-03
-7.512403487729632445e+01 1.172954266140000072e+04 6.698463112119999903e-03 3.921474059079999995e-04 -4.426554913160000299e-02 2.653161155919999802e-03
-5.799305078273714287e+01 1.174734836639999958e+04 7.522027473899999678e-03 3.921474059079999995e-04 -4.957510360359999868e-02 2.653161155919999802e-03
-4.086010826030150156e+01 1.176515610700000070e+04 9.004188701509999171e-03 3.921474059079999995e-04 -5.906021085580000218e-02 2.653161155919999802e-03
-2.372520916752728581e+01 1.178296588119999979e+04 1.003644615409999934e-02 3.921474059079999995e-04 -6.561340452359999686e-02 2.653161155919999802e-03
-6.588348781954420197e+00 1.180077769389999958e+04 1.046204846350000037e-02 3.921474059079999995e-04 -6.830284901180000423e-02 2.653161155919999802e-03
1.055047103928358787e+01 1.181859154329999910e+04 1.120769232510000074e-02 3.921474059079999995e-04 -7.299731710390000572e-02 2.653161155919999802e-03
2.769124843812684134e+01 1.183640742730000056e+04 1.117236725989999985e-02 3.921474059079999995e-04 -7.277541209269999811e-02 2.653161155919999802e-03
4.483398813877077771e+01 1.185422535099999914e+04 9.813731536269999778e-03 3.921474059079999995e-04 -6.420314946930000266e-02 2.653161155919999802e-03
6.197868828356013893e+01 1.187204531230000066e+04 8.674281649289999202e-03 3.921474059079999995e-04 -5.695673736270000231e-02 2.653161155919999802e-03
7.912534920880881373e+01 1.188986731160000090e+04 7.562648504969999783e-03 3.921474059079999995e-04 -4.983626099539999882e-02 2.653161155919999802e-03
9.627396905576055985e+01 1.190769134689999919e+04 6.216481328009999634e-03 3.921474059079999995e-04 -4.114506445519999778e-02 2.653161155919999802e-03
1.134245525509261796e+02 1.192551742329999979e+04 5.740986671299999969e-03 3.921474059079999995e-04 -3.805700792800000010e-02 2.653161155919999802e-03
1.305770978359544188e+02 1.194334553869999945e+04 6.332784891129999809e-03 3.921474059079999995e-04 -4.189893802650000026e-02 2.653161155919999802e-03
1.477316030515665943e+02 1.196117569130000084e+04 6.683618761599999757e-03 3.921474059079999995e-04 -4.416958784999999721e-02 2.653161155919999802e-03
1.648880729260110911e+02 1.197900788590000047e+04 6.104757077989999593e-03 3.921474059079999995e-04 -4.042033815679999670e-02 2.653161155919999802e-03
1.820465056004145197e+02 1.199684212060000027e+04 5.282477010039999914e-03 3.921474059079999995e-04 -3.507020036200000218e-02 2.653161155919999802e-03
1.992069014116297012e+02 1.201467839570000069e+04 4.589108284560000292e-03 3.921474059079999995e-04 -3.053646825689999844e-02 2.653161155919999802e-03
2.163692584996809956e+02 1.203251670940000076e+04 4.089925438169999747e-03 3.921474059079999995e-04 -2.725968687200000171e-02 2.653161155919999802e-03
2.335335815951353027e+02 1.205035706650000066e+04 4.044277127829999825e-03 3.921474059079999995e-04 -2.695950155709999838e-02 2.653161155919999802e-03
2.506998688384225034e+02 1.206819946510000045e+04 4.467030987140000256e-03 3.921474059079999995e-04 -2.973610866259999985e-02 2.653161155919999802e-03
2.678681183690441685e+02 1.208604390330000024e+04 4.808354191480000185e-03 3.921474059079999995e-04 -3.197227550170000238e-02 2.653161155919999802e-03
2.850383349193068625e+02 1.210389038599999913e+04 4.209481645379999602e-03 3.921474059079999995e-04 -2.804546699889999897e-02 2.653161155919999802e-03
3.022105166291180467e+02 1.212173891120000008e+04 2.634039847180000109e-03 3.921474059079999995e-04 -1.764104426289999847e-02 2.653161155919999802e-03
3.193846638358706400e+02 1.213958947939999962e+04 1.118896063420000021e-03 3.921474059079999995e-04 -7.531674137579999831e-03 2.653161155919999802e-03
3.365607746783684888e+02 1.215744208849999995e+04 3.377114771870000170e-04 3.921474059079999995e-04 -2.279234874980000120e-03 2.653161155919999802e-03
3.537388538912398417e+02 1.217529674349999914e+04 1.369016972599999913e-04 3.921474059079999995e-04 -9.245839085099999584e-04 2.653161155919999802e-03
3.709188996136948617e+02 1.219315344250000089e+04 3.359362017359999791e-04 3.921474059079999995e-04 -2.267267007489999833e-03 2.653161155919999802e-03
3.881009099840140948e+02 1.221101218359999984e+04 3.947750665250000139e-04 3.921474059079999995e-04 -2.663847902739999943e-03 2.653161155919999802e-03
4.052848897385678129e+02 1.222887297150000086e+04 5.637590220429999877e-05 3.921474059079999995e-04 -3.808457271960000211e-04 2.653161155919999802e-03
4.224708370160432196e+02 1.224673580450000009e+04 -1.764176122379999909e-04 3.921474059079999995e-04 1.192721903559999927e-03 2.653161155919999802e-03
4.396587521543743833e+02 1.226460068289999981e+04 -3.267967258579999737e-04 3.921474059079999995e-04 2.210527401950000085e-03 2.653161155919999802e-03
4.568486332911437557e+02 1.228246760460000041e+04 -3.317288064859999909e-04 3.921474059079999995e-04 2.243926575820000009e-03 2.653161155919999802e-03
4.740404851650460500e+02 1.230033657479999965e+04 -4.599279782269999762e-05 3.921474059079999995e-04 3.108104440129999925e-04 2.653161155919999802e-03
4.912343059140706600e+02 1.231820759130000079e+04 6.703425606250000232e-05 3.921474059079999995e-04 -4.528316188689999935e-04 2.653161155919999802e-03
5.084300936752762823e+02 1.233608065239999996e+04 8.080112456810000388e-05 3.921474059079999995e-04 -5.458045659640000519e-04 2.653161155919999802e-03
5.256278531891022112e+02 1.235395576280000023e+04 2.112290530930000009e-04 3.921474059079999995e-04 -1.426205816520000101e-03 2.653161155919999802e-03
5.428275825930140854e+02 1.237183292079999956e+04 3.594177542250000051e-05 3.921474059079999995e-04 -2.428203506879999976e-04 2.653161155919999802e-03
5.600292822254883731e+02 1.238971212650000052e+04 -4.453853471200000264e-04 3.921474059079999995e-04 3.013897683740000139e-03 2.653161155919999802e-03
5.772329502228849378e+02 1.240759337819999928e+04 -7.209132891149999537e-04 3.921474059079999995e-04 4.882937898140000260e-03 2.653161155919999802e-03
5.944385913279706983e+02 1.242547668069999963e+04 -3.610028652469999947e-04 3.921474059079999995e-04 2.442188264559999860e-03 2.653161155919999802e-03
6.116462036775129718e+02 1.244336203200000091e+04 7.234480290210000021e-05 3.921474059079999995e-04 -4.886968040870000524e-04 2.653161155919999802e-03
6.288557854073475255e+02 1.246124943030000031e+04 -2.818866632880000092e-04 3.921474059079999995e-04 1.906455749260000006e-03 2.653161155919999802e-03
6.460673412619879628e+02 1.247913888050000060e+04 -4.869755357499999790e-04 3.921474059079999995e-04 3.295800430039999909e-03 2.653161155919999802e-03
6.632808693776776181e+02 1.249703038059999926e+04 -4.904355591859999703e-05 3.921474059079999995e-04 3.314302947809999737e-04 2.653161155919999802e-03
6.804963700934362123e+02 1.251492393099999936e+04 2.517690882089999947e-04 3.921474059079999995e-04 -1.699697183900000059e-03 2.653161155919999802e-03
6.977138415444003385e+02 1.253281952979999915e+04 2.878413943109999732e-04 3.921474059079999995e-04 -1.942985466510000056e-03 2.653161155919999802e-03
7.149332884774137256e+02 1.255071718189999956e+04 4.129836452190000000e-05 3.921474059079999995e-04 -2.790040782690000193e-04 2.653161155919999802e-03
7.321547090280209886e+02 1.256861688529999992e+04 -4.301907320040000032e-04 3.921474059079999995e-04 2.910926774540000157e-03 2.653161155919999802e-03
7.493781013308342835e+02 1.258651863810000032e+04 -4.504333192019999849e-04 3.921474059079999995e-04 3.048109141269999840e-03 2.653161155919999802e-03
7.666034701344462974e+02 1.260442244530000062e+04 -1.047685873349999987e-05 3.921474059079999995e-04 7.079209173809999532e-05 2.653161155919999802e-03
7.838308135738773217e+02 1.262232830479999939e+04 1.816728763519999922e-04 3.921474059079999995e-04 -1.226766648810000094e-03 2.653161155919999802e-03
8.010601319886914098e+02 1.264023621719999937e+04 2.683511993379999972e-04 3.921474059079999995e-04 -1.811541945929999974e-03 2.653161155919999802e-03
8.182914235128002929e+02 1.265814618030000020e+04 1.624099240870000049e-04 3.921474059079999995e-04 -1.096762687799999938e-03 2.653161155919999802e-03
8.355246928971308762e+02 1.267605819929999961e+04 -2.470385516060000144e-04 3.921474059079999995e-04 1.670574034829999969e-03 2.653161155919999802e-03
8.527599382760037088e+02 1.269397227200000088e+04 -1.507727283749999889e-04 3.921474059079999995e-04 1.019253914020000007e-03 2.653161155919999802e-03
8.699971577828056297e+02 1.271188839659999940e+04 9.404285083290000297e-05 3.921474059079999995e-04 -6.352228710149999914e-04 2.653161155919999802e-03
8.872363561702144352e+02 1.272980657810000048e+04 -1.818335149439999896e-04 3.921474059079999995e-04 1.229360184370000041e-03 2.653161155919999802e-03
9.044775315720261233e+02 1.274772681440000088e+04 -4.053670854770000001e-04 3.921474059079999995e-04 2.742724626599999955e-03 2.653161155919999802e-03
9.217206843283501030e+02 1.276564910590000000e+04 -4.922078223899999973e-04 3.921474059079999995e-04 3.331271056830000139e-03 2.653161155919999802e-03
9.389658125718727888e+02 1.278357345080000050e+04 -4.925435641780000163e-04 3.921474059079999995e-04 3.333547154690000031e-03 2.653161155919999802e-03
9.562129210576086962e+02 1.280149985390000074e+04 -5.939781840420000074e-05 3.921474059079999995e-04 4.014171679309999933e-04 2.653161155919999802e-03
9.734620079186536259e+02 1.281942831330000081e+04 2.172218228219999876e-04 3.921474059079999995e-04 -1.466638978130000099e-03 2.653161155919999802e-03
9.907130712871680771e+02 1.283735882700000002e+04 8.963853179010000433e-05 3.921474059079999995e-04 -6.054824138600000500e-04 2.653161155919999802e-03
1.007966115919920639e+03 1.285529140000000007e+04 2.456277143210000265e-04 3.921474059079999995e-04 -1.658271026669999983e-03 2.653161155919999802e-03
1.025221139949481540e+03 1.287322603039999922e+04 4.686964675780000270e-04 3.921474059079999995e-04 -3.161864059449999952e-03 2.653161155919999802e-03
1.042478143716507020e+03 1.289116271849999976e+04 3.124223148919999787e-04 3.921474059079999995e-04 -2.108736638329999913e-03 2.653161155919999802e-03
1.059737125352456587e+03 1.290910146239999995e+04 1.840082986750000060e-04 3.921474059079999995e-04 -1.242527058810000053e-03 2.653161155919999802e-03
1.076998089616438165e+03 1.292704226700000072e+04 4.214643849989999948e-04 3.921474059079999995e-04 -2.843685222929999857e-03 2.653161155919999802e-03
1.094261034640321668e+03 1.294498513040000034e+04 5.390956648630000105e-04 3.921474059079999995e-04 -3.635920299510000085e-03 2.653161155919999802e-03
1.111525958555040688e+03 1.296293005059999996e+04 8.910632459449999783e-05 3.921474059079999995e-04 -6.018885894899999667e-04 2.653161155919999802e-03
1.128792866121459156e+03 1.298087703250000050e+04 -1.502884406360000132e-04 3.921474059079999995e-04 1.015978368009999924e-03 2.653161155919999802e-03
1.146061755470921071e+03 1.299882607429999916e+04 1.608248712730000129e-04 3.921474059079999995e-04 -1.086064553950000103e-03 2.653161155919999802e-03
1.163332626944629965e+03 1.301677717640000083e+04 -2.385488187430000062e-05 3.921474059079999995e-04 1.611946254409999909e-04 2.653161155919999802e-03
1.180605478672765230e+03 1.303473033659999965e+04 -5.316964234230000174e-04 3.921474059079999995e-04 3.599012082880000130e-03 2.653161155919999802e-03
1.197880315418639157e+03 1.305268556010000066e+04 -4.114106995979999941e-04 3.921474059079999995e-04 2.783672849039999821e-03 2.653161155919999802e-03
1.215157135312841547e+03 1.307064284480000060e+04 -1.210451519000000015e-04 3.921474059079999995e-04 8.182072882819999915e-04 2.653161155919999802e-03
1.232435936485078173e+03 1.308860218879999957e+04 -7.576670759589999762e-05 3.921474059079999995e-04 5.120682980809999505e-04 2.653161155919999802e-03
1.249716723700313878e+03 1.310656359709999924e+04 1.129183947339999951e-04 3.921474059079999995e-04 -7.626712189360000020e-04 2.653161155919999802e-03
1.266999495088664844e+03 1.312452706770000077e+04 4.527254495769999902e-04 3.921474059079999995e-04 -3.054286654540000132e-03 2.653161155919999802e-03
1.284284250991883937e+03 1.314249260099999992e+04 1.851715787780000067e-04 3.921474059079999995e-04 -1.250377268489999980e-03 2.653161155919999802e-03
1.301570989538974572e+03 1.316046019499999966e+04 -8.744731894689999657e-05 3.921474059079999995e-04 5.910348898699999999e-04 2.653161155919999802e-03
1.318859715497247180e+03 1.317842985469999985e+04 4.759201547130000173e-04 3.921474059079999995e-04 -3.210517489969999874e-03 2.653161155919999802e-03
1.336150426996116721e+03 1.319640157820000059e+04 4.390727845020000238e-04 3.921474059079999995e-04 -2.962316009570000169e-03 2.653161155919999802e-03
1.353443122164059105e+03 1.321437536340000042e+04 -3.552634734660000115e-05 3.921474059079999995e-04 2.400717023819999866e-04 2.653161155919999802e-03
1.370737805770146224e+03 1.323235121540000000e+04 1.062842638929999958e-04 3.921474059079999995e-04 -7.178791812650000149e-04 2.653161155919999802e-03
1.388034475943265988e+03 1.325032913220000046e+04 5.309807020240000369e-04 3.921474059079999995e-04 -3.581286975679999832e-03 2.653161155919999802e-03
1.405333133025720372e+03 1.326830911419999939e+04 7.960920338519999594e-04 3.921474059079999995e-04 -5.364585076629999928e-03 2.653161155919999802e-03
1.422633775145283380e+03 1.328629115939999974e+04 4.317390557840000264e-04 3.921474059079999995e-04 -2.912909140139999849e-03 2.653161155919999802e-03
1.439936407073375221e+03 1.330427527279999958e+04 -1.894290653579999893e-05 3.921474059079999995e-04 1.280008034820000033e-04 2.653161155919999802e-03
1.457241026938181221e+03 1.332226145240000005e+04 -1.385478826709999982e-04 3.921474059079999995e-04 9.365727897769999741e-04 2.653161155919999802e-03
1.474547632866947652e+03 1.334024969629999941e+04 -1.905631797849999959e-04 3.921474059079999995e-04 1.288418707629999894e-03 2.653161155919999802e-03
1.491856229632857776e+03 1.335824000940000042e+04 -1.783005136529999866e-04 3.921474059079999995e-04 1.205459474770000095e-03 2.653161155919999802e-03
1.509166815363570095e+03 1.337623238990000027e+04 1.899056951520000012e-05 3.921474059079999995e-04 -1.283064272650000063e-04 2.653161155919999802e-03
1.526479390401937735e+03 1.339422683800000050e+04 3.871239023279999841e-04 3.921474059079999995e-04 -2.612287047940000089e-03 2.653161155919999802e-03
1.543793952874503475e+03 1.341222335179999936e+04 1.390638935850000010e-04 3.921474059079999995e-04 -9.391797352130000194e-04 2.653161155919999802e-03
1.561110507556802986e+03 1.343022193630000038e+04 -5.133064696569999714e-04 3.921474059079999995e-04 3.474315407320000167e-03 2.653161155919999802e-03
1.578429052575791047e+03 1.344822258949999923e+04 -5.689950194209999470e-04 3.921474059079999995e-04 3.851970262940000202e-03 2.653161155919999802e-03
1.595749586057482929e+03 1.346622530949999964e+04 -4.620866966430000212e-04 3.921474059079999995e-04 3.127091668400000090e-03 2.653161155919999802e-03
