-2.537571752525994270e+03 6.105476031812345173e+04 -0.000000000000000000e+00 0.000000000000000000e+00 -0.000000000000000000e+00 -0.000000000000000000e+00
-2.517892703833174437e+03 6.107864934504439589e+04 -0.000000000000000000e+00 0.000000000000000000e+00 -0.000000000000000000e+00 -0.000000000000000000e+00
-2.498211049359154458e+03 6.110254153520653199e+04 -0.000000000000000000e+00 0.000000000000000000e+00 -0.000000000000000000e+00 -0.000000000000000000e+00
-2.478526788586337716e+03 6.112643688923817535e+04 -0.000000000000000000e+00 0.000000000000000000e+00 -0.000000000000000000e+00 -0.000000000000000000e+00
-2.458839920996989804e+03 6.115033540776782320e+04 -0.000000000000000000e+00 0.000000000000000000e+00 -0.000000000000000000e+00 -0.000000000000000000e+00
-2.439150446073238527e+03 6.117423709142413281e+04 -0.000000000000000000e+00 0.000000000000000000e+00 -0.000000000000000000e+00 -0.000000000000000000e+00
-2.419458363297016604e+03 6.119814194083601615e+04 -0.000000000000000000e+00 0.000000000000000000e+00 -0.000000000000000000e+00 -0.000000000000000000e+00
-2.399763672150298589e+03 6.122204995663229784e+04 -0.000000000000000000e+00 0.000000000000000000e+00 -0.000000000000000000e+00 -0.000000000000000000e+00
-2.380066372114739806e+03 6.124596113944223180e+04 -0.000000000000000000e+00 0.000000000000000000e+00 -0.000000000000000000e+00 -0.000000000000000000e+00
-2.360366462671921909e+03 6.126987548989513743e+04 -0.000000000000000000e+00 0.000000000000000000e+00 -0.000000000000000000e+00 -0.000000000000000000e+00
-2.340663943303285578e+03 6.129379300862050150e+04 -0.000000000000000000e+00 0.000000000000000000e+00 -0.000000000000000000e+00 -0.000000000000000000e+00
-2.320958813490136890e+03 6.131771369624799263e+04 -0.000000000000000000e+00 0.000000000000000000e+00 -0.000000000000000000e+00 -0.000000000000000000e+00
-2.301251072713642770e+03 6.134163755340744683e+04 -0.000000000000000000e+00 0.000000000000000000e+00 -0.000000000000000000e+00 -0.000000000000000000e+00
-2.281540720454833718e+03 6.136556458072883834e+04 -0.000000000000000000e+00 0.000000000000000000e+00 -0.000000000000000000e+00 -0.000000000000000000e+00
-2.261827756194601079e+03 6.138949477884234511e+04 -0.000000000000000000e+00 0.000000000000000000e+00 -0.000000000000000000e+00 -0.000000000000000000e+00
-2.242112179413700687e+03 6.141342814837829064e+04 -0.000000000000000000e+00 0.000000000000000000e+00 -0.000000000000000000e+00 -0.000000000000000000e+00
-2.222393989592749222e+03 6.143736468996715848e+04 -0.000000000000000000e+00 0.000000000000000000e+00 -0.000000000000000000e+00 -0.000000000000000000e+00
-2.202673186212226938e+03 6.146130440423962864e+04 -0.000000000000000000e+00 0.000000000000000000e+00 -0.000000000000000000e+00 -0.000000000000000000e+00
-2.182949768752414002e+03 6.148524729182659939e+04 -0.000000000000000000e+00 0.000000000000000000e+00 -0.000000000000000000e+00 -0.000000000000000000e+00
-2.163223736693636511e+03 6.150919335335891810e+04 -0.000000000000000000e+00 0.000000000000000000e+00 -0.000000000000000000e+00 -0.000000000000000000e+00
-2.143495089515898599e+03 6.153314258946782502e+04 -0.000000000000000000e+00 0.000000000000000000e+00 -0.000000000000000000e+00 -0.000000000000000000e+00
-2.123763826699130277e+03 6.155709500078464043e+04 -0.000000000000000000e+00 0.000000000000000000e+00 -0.000000000000000000e+00 -0.000000000000000000e+00
-2.104029947723120586e+03 6.158105058794088836e+04 -0.000000000000000000e+00 0.000000000000000000e+00 -0.000000000000000000e+00 -0.000000000000000000e+00
-2.084293452067523504e+03 6.160500935156820196e+04 1.113193284254521132e-04 2.727517125821815255e-04 -2.359639105073748060e-03 5.805170105698080618e-03
-2.064554339211851584e+03 6.162897129229845450e+04 -5.407253047451376915e-04 3.956362308025552815e-04 1.154165315259210976e-02 8.431661802568013800e-03
-2.044812608635483002e+03 6.165293641076361382e+04 -1.236226758919656277e-03 1.461112319742358329e-03 2.658556096627338189e-02 3.149872738685263740e-02
-2.025068259817654507e+03 6.167690470759586606e+04 -3.388719633221626282e-04 2.309718553418441003e-04 7.217544382879403746e-03 4.913750834742832731e-03
-2.005321292237467560e+03 6.170087618342753558e+04 1.603771233931183815e-04 1.862906065412227720e-04 -3.397753706232216689e-03 3.961305678463594368e-03
-1.985571705373883333e+03 6.172485083889114321e+04 -2.501672133803367615e-05 1.860281283493412866e-07 5.310472918747493991e-04 3.947907522549415960e-06
-1.965819498705725891e+03 6.174882867461935530e+04 3.675322514027357101e-04 1.876434069740309785e-04 -7.769529640137962448e-03 3.990129254609986117e-03
-1.946064671711620122e+03 6.177280969124507828e+04 8.752170251682400703e-04 1.472554176915600059e-03 -1.840351808856797305e-02 3.174934879366560908e-02
-1.926307223870233884e+03 6.179679388940118224e+04 6.216729525476694107e-04 1.060781513513151496e-03 -1.310690743729316966e-02 2.276922945397693090e-02
-1.906547154659916032e+03 6.182078126972091559e+04 -1.120724598877131939e-03 1.136210488119979243e-03 2.407149002791198270e-02 2.440819604226458772e-02
-1.886784463558936068e+03 6.184477183283762133e+04 -2.332463394850492477e-03 2.680080546397868840e-03 5.076677349727237720e-02 5.855838430798434441e-02
-1.867019150045426841e+03 6.186876557938480983e+04 -1.841777469962835312e-03 2.343184889653777189e-03 3.987068496246408411e-02 5.100618364375501118e-02
-1.847251213597381138e+03 6.189276250999615877e+04 -1.485851360484957695e-03 2.352302544077141538e-03 3.204068803864281584e-02 5.120982526611338875e-02
-1.827480653692653732e+03 6.191676262530552776e+04 -1.523338840343058109e-03 2.378107131967080456e-03 3.286249019487717110e-02 5.178639224142529002e-02
-1.807707469808960923e+03 6.194076592594692920e+04 -1.021552481688559055e-03 1.453488327178301771e-03 2.191789784164462768e-02 3.133176700505336393e-02
-1.787931661423880541e+03 6.196477241255455010e+04 -2.903468557633459568e-04 2.563808489422600314e-04 6.180819786802201239e-03 5.455785012626166927e-03
-1.768153228014851265e+03 6.198878208576273755e+04 7.389141828753054142e-04 8.999332551083177216e-04 -1.555959880634907519e-02 1.928316669043937670e-02
-1.748372169059173302e+03 6.201279494620600599e+04 1.671647187322378159e-03 2.267683682843561581e-03 -3.486102501412315091e-02 4.932146566141966393e-02
-1.728588484034007934e+03 6.203681099451907357e+04 1.486272318288683891e-03 1.657325361367274286e-03 -3.105453486518214290e-02 3.580528152826806948e-02
-1.708802172416317262e+03 6.206083023133684765e+04 9.613129077479243279e-04 1.012059727292362668e-03 -2.019572481231816929e-02 2.171199902400402365e-02
-1.689013233683105909e+03 6.208485265729421371e+04 7.706629694439470768e-04 6.063755396142050252e-04 -1.622275093947122063e-02 1.295205375950082838e-02
-1.669221667311058127e+03 6.210887827302645746e+04 1.268470194190740585e-03 1.211536076610129952e-03 -2.656359100650181049e-02 2.604760128279451359e-02
-1.649427472776779723e+03 6.213290707916893007e+04 2.464586636051535606e-03 3.007588433071517724e-03 -5.098166634728573676e-02 6.595522142992435444e-02
-1.629630649556737353e+03 6.215693907635715732e+04 2.845625160261988640e-03 3.600371632506235969e-03 -5.863678591922151517e-02 7.948410063268038228e-02
-1.609831197127258747e+03 6.218097426522686146e+04 2.505495445802807808e-03 2.819466779008925148e-03 -5.180634394243683466e-02 6.169976756287431918e-02
-1.590029114964532482e+03 6.220501264641389571e+04 2.138411160558462143e-03 2.103381741308989975e-03 -4.438187686467687243e-02 4.566504621820823701e-02
-1.570224402544607983e+03 6.222905422055431700e+04 1.701390603557229042e-03 1.956614533917318960e-03 -3.547043007666414449e-02 4.241011650559325941e-02
-1.550417059343395749e+03 6.225309898828432051e+04 1.684864517301321030e-03 1.872095434245407263e-03 -3.513187727353501988e-02 4.054049027969034574e-02
-1.530607084836666218e+03 6.227714695024029788e+04 2.041339874267578125e-03 2.644516240054449376e-03 -4.240930995035339934e-02 5.775844008649088507e-02
-1.510794478500051582e+03 6.230119810705878626e+04 2.498411107808351517e-03 3.846789248546221996e-03 -5.166357999047078292e-02 8.516230708092764612e-02
-1.490979239808983493e+03 6.232525245937657019e+04 2.083788393065333366e-03 2.252843546452858257e-03 -4.327237689260089726e-02 4.899065949663958253e-02
-1.471161368238935893e+03 6.234931000783040508e+04 1.124896341934800148e-03 6.352232003307509839e-04 -2.359211986848425494e-02 1.357243379177671024e-02
-1.451340863265061898e+03 6.237337075305741018e+04 2.155584516003727913e-04 1.590949985803924525e-04 -4.564162309025415580e-03 3.382035929043842541e-03
-1.431517724362435501e+03 6.239743469569481385e+04 -6.198155460879206657e-04 6.005031132581125849e-04 1.324103838040894925e-02 1.282581210768265687e-02
-1.411691951005991541e+03 6.242150183638000453e+04 -1.192750059999525547e-03 1.150740983954223143e-03 2.563848601489853579e-02 2.472423229294577404e-02
-1.391863542670524566e+03 6.244557217575054528e+04 -2.205296419560909271e-03 2.546050715698270402e-03 4.793150787075826230e-02 5.554699800308893903e-02
-1.372032498830689974e+03 6.246964571444418107e+04 -2.382238628342747688e-03 3.133640100403350167e-03 5.187873555823293431e-02 6.881677124012929025e-02
-1.352198818961003781e+03 6.249372245309880236e+04 -2.014310564845800400e-03 2.640755505336115673e-03 4.368840671374588092e-02 5.767388767315858450e-02
-1.332362502535841713e+03 6.251780239235246700e+04 -1.851107343100011349e-03 2.175704558572273597e-03 4.007675915259898553e-02 4.727289056212451157e-02
-1.312523549029440119e+03 6.254188553284345835e+04 -6.356897065415978432e-04 5.585660625190041117e-04 1.358246935010685823e-02 1.192473930502472440e-02
-1.292681957915895509e+03 6.256597187521013984e+04 3.184042579960078001e-04 8.457467618204531599e-04 -6.734466123255880912e-03 1.811151460341528172e-02
-1.272837728669164107e+03 6.259006142009112955e+04 -3.936007269658148289e-04 1.778998048455000596e-04 8.388099403704357693e-03 3.782544787886717771e-03
-1.252990860763002729e+03 6.261415416812522744e+04 -1.131370780058205128e-03 1.562147653599719761e-03 2.430295523900813728e-02 3.371397076325406000e-02
-1.233141353671208435e+03 6.263825011995121895e+04 -8.850989397615194321e-04 1.201829259399991032e-03 1.896227394851654827e-02 2.583618873033133659e-02
-1.213289206867257690e+03 6.266234927620826056e+04 -8.948123431764543056e-04 9.917810324100038901e-04 1.917238057877232796e-02 2.127229401293458111e-02
-1.193434419824547604e+03 6.268645163753562520e+04 -1.634532352909445763e-03 2.008449812890597975e-03 3.530405927863061039e-02 4.355848364812962142e-02
-1.173576992016334316e+03 6.271055720457273856e+04 -1.824718550778925419e-03 2.774844882296571575e-03 3.949400473004543999e-02 6.069303813097667172e-02
-1.153716922915734585e+03 6.273466597795919370e+04 -8.760574273765087128e-04 1.242963816400383201e-03 1.876674037862336580e-02 2.673239799814981082e-02
-1.133854211995724881e+03 6.275877795833477285e+04 -4.003515350632369518e-04 3.356335780601622408e-04 8.532582665931450969e-03 7.148323757280292991e-03
-1.113988858729140929e+03 6.278289314633939648e+04 -9.759644744917750359e-04 3.764367903235071714e-04 2.092947612970955801e-02 8.020844541431393707e-03
-1.094120862588679074e+03 6.280701154261320335e+04 -1.654842402786016464e-03 1.035327299274055356e-03 3.575066863950068785e-02 2.221675046261982131e-02
-1.074250223046894462e+03 6.283113314779646316e+04 -1.379269990138709545e-03 1.064326414610608420e-03 2.970788951547126064e-02 2.284619509370332258e-02
-1.054376939576202403e+03 6.285525796252962027e+04 -8.033270714804530144e-04 4.231736148834488944e-04 1.719524824364561388e-02 9.021183793358731468e-03
-1.034501011648877693e+03 6.287938598745330819e+04 -9.756887448020279408e-04 6.684639080167945665e-04 2.092350083558296853e-02 1.428776556301946180e-02
-1.014622438736994013e+03 6.290351722320838599e+04 -1.154411584138870239e-03 1.064998251771153348e-03 2.480408313792458949e-02 2.286078245242692888e-02
-9.947412203126665418e+02 6.292765167043566908e+04 -1.016328926198184490e-03 1.144141704870489228e-03 2.180459314097219631e-02 2.458068651644140790e-02
-9.748573558476878134e+02 6.295178932977638033e+04 -8.821082301437854767e-04 9.787026886503250468e-04 1.889759202748049136e-02 2.098881746993230130e-02
-9.549708448137704409e+02 6.297593020187180809e+04 -1.019487273879349232e-03 1.766328847916663050e-03 2.187309966375423562e-02 3.820576697426654456e-02
-9.350816866824866338e+02 6.300007428736343718e+04 -4.363465413916856050e-04 6.075187415237410984e-04 9.303313539858406797e-03 1.297663143357833532e-02
-9.151898809252676301e+02 6.302422158689290518e+04 3.971408295910805464e-04 5.550855835718805729e-04 -8.392827207442821874e-03 1.184999310379895865e-02
-8.952954270134040371e+02 6.304837210110203887e+04 -2.518363180570304394e-04 2.829870891563598728e-04 5.358817798736572637e-03 6.023674372918633169e-03
-8.753983244180458314e+02 6.307252583063282509e+04 -8.386656409129500389e-04 1.261886409915907899e-03 1.795850382957512800e-02 2.714493933292752570e-02
-8.554985726102017907e+02 6.309668277612741804e+04 -6.917679274920374155e-05 6.910165796724814825e-04 1.469152584360197212e-03 1.477338497482262245e-02
-8.355961710607402892e+02 6.312084293822814652e+04 1.022120704874396324e-03 7.059370603658778921e-04 -2.145959189179789950e-02 1.509479254579426145e-02
-8.156911192403882751e+02 6.314500631757752126e+04 1.212880597449839115e-03 1.262105781792864298e-03 -2.541413017227355658e-02 2.714972297177800989e-02
-7.957834166197322929e+02 6.316917291481820575e+04 2.731689019128680229e-04 2.414830432924002825e-04 -5.780467142337921034e-03 5.137943807544969980e-03
-7.758730626691564112e+02 6.319334273059312545e+04 -7.905120728537440300e-04 1.324659732916216815e-03 1.691860899924910525e-02 2.851471334548928357e-02
-7.559600568590866487e+02 6.321751576554513304e+04 -1.719401683658361435e-03 2.279980244607430692e-03 3.717162591426857038e-02 4.959565513084201321e-02
-7.360443986596252444e+02 6.324169202031750319e+04 -2.074586227536201477e-03 2.359085812477032616e-03 4.502559776005610886e-02 5.136135558849141969e-02
-7.161260875407940603e+02 6.326587149555358337e+04 -1.871240092441439629e-03 2.307043416074683329e-03 4.052158732898104160e-02 5.019937628750679309e-02
-6.962051229724736459e+02 6.329005419189691020e+04 -1.333816559053957462e-03 1.742180509067851532e-03 2.871468096182238153e-02 3.767347279047070230e-02
-6.762815044244035789e+02 6.331424010999117309e+04 -5.516540259122848511e-04 4.032031366252244076e-04 1.177630299755374164e-02 8.593619956711906135e-03
-6.563552313661822382e+02 6.333842925048025791e+04 -5.548371700569987297e-04 1.515123539905872453e-04 1.184465842905954927e-02 3.220584483465367426e-03
-6.364263032672658937e+02 6.336262161400819605e+04 -9.476138511672616005e-04 8.051733204549824932e-04 2.031528111449375923e-02 1.723510979726259121e-02
-6.164947195969702989e+02 6.338681720121921535e+04 -3.962145128753036261e-04 3.077484955952177999e-04 8.444038128493683640e-03 6.552477089420018393e-03
-5.965604798244693256e+02 6.341101601275769644e+04 4.674906376749277115e-04 8.014321755934818462e-04 -9.872222285384061810e-03 1.715433802806065958e-02
-5.766235834187955334e+02 6.343521804926818731e+04 6.447883206419646740e-04 9.125166745114486914e-04 -1.359095823331988445e-02 1.955544927596453847e-02
-5.566840298487788914e+02 6.345942331139550515e+04 8.367607370018959045e-04 1.104508145138351129e-03 -1.760195749300468362e-02 2.371902100063452354e-02
-5.367418185832905237e+02 6.348363179978439439e+04 9.375293157063424587e-04 1.190596936025824920e-03 -1.970095694665681754e-02 2.559160672690381083e-02
-5.167969490908773196e+02 6.350784351508001419e+04 8.770709391683340073e-04 9.181579491868063683e-04 -1.844214376938609415e-02 1.967754039617752165e-02
-4.968494208400054504e+02 6.353205845792760374e+04 1.348839839920401573e-03 1.321616228594966157e-03 -2.822311188206931207e-02 2.844825786968198725e-02
-4.768992332989991496e+02 6.355627662897258415e+04 2.090729307383298874e-03 2.005582617280842871e-03 -4.341342933039500640e-02 4.349492886685830256e-02
-4.569463859360409401e+02 6.358049802886054385e+04 1.984922681003808975e-03 1.942826381468432291e-03 -4.126107660190335424e-02 4.210487346648777995e-02
-4.369908782191716909e+02 6.360472265823723865e+04 1.206229324452579021e-03 1.530618857763866312e-03 -2.527650909982544214e-02 3.302216139353057051e-02
-4.170327096162902194e+02 6.362895051774862077e+04 7.679447880946099758e-04 7.614322769086766902e-04 -1.616599219251345018e-02 1.629114292308008957e-02
-3.970718795951535753e+02 6.365318160804077343e+04 7.998069049790501595e-04 4.095639286192774976e-04 -1.683110741321007173e-02 8.729783366951951104e-03
-3.771083876233767000e+02 6.367741592975999811e+04 7.239208207465708256e-04 3.500479155362695499e-04 -1.524627231468526738e-02 7.456467654779031819e-03
-3.571422331684326537e+02 6.370165348355273454e+04 2.316585159860551357e-04 1.122644641711627637e-04 -4.904225067753697521e-03 2.385325598495697218e-03
-3.371734156976524446e+02 6.372589427006560436e+04 9.589381515979766846e-04 7.506919437274798971e-04 -2.014633397925259112e-02 1.605949409801644620e-02
-3.172019346781638660e+02 6.375013828994548385e+04 2.529851160943508148e-03 2.086302147716470514e-03 -5.229700616702229882e-02 4.528571836373983944e-02
-2.972277895771356384e+02 6.377438554383919836e+04 2.741256961598992348e-03 2.180202976533810420e-03 -5.654583413839016359e-02 4.737298256777425914e-02
-2.772509798614112810e+02 6.379863603239395161e+04 3.029712010174989700e-03 2.815941295170443399e-03 -6.231422798514710953e-02 6.162019106650364758e-02
-2.572715049977530839e+02 6.382288975625707099e+04 4.131618887186050415e-03 5.312813012923254044e-03 -8.404832584104419968e-02 1.196271641610197334e-01
-2.372893644527810295e+02 6.384714671607602941e+04 4.104691557586193085e-03 5.394889162519287892e-03 -8.352280109555633436e-02 1.215922636143698388e-01
-2.173045576929727645e+02 6.387140691249849624e+04 2.544443588703870773e-03 2.619348193063184439e-03 -5.259086512599945445e-02 5.719272425097542828e-02
-1.973170841846635710e+02 6.389567034617230092e+04 7.561566890217363834e-04 5.064941518830126969e-04 -1.591980586446322884e-02 1.080703446980554004e-02
-1.773269433940462534e+02 6.391993701774545480e+04 8.622711757197976112e-04 6.777576122548680838e-04 -1.813375403419605070e-02 1.448785533555842740e-02
-1.573341347871712230e+02 6.394420692786612926e+04 1.445380854420363903e-03 1.582306392971075722e-03 -3.021291479274110583e-02 3.415654768049279644e-02
-1.373386578299462428e+02 6.396848007718267763e+04 3.256501513533294201e-04 2.877051378916393749e-04 -6.887195130394127389e-03 6.124411101446594792e-03
-1.173405119881365550e+02 6.399275646634362784e+04 -4.711264045909047127e-04 1.519431755028380435e-03 1.004859028310977655e-02 3.277680736850258764e-02
-9.733969672736483858e+01 6.401703609599767515e+04 -6.744607235305011272e-04 1.374744092923497899e-03 1.441687004446259163e-02 2.960894934105894397e-02
-7.733621151304993191e+01 6.404131896679376223e+04 -1.840858254581689835e-03 2.679872048185938556e-03 3.985038402982999522e-02 5.855369271426321548e-02
-5.733005581065123124e+01 6.406560507938078808e+04 -2.404754282906651497e-03 2.838974824457287348e-03 5.238213418887453093e-02 6.214021365655406776e-02
-3.732122908530211447e+01 6.408989443440804462e+04 -1.311972155235707760e-03 1.374421248630935521e-03 2.823770692105935856e-02 2.960189204915565642e-02
-1.730973080205426839e+01 6.411418703252491832e+04 -6.615052698180079460e-04 5.445215591021794433e-04 1.413797504432852750e-02 1.162315603624810428e-02
2.704439574183525874e+00 6.413848287438098487e+04 -7.177923689596354961e-04 4.327406709784300783e-04 1.535024578569152941e-02 9.226077282988054060e-03
2.272128257864537559e+01 6.416278196062596544e+04 -5.006423452869057655e-04 2.207275899780015006e-04 1.068150559436778675e-02 4.695299403336000016e-03
4.274079874670835011e+01 6.418708429190978495e+04 -8.205508929677307606e-04 1.031819247819186838e-03 1.756718198272651243e-02 2.214063278396228782e-02
6.276298861389253148e+01 6.421138986888252839e+04 -1.233678543940186501e-03 1.708798702633254401e-03 2.653002715694226243e-02 3.693811445061967458e-02
8.278785271586100691e+01 6.423569869219444809e+04 -1.294561661779880524e-03 1.584198238087770189e-03 2.785771047059866848e-02 3.419809242542454220e-02
1.028153915884200558e+02 6.426001076249597099e+04 -2.003927016630768776e-03 2.377093292151784363e-03 4.345823236010904617e-02 5.176373315145146869e-02
1.228456057675190323e+02 6.428432608043771324e+04 -2.845918526872992516e-03 3.860636429462393354e-03 6.229703306151352510e-02 8.548234679773442091e-02
1.428784957892504792e+02 6.430864464667045831e+04 -2.471876097843050957e-03 3.337009394398340531e-03 5.388433024318710352e-02 7.345087246230851130e-02
1.629140621899113626e+02 6.433296646184521524e+04 -1.445025205612182617e-03 2.278967958172852491e-03 3.114646289547592581e-02 4.957308026742488632e-02
1.829523055057584884e+02 6.435729152661298576e+04 -1.527652610093355179e-03 2.359369735952715486e-03 3.295710018564865229e-02 5.136769860922028169e-02
2.029932262733754840e+02 6.438161984162512817e+04 -2.011630684137344360e-03 2.633391099949826744e-03 4.362899614737794640e-02 5.750833481405400599e-02
2.230368250294281154e+02 6.440595140753313899e+04 -1.796341501176357269e-03 1.958545040954106330e-03 3.886772152992735985e-02 4.245286163612715935e-02
2.430831023107257352e+02 6.443028622498864570e+04 -1.284001045860350132e-03 1.370777276363240125e-03 2.762728782510818007e-02 2.952223922069677903e-02
2.631320586542209981e+02 6.445462429464347952e+04 -8.608333300799131393e-04 7.728024196721030095e-04 1.843758734421088730e-02 1.653643404608690082e-02
2.831836945970101738e+02 6.447896561714964628e+04 -6.193064618855714798e-04 3.474342661792671934e-04 1.323009062086052089e-02 7.400587064060995361e-03
3.032380106763331469e+02 6.450331019315931189e+04 -6.617868784815073013e-04 5.027036871837148400e-04 1.414403647119171631e-02 1.072572226595859199e-02
3.232950074295733884e+02 6.452765802332482417e+04 -9.909385116770863533e-04 1.030736714056582504e-03 2.125402973245470867e-02 2.211714514288265140e-02
3.433546853942580697e+02 6.455200910829870554e+04 -8.460763492621481419e-04 9.323658596252741701e-04 1.811863698815672705e-02 1.998510074113063820e-02
3.634170451080580619e+02 6.457636344873365306e+04 -5.597597919404506683e-04 7.523560459711263514e-04 1.195037693119390884e-02 1.609538214674471543e-02
3.834820871088492709e+02 6.460072104528261116e+04 -6.811576895415782928e-04 1.007823226579670313e-03 1.456106765729288377e-02 2.162012256866685175e-02
4.035498119344676411e+02 6.462508189859847334e+04 -9.914410766214132309e-04 1.423350411177580358e-03 2.126492436438607789e-02 3.067203939064980234e-02
4.236202201230767628e+02 6.464944600933453330e+04 -1.281961100175976753e-03 1.304628198165881225e-03 2.758278425867000810e-02 2.807740220591754474e-02
4.436933122129229332e+02 6.467381337814418657e+04 -6.749609019607305527e-04 1.591208990463922727e-04 1.442763905896770130e-02 3.382587452508608976e-03
4.637690887423962636e+02 6.469818400568101060e+04 1.069079153239727020e-04 7.214669840943119337e-04 -2.266236125699080516e-03 1.542943810819974795e-02
4.838475502500310199e+02 6.472255789259873563e+04 7.221757550723850727e-05 3.511230707404633519e-04 -1.531432334736640855e-03 7.479455695252777529e-03
5.039286972745055095e+02 6.474693503955128836e+04 -1.045531680574640632e-04 1.752774608714232144e-04 2.221298654814408014e-03 3.726683909168748698e-03
5.240125303546420810e+02 6.477131544719275553e+04 -4.257512046024203300e-04 3.216163019553673857e-04 9.076382782500863611e-03 6.848759115520078149e-03
5.440990500294072945e+02 6.479569911617742036e+04 -4.674213414546102285e-04 9.603421600579381372e-04 9.969170277849246503e-03 2.059098372898180915e-02
5.641882568379118084e+02 6.482008604715971160e+04 5.943910218775272369e-05 1.585473995151910967e-04 -1.260625152242237723e-03 3.370375448122021802e-03
5.842801513194108338e+02 6.484447624079425441e+04 1.680067798588424921e-04 2.958418755410365648e-04 -3.559108479349032319e-03 6.298165312241465856e-03
6.043747340133035095e+02 6.486886969773584133e+04 -2.226881479145959020e-04 4.449700058767806061e-04 4.737103168365826809e-03 9.488048787929442840e-03
6.244720054591948610e+02 6.489326641863951954e+04 -3.944867348764091730e-04 1.841654954200386480e-04 8.407060878770163462e-03 3.916028465864025525e-03
6.445719661966501235e+02 6.491766640416028531e+04 -2.727897081058472395e-04 2.067273147621760958e-04 5.805981143806647135e-03 4.396830974362148266e-03
6.646746167655633144e+02 6.494206965495352779e+04 -3.959833338740281761e-05 1.040377383137812130e-04 8.407114267084167102e-04 2.210335910353025506e-03
6.847799577059113290e+02 6.496647617167473800e+04 -6.116228178143501282e-05 5.964241943893707642e-05 1.298832609420776845e-03 1.266536603603939147e-03
7.048879895578156720e+02 6.499088595497959614e+04 -1.503431121818721294e-04 9.139392044787103639e-05 3.195691032330960028e-03 1.941450476578825612e-03
7.249987128615425718e+02 6.501529900552395702e+04 5.918709794059395790e-04 8.076038434851156829e-04 -1.248248882140542276e-02 1.728758857920819486e-02
7.451121281575026387e+02 6.503971532396382099e+04 9.182200301438570023e-04 9.489989425602909359e-04 -1.929908753832295168e-02 2.034527931863377298e-02
7.652282359862514340e+02 6.506413491095539939e+04 1.030892381095327437e-04 2.310125237120312308e-05 -2.185376115544134749e-03 4.903763325290372331e-04
7.853470368884890149e+02 6.508855776715505635e+04 1.839829928940162063e-04 4.483973678332405747e-05 -3.896894978547664912e-03 9.520445453656474792e-04
8.054685314050603893e+02 6.511298389321935247e+04 7.202222477644681931e-04 8.426375840144015392e-04 -1.516896562002842397e-02 1.804432776619284765e-02
8.255927200769554020e+02 6.513741328980500839e+04 3.817275282926857471e-04 5.004916298917858010e-04 -8.068406436633574971e-03 1.067827276092196687e-02
8.457196034453086213e+02 6.516184595756891213e+04 3.224850515834987164e-04 3.812029507115809938e-04 -6.820483997384121054e-03 8.122812024702491876e-03
8.658491820514612982e+02 6.518628189716823545e+04 6.710217567160725594e-04 8.635047512921047727e-04 -1.414001969874699276e-02 1.849533704651885185e-02
8.859814564367147796e+02 6.521072110926007008e+04 5.563946324400603771e-04 4.602431471426325963e-04 -1.173867058320268372e-02 9.815319798202956289e-03
9.061164271427003314e+02 6.523516359450192249e+04 -4.982369136996567249e-05 5.889290461259814782e-04 1.057920668839507387e-03 1.257704689198681398e-02
9.262540947111326659e+02 6.525960935355139372e+04 -1.189836766570806503e-04 4.048818233878344786e-04 2.528271874650106586e-03 8.629553258713087288e-03
9.463944596838714460e+02 6.528405838706626673e+04 6.786163430660963058e-04 8.377908635763124971e-04 -1.429891687682041668e-02 1.793960302921103131e-02
9.665375226029217401e+02 6.530851069570449908e+04 8.077251259237527847e-04 1.078017739661404949e-03 -1.699633006102641009e-02 2.314351193819241814e-02
9.866832840104337947e+02 6.533296628012422298e+04 6.223223172128200531e-04 7.518895139621468732e-04 -1.312050875355568261e-02 1.608532078197901297e-02
1.006831744448702921e+03 6.535742514098375250e+04 3.332071064505726099e-04 3.767063881770129209e-04 -7.046455853953990066e-03 8.026612054511956390e-03
1.026982904460169948e+03 6.538188727894156909e+04 -2.181893942179158330e-04 4.917249963612303071e-04 4.641181619638665330e-03 1.049024713875124949e-02
1.047136764587421339e+03 6.540635269465634337e+04 2.154709218302741647e-04 9.513529184405971497e-06 -4.562313204353183813e-03 2.019170520170510380e-04
1.067293325373188054e+03 6.543082138878690603e+04 7.471048738807439804e-04 1.075543117878665581e-03 -1.573072379479970376e-02 2.308976722401779799e-02
1.087452587360347707e+03 6.545529336199226964e+04 7.134792394936084747e-04 8.589907132244589986e-04 -1.502800947970619506e-02 1.839775634237950444e-02
1.107614551091983913e+03 6.547976861493171600e+04 1.853139547165483236e-04 6.113655594235316672e-05 -3.925030475206327772e-03 1.298285944755893243e-03
1.127779217111142088e+03 6.550424714826443960e+04 -3.340265247970819473e-04 3.100679519040123447e-04 7.113974702798419626e-03 6.602025549008000600e-03
1.147946585961197115e+03 6.552872896265010058e+04 1.272872614208608866e-04 1.306122420968225991e-04 -2.697655697299939336e-03 2.775709296607400869e-03
1.168116658185608685e+03 6.555321405874838820e+04 8.910947944968938828e-04 1.049852358275786199e-03 -1.873427780695545788e-02 2.253197677623318060e-02
1.188289434327981553e+03 6.557770243721920997e+04 8.609035285189747810e-04 9.251183029885519469e-04 -1.810525091571197481e-02 1.982820019219516325e-02
1.208464914932066904e+03 6.560219409872264077e+04 -3.559681354090571404e-04 6.669855642173450842e-04 7.583055242565917009e-03 1.425594109678162552e-02
1.228643100541761214e+03 6.562668904391894466e+04 -7.532036397606134415e-04 1.055276245949549529e-03 1.611366185954369104e-02 2.264971277248076578e-02
1.248823991701106934e+03 6.565118727346854575e+04 1.154525380115956068e-04 1.582367017968542937e-04 -2.447143757750013492e-03 3.363759564456453820e-03
1.269007588954292487e+03 6.567568878803204279e+04 7.687264587730169296e-05 1.649306292307267286e-05 -1.630066468941034118e-03 3.500780081155428292e-04
1.289193892845652272e+03 6.570019358827023825e+04 -2.861746470443904400e-04 4.527820006571821971e-04 6.091731937615195956e-03 9.655429879068092719e-03
1.309382903919666660e+03 6.572470167484408012e+04 -2.212861436419188976e-04 1.907130814454340102e-05 4.707208919847243565e-03 4.048143338564135201e-04
1.329574622721023616e+03 6.574921304841479287e+04 8.080765837803483009e-06 5.967152806761425333e-04 -1.714757784867025723e-04 1.274439216885551659e-02
1.349769049794372449e+03 6.577372770964354277e+04 8.756559691391885281e-05 5.497400553254486004e-04 -1.856597632076819465e-03 1.173520428519292565e-02
1.369966185684693528e+03 6.579824565919190354e+04 -2.160113072022795677e-04 1.287034608153553609e-04 4.594744178678743241e-03 2.735089259179509461e-03
1.390166030937051346e+03 6.582276689772150712e+04 -5.017265211790800095e-04 8.711694769505450107e-04 1.070476139052294572e-02 1.866104849676795616e-02
1.410368586096657282e+03 6.584729142589426192e+04 -5.854886840097606182e-04 9.843606190189371167e-04 1.250311399200212600e-02 2.111144473743250399e-02
1.430573851708868688e+03 6.587181924437214911e+04 -1.968902361113578081e-04 2.755586283901845799e-04 4.187169984342350819e-03 5.865087241898768108e-03
1.450781828319189344e+03 6.589635035381739726e+04 8.089153561741113663e-05 1.067539755223696432e-04 -1.715213041360951927e-03 2.268109276622658297e-03
1.470992516473269461e+03 6.592088475489238044e+04 -0.000000000000000000e+00 0.000000000000000000e+00 -0.000000000000000000e+00 -0.000000000000000000e+00
1.491205916716905222e+03 6.594542244825967646e+04 -0.000000000000000000e+00 0.000000000000000000e+00 -0.000000000000000000e+00 -0.000000000000000000e+00
1.511422029596039920e+03 6.596996343458197953e+04 -0.000000000000000000e+00 0.000000000000000000e+00 -0.000000000000000000e+00 -0.000000000000000000e+00
1.531640855656763279e+03 6.599450771452224581e+04 -0.000000000000000000e+00 0.000000000000000000e+00 -0.000000000000000000e+00 -0.000000000000000000e+00
1.551862395445311222e+03 6.601905528874356241e+04 -0.000000000000000000e+00 0.000000000000000000e+00 -0.000000000000000000e+00 -0.000000000000000000e+00
1.572086649508128403e+03 6.604360615790926386e+04 -0.000000000000000000e+00 0.000000000000000000e+00 -0.000000000000000000e+00 -0.000000000000000000e+00
1.592313618391621276e+03 6.606816032268265553e+04 -0.000000000000000000e+00 0.000000000000000000e+00 -0.000000000000000000e+00 -0.000000000000000000e+00
1.612543302642527351e+03 6.609271778372743574e+04 -0.000000000000000000e+00 0.000000000000000000e+00 -0.000000000000000000e+00 -0.000000000000000000e+00
1.632775702807669859e+03 6.611727854170741921e+04 -0.000000000000000000e+00 0.000000000000000000e+00 -0.000000000000000000e+00 -0.000000000000000000e+00
1.653010819434018458e+03 6.614184259728658071e+04 -0.000000000000000000e+00 0.000000000000000000e+00 -0.000000000000000000e+00 -0.000000000000000000e+00
1.673248653068690373e+03 6.616640995112908422e+04 -0.000000000000000000e+00 0.000000000000000000e+00 -0.000000000000000000e+00 -0.000000000000000000e+00
1.693489204258948803e+03 6.619098060389928287e+04 -0.000000000000000000e+00 0.000000000000000000e+00 -0.000000000000000000e+00 -0.000000000000000000e+00
1.713732473552204738e+03 6.621555455626167532e+04 -0.000000000000000000e+00 0.000000000000000000e+00 -0.000000000000000000e+00 -0.000000000000000000e+00
1.733978461496015825e+03 6.624013180888099305e+04 -0.000000000000000000e+00 0.000000000000000000e+00 -0.000000000000000000e+00 -0.000000000000000000e+00
1.754227168638086823e+03 6.626471236242206942e+04 -0.000000000000000000e+00 0.000000000000000000e+00 -0.000000000000000000e+00 -0.000000000000000000e+00
1.774478595526269601e+03 6.628929621754998516e+04 -0.000000000000000000e+00 0.000000000000000000e+00 -0.000000000000000000e+00 -0.000000000000000000e+00
1.794732742708563592e+03 6.631388337492996652e+04 -0.000000000000000000e+00 0.000000000000000000e+00 -0.000000000000000000e+00 -0.000000000000000000e+00
1.814989610733176733e+03 6.633847383522751625e+04 -0.000000000000000000e+00 0.000000000000000000e+00 -0.000000000000000000e+00 -0.000000000000000000e+00
1.835249200148278760e+03 6.636306759910804976e+04 -0.000000000000000000e+00 0.000000000000000000e+00 -0.000000000000000000e+00 -0.000000000000000000e+00
