-2.202846972583661227e+03 1.346197234174985715e+04 -0.000000000000000000e+00 0.000000000000000000e+00 -0.000000000000000000e+00 -0.000000000000000000e+00
-2.185744574520035258e+03 1.347997499293248075e+04 -0.000000000000000000e+00 0.000000000000000000e+00 -0.000000000000000000e+00 -0.000000000000000000e+00
-2.168640210602635307e+03 1.349797971344945108e+04 -0.000000000000000000e+00 0.000000000000000000e+00 -0.000000000000000000e+00 -0.000000000000000000e+00
-2.151533880492491789e+03 1.351598650365758658e+04 -6.039527244865894318e-03 6.522209307594306962e-03 7.945674735354031626e-02 8.608800976997575682e-02
-2.134425583850555540e+03 1.353399536391378024e+04 -4.856441542506217957e-02 3.827747148274124322e-02 9.524237745571121350e-01 6.618345996406675980e-01
-2.117315320337700996e+03 1.355200629457500690e+04 -1.114455908536911011e-01 2.723361116119995401e-02 nan 4.222411482382625314e-01
-2.100203089614723467e+03 1.357001929599832874e+04 -8.429539203643798828e-02 2.099969688782495417e-02 nan 3.086791383359583363e-01
-2.083088891342289571e+03 1.358803436854094252e+04 2.621381543576717377e-03 7.727580551187962499e-02 -3.261497127989941569e-02 3.785777534229838537e+00
-2.065972725181142778e+03 1.360605151255996316e+04 -1.479435712099075317e-02 7.249667301402747122e-02 2.071527818621151096e-01 2.487313483766580902e+00
-2.048854590791792816e+03 1.362407072841274748e+04 -7.284271717071533203e-02 3.410640261784913391e-02 2.541393486540134194e+00 5.644803236776796407e-01
-2.031734487834723041e+03 1.364209201645668509e+04 -8.770203217864036560e-03 1.279837912653496723e-01 1.175646284754201659e-01 nan
-2.014612415970339725e+03 1.366011537704925104e+04 1.065739840269088745e-01 5.599730647200105993e-02 -8.534972413125440083e-01 1.231683725506608873e+00
-1.997488374858969792e+03 1.367814081054799135e+04 1.243374943733215332e-01 2.144587753822411059e-03 -9.448777947053158544e-01 2.749725593035793128e-02
-1.980362364160863081e+03 1.369616831731054481e+04 6.464249640703201294e-02 2.443058881566773435e-02 -5.974812167319895062e-01 3.695780988791011468e-01
-1.963234383536190307e+03 1.371419789769462477e+04 -1.764801330864429474e-03 1.485070628349998345e-03 2.257232968067492476e-02 1.896033695679578621e-02
-1.946104432645044653e+03 1.373222955205803555e+04 -9.132885187864303589e-02 9.078553414321627324e-02 nan nan
-1.928972511147440628e+03 1.375026328075865604e+04 -1.721717566251754761e-01 1.578896370195386201e-01 nan nan
-1.911838618703315433e+03 1.376829908415445061e+04 -1.513999998569488525e-01 1.206027778228149216e-01 nan nan
-1.894702754972527146e+03 1.378633696260346369e+04 -5.616771429777145386e-02 1.540751249511386131e-02 1.239096827644728727e+00 2.167380410773967203e-01
-1.877564919614855853e+03 1.380437691646382700e+04 -2.136724255979061127e-02 4.784923501168945816e-04 3.150285758814480030e-01 6.069887675354246857e-03
-1.860425112290002971e+03 1.382241894609375049e+04 -4.628519341349601746e-02 2.156976137646501521e-03 8.803683472843887303e-01 2.765831300053350414e-02
-1.843283332657539859e+03 1.384046305185158235e+04 -1.229032129049301147e-02 8.937089448701286470e-04 1.689347134676181250e-01 1.136711798331997009e-02
-1.826139580377116317e+03 1.385850923409559073e+04 5.069772899150848389e-02 8.368485828327597298e-02 -4.954126177629454286e-01 nan
-1.808993855108146818e+03 1.387655749318428752e+04 6.674657016992568970e-02 4.812958364054679278e-02 -6.120159288002307019e-01 9.382702400363315265e-01
-1.791846156510019455e+03 1.389460782947621374e+04 7.608373463153839111e-02 2.895279076197604037e-02 -6.740829275168954693e-01 4.559690914385948757e-01
-1.774696484242044335e+03 1.391266024332999405e+04 9.985341876745223999e-02 5.757408869794312933e-02 -8.166243522525106213e-01 1.302470801368918130e+00
-1.757544837963453119e+03 1.393071473510433316e+04 9.464035928249359131e-02 5.658397349375534485e-02 -7.870557764206796980e-01 1.257439473679408115e+00
-1.740391217333398117e+03 1.394877130515802128e+04 6.127803027629852295e-02 1.088094451340076568e-01 -5.737917339426285013e-01 nan
-1.723235622010955012e+03 1.396682995384992682e+04 4.563556611537933350e-02 7.892512854617907136e-02 -4.556219530689441521e-01 6.302244093884092457e+00
-1.706078051655119225e+03 1.398489068153901098e+04 1.162616070359945297e-02 4.000081552462449175e-02 -1.371814910185528980e-01 7.049995046079979844e-01
-1.688918505924808642e+03 1.400295348858430225e+04 -6.778775155544281006e-02 6.610379749462431953e-02 1.947103002874940092e+00 1.807987390944530981e+00
-1.671756984478862023e+03 1.402101837534492188e+04 -1.144043952226638794e-01 3.144714738374851382e-02 nan 5.070207956236847391e-01
-1.654593486976039912e+03 1.403908534218007662e+04 -1.374676376581192017e-01 2.008541980146534057e-04 nan 2.543439196780195206e-03
-1.637428013075024182e+03 1.405715438944904599e+04 -1.725504547357559204e-01 8.884173430983122177e-02 nan nan
-1.620260562434418034e+03 1.407522551751120227e+04 -1.442023515701293945e-01 1.372948740365050047e-01 nan nan
-1.603091134712693702e+03 1.409329872672604506e+04 -5.059995129704475403e-02 1.097491728100513514e-01 1.021480930977640700e+00 nan
-1.585919729568402090e+03 1.411137401745300122e+04 3.798854351043701172e-02 1.058943032202056961e-01 -3.923406467072594883e-01 nan
-1.568746346659858091e+03 1.412945139005174133e+04 9.623894840478897095e-02 1.636066635137957692e-01 -7.962163028941366960e-01 nan
-1.551570985645350220e+03 1.414753084488196328e+04 8.323501050472259521e-02 1.732291183431173553e-01 -7.191438118118527179e-01 nan
-1.534393646183088322e+03 1.416561238230345043e+04 1.193147897720336914e-02 1.866867914606144818e-01 -1.405422233047234626e-01 nan
-1.517214327931203570e+03 1.418369600267606620e+04 -2.476595155894756317e-02 1.032685402551685033e-01 3.757347567569124802e-01 nan
-1.500033030547748240e+03 1.420178170635975403e+04 -8.519235998392105103e-03 2.806099834371623622e-02 1.140010290867629617e-01 4.383314179921737885e-01
-1.482849753690695934e+03 1.421986949371455194e+04 3.640158101916313171e-03 9.967512466151756678e-02 -4.500888931018998118e-02 nan
-1.465664497017941358e+03 1.423795936510056708e+04 -3.113222122192382812e-02 2.030153441165385292e-02 5.004296440300008975e-01 2.967281258894852169e-01
-1.448477260187300544e+03 1.425605132087799939e+04 -5.829566717147827148e-02 1.068703731011368258e-01 1.336615320838048238e+00 nan
-1.431288042856510401e+03 1.427414536140712698e+04 3.491255920380353928e-03 2.129441532391114500e-02 -4.320697791183063241e-02 3.137672615157429679e-01
-1.414096844683228937e+03 1.429224148704831168e+04 8.980514854192733765e-02 1.261865974329573203e-01 -7.588261418465012120e-01 nan
-1.396903665325035718e+03 1.431033969816199715e+04 1.270268112421035767e-01 2.080760237627709008e-01 -9.580124821760767073e-01 nan
-1.379708504439431181e+03 1.432843999510871799e+04 1.489982753992080688e-01 1.219947615938438146e-01 -1.059311504071126731e+00 nan
-1.362511361683783662e+03 1.434654237824913434e+04 1.547597348690032959e-01 5.673557240557149800e-02 -1.084259688214074924e+00 1.264204219599179613e+00
-1.345312236715541076e+03 1.436464684794383538e+04 1.193127930164337158e-01 2.230715879761622361e-02 -9.198649285802144027e-01 3.314516301408118037e-01
-1.328111129191913960e+03 1.438275340455365040e+04 5.724701657891273499e-02 2.115877411961338342e-02 -5.446496429548817186e-01 3.114222877626002250e-01
-1.310908038770086932e+03 1.440086204843944324e+04 -1.326021552085876465e-02 2.598335370453487905e-02 1.835650092931318256e-01 3.984081235455934622e-01
-1.293702965107165255e+03 1.441897277996215598e+04 -4.925388842821121216e-02 7.503018311459128120e-02 9.752846382779547518e-01 2.974134242213308355e+00
-1.276495907860175066e+03 1.443708559948282164e+04 -4.010747000575065613e-02 6.885747618385497371e-02 7.077331251391257849e-01 2.046718769864109166e+00
-1.259286866686064059e+03 1.445520050736254234e+04 -2.034298889338970184e-02 6.014103031312451747e-02 2.974337612864784708e-01 1.429640012134455462e+00
-1.242075841241699663e+03 1.447331750396251846e+04 2.286269515752792358e-02 5.489119998440279008e-03 -2.539792088725724151e-01 7.194832697277321609e-02
-1.224862831183871094e+03 1.449143658964402312e+04 5.904430523514747620e-02 3.919018276133708761e-02 -5.577481066796148301e-01 6.844631775742936464e-01
-1.207647836169288439e+03 1.450955776476842220e+04 1.163023803383111954e-02 8.747147301476314307e-02 -1.372264459379940460e-01 nan
-1.190430855854581978e+03 1.452768102969715437e+04 -8.596020936965942383e-02 5.036930181032378117e-04 nan 6.390592927705359208e-03
-1.173211889896303092e+03 1.454580638479174922e+04 -1.281719654798507690e-01 1.011215444160374344e-01 nan nan
-1.155990937950923808e+03 1.456393383041382003e+04 -8.087947964668273926e-02 5.370482582755998352e-02 nan 1.136956406614894277e+00
-1.138767999674837711e+03 1.458206336692505647e+04 -2.525249682366847992e-02 1.288904464303195115e-02 3.847347857869542476e-01 1.779407987098426958e-01
-1.121543074724305143e+03 1.460019499468729555e+04 -2.451550401747226715e-02 9.276193149837118693e-03 3.711334094563998320e-01 1.247882578389881841e-01
-1.104316162755666255e+03 1.461832871406228514e+04 -2.392318099737167358e-02 1.071467616447503365e-02 3.603344727305948791e-01 1.456140857607762795e-01
-1.087087263425022911e+03 1.463646452541202598e+04 -8.033046498894691467e-03 1.866779765428332964e-03 1.071333230299092582e-01 2.389236713233521339e-02
-1.069856376388451508e+03 1.465460242909854605e+04 -3.672726079821586609e-02 2.193439851425656260e-03 6.245365804507728713e-01 2.813251565660648476e-02
-1.052623501301947954e+03 1.467274242548395887e+04 -8.356741815805435181e-02 1.343732590126531755e-02 nan 1.862598841506421243e-01
-1.035388637821429029e+03 1.469088451493045432e+04 -9.299328178167343140e-02 6.251122694008399983e-02 nan 1.563417495025638315e+00
-1.018151785602732843e+03 1.470902869780031688e+04 -8.699786663055419922e-02 3.243134179103061843e-02 nan 5.279037662427110700e-01
-1.000912944301617358e+03 1.472717497445590743e+04 -7.999872416257858276e-02 1.229128026942810572e-04 nan 1.555690338789049096e-03
-9.836721135737610666e+02 1.474532334525967053e+04 -5.483628064393997192e-02 2.847712763594023588e-03 1.182588519660796589e+00 3.667963288196587207e-02
-9.664292930747629953e+02 1.476347381057413622e+04 -4.535690695047378540e-02 1.338957290681900246e-02 8.524472615804977726e-01 1.855325691098748675e-01
-9.491844824601433857e+02 1.478162637076192004e+04 -8.134091645479202271e-02 9.614225363473230795e-04 nan 1.223365863591856749e-02
-9.319376813853422163e+02 1.479978102618571393e+04 -9.579101204872131348e-02 1.113284901533252366e-02 nan 1.517505091472723389e-01
-9.146888895057197715e+02 1.481793777720830440e+04 -1.203169580549001694e-02 6.724263405914704395e-02 1.650693763495916511e-01 1.899917564096303746e+00
-8.974381064765575502e+02 1.483609662419255619e+04 1.214258447289466858e-01 2.922505131714991378e-01 -9.304599882425845792e-01 nan
-8.801853319530041517e+02 1.485425756750147048e+04 1.750454753637313843e-01 3.291444788899747231e-01 -1.167455257698864823e+00 nan
-8.629305655902869603e+02 1.487242060749796656e+04 1.145527139306068420e-01 2.163983003118901682e-01 -8.955779581828741120e-01 nan
-8.456738070433950725e+02 1.489058574454522022e+04 1.834638416767120361e-02 3.369957980210466775e-02 -2.086608764197528110e-01 5.554731837363662272e-01
-8.284150559672916643e+02 1.490875297900642909e+04 -2.195076830685138702e-02 3.498670692270987315e-02 3.251926703753887371e-01 5.842526702566616104e-01
-8.111543120168593077e+02 1.492692231124487444e+04 3.291731327772140503e-02 1.215821836751369324e-02 -3.480520556246535779e-01 1.669584770462551881e-01
-7.938915748469011078e+02 1.494509374162393033e+04 9.512038528919219971e-02 4.236740554675243187e-02 -7.898153354021060224e-01 7.674860944272663410e-01
-7.766268441121404749e+02 1.496326727050704358e+04 6.614594161510467529e-02 1.508039122764114233e-02 -6.078883527769675110e-01 2.116128297469256903e-01
-7.593601194672214660e+02 1.498144289825775013e+04 -1.588060986250638962e-04 1.878707796246744180e-02 2.010443759874303016e-03 2.712846902905929336e-01
-7.420914005667075344e+02 1.499962062523967143e+04 -2.504142746329307556e-02 4.399643107300305056e-02 3.808205101924664326e-01 8.128857161388443053e-01
-7.248206870650831206e+02 1.501780045181650712e+04 -1.289639156311750412e-02 4.656511247458862413e-02 1.780518174751407334e-01 8.889430781856686448e-01
-7.075479786167524026e+02 1.503598237835204964e+04 5.545915104448795319e-03 1.216406184057917950e-02 -6.778883489161428855e-02 1.670458118641691414e-01
-6.902732748760397499e+02 1.505416640521016780e+04 2.107239328324794769e-03 9.214228033564611509e-02 -2.630136805415685466e-02 nan
-6.729965754971899514e+02 1.507235253275481773e+04 -2.299528196454048157e-02 1.652699214087230140e-01 3.436484856186344250e-01 nan
-6.557178801343675332e+02 1.509054076135003743e+04 -3.727053105831146240e-02 1.875538347268833339e-01 6.374499048185083838e-01 nan
-6.384371884416046896e+02 1.510873109136001040e+04 -4.590470343828201294e-02 2.175990511798761573e-01 8.688294964787077745e-01 nan
-6.211545000730114907e+02 1.512692352314882919e+04 -6.562951952219009399e-02 2.179190835081432354e-01 1.772062470635951126e+00 nan
-6.038698146824604009e+02 1.514511805708084466e+04 -3.730036318302154541e-02 5.715366240945735782e-02 6.381638558874906941e-01 1.283101178750994498e+00
-5.865831319237960315e+02 1.516331469352043132e+04 3.938123956322669983e-02 8.238602212401403835e-02 -4.041678606151092312e-01 nan
-5.692944514507835265e+02 1.518151343283204915e+04 7.240045815706253052e-02 1.741541765820514842e-01 -6.500570760343187260e-01 nan
-5.520037729171075398e+02 1.519971427538024727e+04 6.215117126703262329e-02 1.789586933920104261e-01 -5.799937175870811812e-01 nan
-5.347110959763730307e+02 1.521791722152964940e+04 4.543532803654670715e-02 1.180148041231029316e-01 -4.540149757889557214e-01 nan
-5.174164202821046956e+02 1.523612227164497199e+04 2.601846493780612946e-02 8.323336990356118917e-03 -2.844689835240063469e-01 1.112281670673432032e-01
-5.001197454877470818e+02 1.525432942609101156e+04 4.935820028185844421e-02 4.147890491483197800e-02 -4.850364609049586662e-01 7.435663508363240526e-01
-4.828210712466649284e+02 1.527253868523265010e+04 1.507312953472137451e-01 2.753676203821500343e-02 -1.066881468693511748e+00 4.281065413385688467e-01
-4.655203972121423703e+02 1.529075004943485510e+04 2.451543211936950684e-01 3.630022908847572397e-03 -1.411102092427813481e+00 4.699620161316604011e-02
-4.482177230373836778e+02 1.530896351906267591e+04 2.075280845165252686e-01 1.233652852376553683e-03 -1.287747298610250501e+00 1.572502707007586431e-02
-4.309130483755130854e+02 1.532717909448124919e+04 9.838412702083587646e-02 1.669495995734269350e-02 -8.083786022520247361e-01 2.371683410779390211e-01
-4.136063728795740531e+02 1.534539677605579163e+04 7.594901323318481445e-02 2.799012275948857542e-02 -6.732142412250272656e-01 4.369429103152480676e-01
-3.962976962024775389e+02 1.536361656415166726e+04 1.196815893054008484e-01 6.733694705164823546e-02 -9.217222162488967196e-01 1.907923661030068718e+00
-3.789870179972124333e+02 1.538183845913414916e+04 9.381402283906936646e-02 1.204092914821437016e-02 -7.822874474851733151e-01 1.652071181794410593e-01
-3.616743379165289412e+02 1.540006246136877053e+04 1.112221973016858101e-03 1.133199214722648979e-01 -1.396828311109608693e-02 nan
-3.443596556131497550e+02 1.541828857122108457e+04 -6.332010775804519653e-02 1.064843614446652764e-01 1.613500028132054398e+00 nan
-3.270429707397172479e+02 1.543651678905673907e+04 -1.273973435163497925e-01 5.502842770820722679e-02 nan 1.190549034235849346e+00
-3.097242829487934728e+02 1.545474711524145278e+04 -1.999382972717285156e-01 5.406501132140938831e-02 nan 1.151258192322924812e+00
-2.924035918928601063e+02 1.547297955014104446e+04 -1.665473580360412598e-01 2.872413864341450893e-02 nan 4.514171199845734561e-01
-2.750808972243183348e+02 1.549121409412140565e+04 -5.802480131387710571e-02 1.089011070234167516e-01 1.323661103533067873e+00 nan
-2.577561985954890815e+02 1.550945074754851885e+04 -9.124290198087692261e-03 1.030913029671992331e-01 1.226141697086577387e-01 nan
-2.404294956586126091e+02 1.552768951078844839e+04 2.190313301980495453e-03 4.557742744823525816e-02 -2.732421012319032061e-02 8.590098419590657119e-01
-2.231007880658488318e+02 1.554593038420734774e+04 -1.525532454252243042e-03 1.930346589818979219e-02 1.948198956143436938e-02 2.798876634288702259e-01
-2.057700754692773160e+02 1.556417336817144496e+04 -5.200417339801788330e-02 4.274682258428239706e-02 1.072061622353301491e+00 7.778775068054252229e-01
-1.884373575208968248e+02 1.558241846304706451e+04 -5.583208799362182617e-02 3.668932817542326641e-02 1.224548462228732593e+00 6.236411343127821194e-01
-1.711026338726257450e+02 1.560066566920061268e+04 -2.442615479230880737e-02 8.416422743050927524e-02 3.694969515280335792e-01 nan
-1.537659041762490233e+02 1.561891498699862677e+04 -8.930054306983947754e-02 5.286492875232788602e-02 nan 1.104380592760581870e+00
-1.364271680836296525e+02 1.563716641680757857e+04 -1.659832596778869629e-01 2.990644667088981912e-01 nan nan
-1.190864252463912862e+02 1.565541995899417452e+04 -1.474782675504684448e-01 3.508426530724629844e-01 nan nan
-1.017436753161299521e+02 1.567367561392516109e+04 -1.042230054736137390e-01 2.798373194409720099e-01 nan nan
-8.439891794436094585e+01 1.569193338196736840e+04 -7.224576920270919800e-02 8.930960429740254780e-02 2.449853945916883546e+00 nan
-6.705215278251890254e+01 1.571019326348771028e+04 -2.736798860132694244e-02 3.895554080672685576e-02 4.248368521714942503e-01 6.785966921252724049e-01
-4.970337948195774658e+01 1.572845525885318420e+04 1.388429105281829834e-02 3.714374933793367778e-02 -1.617743427683999147e-01 6.344214013000257779e-01
-3.235259769395069185e+01 1.574671936843087133e+04 2.152322977781295776e-02 7.576796025102912162e-03 -2.407514217126834610e-01 1.007311406115173336e-01
-1.499980706969019373e+01 1.576498559258794012e+04 -2.399411611258983612e-02 1.047115301450629761e-02 3.616215964091866741e-01 1.420578098730222449e-01
2.354992739712070460e+00 1.578325393169165000e+04 -1.033478602766990662e-01 3.482438761276507311e-02 nan 5.805773276735713972e-01
1.971180208322521210e+01 1.580152438610933314e+04 -1.310273557901382446e-01 2.759723756593764066e-02 nan 4.292807551668331723e-01
3.707062130989916682e+01 1.581979695620841449e+04 -3.868520632386207581e-02 2.348436041391696594e-02 6.718802198219286925e-01 3.524086506430068044e-01
5.443145076886470690e+01 1.583807164235640448e+04 1.349437534809112549e-01 1.487997556626297346e-01 -9.957067479098679064e-01 nan
7.179429080933348928e+01 1.585634844492089906e+04 2.666817605495452881e-01 2.398711229042251036e-01 -1.475387529398642927e+00 nan
8.915914178065102647e+01 1.587462736426962510e+04 2.430033981800079346e-01 2.604743031395760910e-01 -1.404445931056575780e+00 nan
1.065260040320847992e+02 1.589290840077024222e+04 1.039806753396987915e-01 1.751195094954596521e-01 -8.394294950418453860e-01 nan
1.238948779131421531e+02 1.591119155479065375e+04 4.806663841009140015e-03 6.986192391413437175e-02 -5.901389638406466520e-02 2.150252630962463218e+00
1.412657637733584579e+02 1.592947682669879032e+04 -2.786079607903957367e-02 1.040613194960701010e-02 4.344142582115700923e-01 1.411104139245337452e-01
1.586386619623500280e+02 1.594776421686267895e+04 -2.950090728700160980e-02 2.901072841080114262e-02 4.669660296619642104e-01 4.571258031769117602e-01
1.760135728298142510e+02 1.596605372565041944e+04 1.819096505641937256e-03 4.734514432812240298e-02 -2.274550155176220320e-02 9.132330776024217833e-01
1.933904967255294025e+02 1.598434535343020434e+04 -4.451831802725791931e-03 2.550033929054996290e-02 5.794951723638836621e-02 3.893506616397570119e-01
2.107694339993549590e+02 1.600263910057030625e+04 -5.687164515256881714e-02 2.813566555767873026e-02 1.270315365810264829e+00 4.397962950624996203e-01
2.281503850012313990e+02 1.602093496743909054e+04 -1.008075773715972900e-01 1.051063401499214012e-01 nan nan
2.455333500811803162e+02 1.603923295440500078e+04 -1.245402172207832336e-01 1.473512923494763593e-01 nan nan
2.629183295893044487e+02 1.605753306183656787e+04 -7.030133903026580811e-02 1.032726273724354771e-01 2.199149455340002390e+00 nan
2.803053238757876784e+02 1.607583529010241182e+04 7.283843308687210083e-02 6.944948407371354104e-02 -6.529443911877425011e-01 2.106435670113970371e+00
2.976943332908950879e+02 1.609413963957123633e+04 1.884252279996871948e-01 3.595432641253495931e-02 -1.218768193559298663e+00 6.064469519768787009e-01
3.150853581849728471e+02 1.611244611061182513e+04 1.742583513259887695e-01 5.338361707229577480e-02 -1.164352945172490994e+00 1.124372539792592773e+00
3.324783989085015037e+02 1.613075470359310930e+04 9.404910355806350708e-02 9.755637411658017732e-02 -7.836462835051161147e-01 nan
3.498734558118836162e+02 1.614906541888393622e+04 7.929496467113494873e-02 9.885721517255552371e-02 -6.945687381338040423e-01 nan
3.672705292457621908e+02 1.616737825685340977e+04 1.121301427483558655e-01 1.413280965868711769e-01 -8.829872133894640651e-01 nan
3.846696195608085418e+02 1.618569321787065564e+04 1.211162060499191284e-01 2.191115938640179617e-01 -9.289144299100622337e-01 nan
4.020707271077752125e+02 1.620401030230489050e+04 9.391977638006210327e-02 1.930738953076608921e-01 -7.828989626951351477e-01 nan
4.194738522374961462e+02 1.622232951052541648e+04 3.501097857952117920e-02 6.754586502156799399e-02 -3.665749997420740813e-01 1.925890028740201876e+00
4.368789953008864586e+02 1.624065084290162304e+04 -2.146313525736331940e-02 2.417475184414936973e-02 3.166917973606396264e-01 3.649067475513247949e-01
4.542861566489430061e+02 1.625897429980297966e+04 -6.103798747062683105e-02 1.974813762907903503e-01 1.478184897009189092e+00 nan
4.716953366327436470e+02 1.627729988159904497e+04 -4.885390400886535645e-02 3.430624387355735161e-01 9.619587800866342686e-01 nan
4.891065356034480374e+02 1.629562758865946671e+04 4.169358685612678528e-02 2.647150297382129258e-01 -4.235012720000316810e-01 nan
5.065197539122970625e+02 1.631395742135397086e+04 6.318520754575729370e-02 9.258143556285122755e-02 -5.872891463738549866e-01 nan
5.239349919106130073e+02 1.633228938005237251e+04 -4.104353860020637512e-02 4.265111776265785581e-02 7.320512702370837177e-01 7.752461576765803386e-01
5.413522499498000116e+02 1.635062346512457771e+04 -8.883256465196609497e-02 5.507264589853074627e-02 nan 1.192389966442011451e+00
5.587715283813432734e+02 1.636895967694056890e+04 -3.043070621788501740e-02 2.734048789694850951e-03 4.859018202272050169e-01 3.518952659150286627e-02
5.761928275568632216e+02 1.638729801587047768e+04 3.011797368526458740e-02 6.948724572338152439e-02 -3.227373911403817464e-01 2.110368510629313743e+00
5.936161478279019548e+02 1.640563848228435381e+04 6.850421428680419922e-02 8.665313272154863411e-02 -6.239976626594376796e-01 nan
6.110414895462429286e+02 1.642398107655249260e+04 5.890501290559768677e-02 6.627108209973535391e-02 -5.567390684262391032e-01 1.820972927757024573e+00
6.284688530636975656e+02 1.644232579904522572e+04 -4.443005099892616272e-02 7.350284948444817112e-02 8.253259295954319397e-01 2.653450241101733553e+00
6.458982387321597116e+02 1.646067265013297219e+04 -1.691543459892272949e-01 1.523768448797385155e-01 nan nan
6.633296469036041572e+02 1.647902163018623833e+04 -1.990952491760253906e-01 1.428625992416258372e-01 nan nan
6.807630779300880022e+02 1.649737273957560683e+04 -1.165116652846336365e-01 7.998211782586488183e-02 nan nan
6.981985321637494053e+02 1.651572597867175136e+04 -2.167624980211257935e-02 5.872608688469180271e-02 3.203981217129145409e-01 1.357551789890634186e+00
7.156360099568088344e+02 1.653408134784543654e+04 -3.532552346587181091e-02 1.143682449587184319e-01 5.919681850147573421e-01 nan
7.330755116615681573e+02 1.655243884746750700e+04 -1.068696826696395874e-01 1.849320926015358135e-01 nan nan
7.505170376304112096e+02 1.657079847790890199e+04 -7.512075453996658325e-02 1.336424161677406131e-01 2.996809071608221853e+00 nan
7.679605882158036820e+02 1.658916023954062985e+04 3.171137347817420959e-02 8.430259982330502375e-03 -3.372251158004259675e-01 1.127406606385775029e-01
7.854061637702928920e+02 1.660752413273380444e+04 4.603274911642074585e-02 8.552815921694496837e-02 -4.588018579198240299e-01 nan
8.028537646465614444e+02 1.662589015785966694e+04 -3.655879572033882141e-02 6.093049567516099080e-02 6.205658681062502513e-01 1.472241429714747918e+00
8.203033911972139549e+02 1.664425831528938943e+04 -8.032806217670440674e-02 1.470859611150094432e-03 nan 1.877718649144900775e-02
8.377550437750966239e+02 1.666262860539438407e+04 -4.733522236347198486e-02 3.996104069354593918e-02 9.129203759900921256e-01 7.039819610108520864e-01
8.552087227330846417e+02 1.668100102854610668e+04 -8.004795759916305542e-03 7.713603714761194108e-02 1.067357113409526936e-01 3.710762500833520772e+00
8.726644284241350533e+02 1.669937558511609313e+04 1.959016174077987671e-02 2.319291581399293700e-02 -2.213476998632053494e-01 3.471791845786180719e-01
8.901221612012865307e+02 1.671775227547596296e+04 7.586176693439483643e-02 2.001417140586535758e-04 -6.726512724774158514e-01 2.534405489956920512e-03
9.075819214176600553e+02 1.673613109999742665e+04 1.387435793876647949e-01 9.545154186287627129e-02 -1.013306022900024583e+00 nan
9.250437094264585767e+02 1.675451205905228198e+04 1.276267766952514648e-01 1.345927924412042009e-01 -9.609193387457209967e-01 nan
9.425075255809674672e+02 1.677289515301240681e+04 3.618939220905303955e-02 1.868503424288708303e-01 -3.768516379070012690e-01 nan
9.599733702345531583e+02 1.679128038224976626e+04 -2.188617736101150513e-02 2.336209264393594998e-01 3.240625001723742016e-01 nan
9.774412437406651861e+02 1.680966774713642371e+04 3.018689900636672974e-02 2.071587862779584455e-01 -3.233684457651279098e-01 nan
9.949111464528350552e+02 1.682805724804451165e+04 9.580441564321517944e-02 2.042647537725272855e-01 -7.937345574432150830e-01 nan
1.012383078724675556e+03 1.684644888534626079e+04 7.579168677330017090e-02 1.508313732859403455e-01 -6.721988409518984131e-01 nan
1.029857040909882699e+03 1.686484265941398553e+04 2.043862268328666687e-02 9.536017822256503962e-02 -2.299107652532104695e-01 nan
1.047333033362287779e+03 1.688323857062014213e+04 -1.425400748848915100e-02 4.378880275427495666e-02 1.987811660058607932e-01 8.069833747738673901e-01
1.064811056435643877e+03 1.690163661933710318e+04 -3.984312713146209717e-02 7.971012293331336193e-03 7.009714957159308701e-01 1.062604374072943503e-01
1.082291110483946568e+03 1.692003680593749959e+04 -7.233783602714538574e-02 3.703164910062398119e-02 2.463436944294989051e+00 6.317512211849577453e-01
1.099773195861220074e+03 1.693843913079399135e+04 -1.054334491491317749e-01 3.981475779574257523e-02 nan 7.002485453431113172e-01
1.117257312921571611e+03 1.695684359427932577e+04 -1.147182211279869080e-01 4.294550066850895409e-02 nan 7.833622536704939465e-01
1.134743462019190474e+03 1.697525019676633747e+04 -8.926218748092651367e-02 2.037703893234293351e-01 nan nan
1.152231643508347361e+03 1.699365893862794110e+04 -5.300832167267799377e-02 2.085992410505211059e-01 1.109867571880216675e+00 nan
1.169721857743396640e+03 1.701206982023714590e+04 -3.737616539001464844e-02 5.706838525999505252e-02 6.399802727484977805e-01 1.279217698156059679e+00
1.187214105078774310e+03 1.703048284196704844e+04 -3.350286930799484253e-02 3.110645025919170359e-02 5.511469004723075216e-01 4.998921965532144296e-01
1.204708385868998903e+03 1.704889800419082530e+04 -8.232926949858665466e-03 2.326193286449040887e-02 1.099510422267101772e-01 3.484151064329256697e-01
1.222204700468671263e+03 1.706731530728174403e+04 4.518101364374160767e-02 2.622449086172073170e-03 -4.519702883625909551e-01 3.372863948962374209e-02
1.239703049232475223e+03 1.708573475161315582e+04 8.496502041816711426e-02 3.827883569620737971e-03 -7.297464100794263109e-01 4.962240318323737215e-02
1.257203432515176473e+03 1.710415633755850649e+04 6.294023990631103516e-02 4.263165977058818584e-02 -5.855656326453479998e-01 7.747120172842760777e-01
1.274705850671623466e+03 1.712258006549132188e+04 1.330510154366493225e-02 1.071546597227122088e-01 -1.555239429956624675e-01 nan
1.292210304056800624e+03 1.714100593578526968e+04 -1.693854480981826782e-02 1.381422218160521798e-01 2.410811516343601413e-01 nan
1.309716793025614834e+03 1.715943394881393760e+04 -6.368475407361984253e-02 1.428392253493638853e-01 1.636924558597545154e+00 nan
1.327225317933215138e+03 1.717786410495117525e+04 -1.055901050567626953e-01 1.504328683061473271e-01 nan nan
1.344735879134780362e+03 1.719629640457085407e+04 -6.567416340112686157e-02 9.246834944657915389e-02 1.775389597902162331e+00 nan
1.362248476985572097e+03 1.721473084804693281e+04 -9.511474054306745529e-04 3.074964216021899149e-02 1.210211795874320886e-02 4.924805793152031708e-01
1.379763111840934016e+03 1.723316743575346845e+04 1.260983478277921677e-02 4.123885305297445014e-02 -1.479689153052659856e-01 7.372007836530743985e-01
1.397279784056293011e+03 1.725160616806458711e+04 1.227459497749805450e-02 4.779271128451346995e-02 -1.443055772279474847e-01 9.274413079536643068e-01
1.414798493987157826e+03 1.727004704535452038e+04 1.152596343308687210e-02 1.551235948005753526e-02 -1.360761227458920641e-01 2.183863181356265060e-01
1.432319241989121338e+03 1.728849006799757626e+04 -1.161250518634915352e-03 1.130905568697473662e-01 1.479527273676942319e-02 nan
1.449842028417857364e+03 1.730693523636815007e+04 -8.250648155808448792e-03 1.953361257611949120e-01 1.102012420483109711e-01 nan
1.467366853629124307e+03 1.732538255084072443e+04 -3.081481903791427612e-02 1.056816847522198816e-01 4.938303390744758214e-01 nan
1.484893717978761970e+03 1.734383201178987292e+04 -6.517169624567031860e-02 3.220665528084434848e-02 1.738566753553528299e+00 5.230977313536178119e-01
1.502422621822693600e+03 1.736228361959025642e+04 -5.423695594072341919e-02 2.727704506685873359e-02 1.158158356482548612e+00 4.230794032513117142e-01
1.519953565516925210e+03 1.738073737461661585e+04 -2.320845983922481537e-02 2.076265513260323881e-02 3.474574057489236978e-01 3.046054680326840125e-01
1.537486549417599008e+03 1.739919327724384493e+04 -3.643994778394699097e-02 1.263731964287205349e-02 6.177740837392409201e-01 1.741444273594342229e-01
1.555021573880780124e+03 1.741765132784674643e+04 -6.769631057977676392e-02 3.714988829853130281e-02 1.939030816660390677e+00 6.345678348596993645e-01
1.572558639262776296e+03 1.743611152680038867e+04 -8.301587402820587158e-02 1.232416968869466112e-01 nan nan
1.590097745919925273e+03 1.745457387447986548e+04 -1.018581464886665344e-01 2.685004072882571369e-01 nan nan
