-2.151123745504476574e+03 6.058773513764169365e+03 -0.000000000000000000e+00 0.000000000000000000e+00 -0.000000000000000000e+00 -0.000000000000000000e+00
-2.134421300338214678e+03 6.075936665636832913e+03 -0.000000000000000000e+00 0.000000000000000000e+00 -0.000000000000000000e+00 -0.000000000000000000e+00
-2.117716980517473530e+03 6.093101743872924999e+03 -0.000000000000000000e+00 0.000000000000000000e+00 -0.000000000000000000e+00 -0.000000000000000000e+00
-2.101010785726675294e+03 6.110268748796730506e+03 -0.000000000000000000e+00 0.000000000000000000e+00 -0.000000000000000000e+00 -0.000000000000000000e+00
-2.084302715650016125e+03 6.127437680732759873e+03 -0.000000000000000000e+00 0.000000000000000000e+00 -0.000000000000000000e+00 -0.000000000000000000e+00
-2.067592769971776306e+03 6.144608540005443501e+03 -0.000000000000000000e+00 0.000000000000000000e+00 -0.000000000000000000e+00 -0.000000000000000000e+00
-2.050880948376112428e+03 6.161781326939336395e+03 -0.000000000000000000e+00 0.000000000000000000e+00 -0.000000000000000000e+00 -0.000000000000000000e+00
-2.034167250547111962e+03 6.178956041859065408e+03 -0.000000000000000000e+00 0.000000000000000000e+00 -0.000000000000000000e+00 -0.000000000000000000e+00
-2.017451676168790300e+03 6.196132685089330153e+03 -0.000000000000000000e+00 0.000000000000000000e+00 -0.000000000000000000e+00 -0.000000000000000000e+00
-2.000734224925143280e+03 6.213311256954852979e+03 -0.000000000000000000e+00 0.000000000000000000e+00 -0.000000000000000000e+00 -0.000000000000000000e+00
-1.984014896499942324e+03 6.230491757780583612e+03 -0.000000000000000000e+00 0.000000000000000000e+00 -0.000000000000000000e+00 -0.000000000000000000e+00
-1.967293690577041161e+03 6.247674187891387191e+03 -5.082233110442757607e-05 6.223084793400372457e-05 6.412259528932269309e-04 7.852238712680712938e-04
-1.950570606840171877e+03 6.264858547612258917e+03 3.114067658316344023e-05 4.076944780746012860e-05 -3.926992258323554631e-04 5.143559793284581492e-04
-1.933845644972994705e+03 6.282044837268261290e+03 6.474788533523678780e-04 5.445968117680747992e-04 -8.133463275787856592e-03 6.892681946502979620e-03
-1.917118804659151010e+03 6.299233057184481368e+03 8.873111801221966743e-04 1.291749550127397001e-03 -1.112946420830444177e-02 1.642698222331401628e-02
-1.900390085582056372e+03 6.316423207686233582e+03 4.424986545927822590e-04 5.380887506520601934e-04 -5.565703853067469932e-03 6.810031651823970043e-03
-1.883659487425209818e+03 6.333615289098750509e+03 1.915600441861897707e-04 4.095807569103893922e-04 -2.413226440641768819e-03 5.179418845609063543e-03
-1.866927009871987366e+03 6.350809301747388417e+03 -5.512748612090945244e-05 4.907397754281904001e-05 6.955630397491777530e-04 6.191601248585917828e-04
-1.850192652605694548e+03 6.368005245957579064e+03 -4.863247449975460768e-04 6.823329657114114580e-04 6.152888467586249688e-03 8.643491109416994236e-03
-1.833456415309565045e+03 6.385203122054825144e+03 -7.725069299340248108e-04 1.497713421416129332e-03 9.791384349555350142e-03 1.907131772026982724e-02
-1.816718297666813214e+03 6.402402930364650274e+03 1.450426352676004171e-04 1.651447800224919537e-04 -1.827746700408755401e-03 2.085138136729867281e-03
-1.799978299360428082e+03 6.419604671212809990e+03 6.500050076283514500e-04 7.176586555167567940e-04 -8.165066978400676787e-03 9.093021812583184510e-03
-1.783236420073481440e+03 6.436808344924973426e+03 -8.479608222842216492e-04 9.306105394139082979e-04 1.075290816425691735e-02 1.180719186467702950e-02
-1.766492659488922300e+03 6.454013951826937955e+03 -1.692635938525199890e-03 2.444737499290240441e-03 2.158035186919681631e-02 3.132081017769405146e-02
-1.749747017289628729e+03 6.471221492244571891e+03 -7.375683635473251343e-04 9.183583352994313187e-04 9.346468285565507142e-03 1.165083197859941369e-02
-1.732999493158407631e+03 6.488430966503819036e+03 8.202962344512343407e-04 1.278569201033901348e-03 -1.029321242019259550e-02 1.625799975731681557e-02
-1.716250086778044761e+03 6.505642374930640472e+03 1.449354924261569977e-03 2.427801852310924359e-03 -1.811558404197163158e-02 3.110042942160227628e-02
-1.699498797831102593e+03 6.522855717851231930e+03 4.346220812294632196e-04 7.432248426159438273e-04 -5.466903408363303629e-03 9.418485815141123749e-03
-1.682745626000224547e+03 6.540070995591704559e+03 -7.004139479249715805e-04 7.663489857780055861e-04 8.873552146374873856e-03 9.712953244063949471e-03
-1.665990570967932172e+03 6.557288208478292290e+03 -8.787958649918437004e-04 7.409498302554704636e-04 1.114611145200663372e-02 9.389520040698788247e-03
-1.649233632416675846e+03 6.574507356837303632e+03 -1.464288681745529175e-03 1.322733886021583557e-03 1.864170751751803232e-02 1.682433833669924952e-02
-1.632474810028884121e+03 6.591728440995069832e+03 -1.942862989380955696e-03 2.450015196578652060e-03 2.481051901473796742e-02 3.138949790144822394e-02
-1.615714103486762724e+03 6.608951461278150418e+03 -1.384241157211363316e-03 1.927292056494630526e-03 1.761360149201597960e-02 2.460920997963686463e-02
-1.598951512472598552e+03 6.626176418013023977e+03 -4.492533043958246708e-04 4.645744040791243692e-04 5.682532384148487881e-03 5.876897048678764862e-03
-1.582187036668555493e+03 6.643403311526292782e+03 -9.831460192799568176e-05 1.349182350219143222e-04 1.240808365180590339e-03 1.703168885126086487e-03
-1.565420675756726268e+03 6.660632142144631871e+03 -3.242959501221776009e-04 4.781564746860864896e-06 4.098722584541220071e-03 6.031153954714863706e-05
-1.548652429419132432e+03 6.677862910194790857e+03 8.548112818971276283e-04 1.201992536973240863e-03 -1.072399875591157140e-02 1.527679104479282880e-02
-1.531882297337774844e+03 6.695095616003542091e+03 2.167406957596540451e-03 2.993275928331369344e-03 -2.697043935447672111e-02 3.848523942265889147e-02
-1.515110279194429495e+03 6.712330259897885298e+03 2.035856246948242188e-03 2.721758441453853844e-03 -2.535404132633697905e-02 3.493254933357351627e-02
-1.498336374670953774e+03 6.729566842204738350e+03 9.975099237635731697e-04 9.984333853349368782e-04 -1.250307010586354517e-02 1.267317436723212724e-02
-1.481560583449082969e+03 6.746805363251146446e+03 -1.033270382322371006e-04 1.592887936123319078e-04 1.304110559717358217e-03 2.011125337529986491e-03
-1.464782905210480749e+03 6.764045823364224816e+03 -5.256090080365538597e-04 4.519014063879207605e-04 6.651562018409404829e-03 5.716123712030164034e-03
-1.448003339636789860e+03 6.781288222871113248e+03 -8.032018085941672325e-04 1.075236929279357488e-03 1.018242369096935412e-02 1.365473142952107130e-02
-1.431221886409428635e+03 6.798532562099181632e+03 -8.699211757630109787e-04 1.275136488543857126e-03 1.103292705847769284e-02 1.621399436355216647e-02
-1.414438545209895892e+03 6.815778841375713455e+03 -3.032891254406422377e-04 4.854578387049024685e-04 3.832711351679298894e-03 6.141886782505916013e-03
-1.397653315719569264e+03 6.833027061028121352e+03 4.365949425846338272e-04 5.332457842173730141e-04 -5.491651073066824464e-03 6.748531959786997596e-03
-1.380866197619753848e+03 6.850277221383892538e+03 1.037652720697224140e-03 1.489351055217439214e-03 -1.300297378640987572e-02 1.896381840847223901e-02
-1.364077190591682893e+03 6.867529322770583349e+03 5.968370242044329643e-04 5.619308577520992559e-04 -7.499692868077148869e-03 7.112852119607749289e-03
-1.347286294316569411e+03 6.884783365515777405e+03 -5.307593964971601963e-04 7.889510204209540739e-04 6.716959376044031628e-03 1.000085586024260925e-02
-1.330493508475400859e+03 6.902039349947283881e+03 -1.437183236703276634e-04 2.643942006982353643e-04 1.814359503565837663e-03 3.340368288987326500e-03
-1.313698832749246549e+03 6.919297276392830099e+03 5.340649513527750969e-04 7.461068816414489352e-04 -6.713557440928238570e-03 9.455181542411828996e-03
-1.296902266819053011e+03 6.936557145180272528e+03 7.597017247462645173e-05 9.631798630087831041e-05 -9.577505283515225232e-04 1.215594168029013626e-03
-1.280103810365694699e+03 6.953818956637538577e+03 -4.121077945455908775e-04 2.650531361689278161e-04 5.211458316658010119e-03 3.348707264106036332e-03
-1.263303463069974441e+03 6.971082711092628415e+03 3.150725387968122959e-04 3.725992495585603282e-04 -3.966124219088823163e-03 4.710659989764547084e-03
-1.246501224612674150e+03 6.988348408873565859e+03 1.421774155460298061e-03 1.572549090887601173e-03 -1.777389555829043608e-02 2.003385484493656540e-02
-1.229697094674350410e+03 7.005616050308606646e+03 8.833265164867043495e-04 1.167686986804992782e-03 -1.107976078841767936e-02 1.483753180603902995e-02
-1.212891072935641205e+03 7.022885635725921020e+03 6.329863390419632196e-05 2.454506581177493462e-04 -7.980650747751885741e-04 3.100663270242489441e-03
-1.196083159077062419e+03 7.040157165453803827e+03 1.169316470623016357e-03 1.122987507355666797e-03 -1.464084846638585673e-02 1.426547471342590710e-02
-1.179273352779056268e+03 7.057430639820630859e+03 2.546686213463544846e-03 3.493642295328032357e-03 -3.161617032211555545e-02 4.506556574003370286e-02
-1.162461653722046094e+03 7.074706059154790637e+03 1.456763944588601589e-03 1.544653997746918287e-03 -1.820735190914638674e-02 1.967495956197795257e-02
-1.145648061586228096e+03 7.091983423784909974e+03 2.136853872798383236e-04 1.084020693147275653e-04 -2.691581292051814338e-03 1.368207348215091934e-03
-1.128832576051880778e+03 7.109262734039528368e+03 7.048547849990427494e-04 9.469637549228945893e-04 -8.851024370716409698e-03 1.201592604026114133e-02
-1.112015196799159867e+03 7.126543990247312649e+03 5.667788209393620491e-04 6.685514151305764832e-04 -7.123331583346105902e-03 8.468171251333986640e-03
-1.095195923508147871e+03 7.143827192737004225e+03 -2.457131049595773220e-04 3.386763488405184234e-04 3.103983789095174015e-03 4.280863623049435164e-03
-1.078374755858856133e+03 7.161112341837419081e+03 -2.333343436475843191e-04 5.605933106549527891e-04 2.947377751143534248e-03 7.095861401154021642e-03
-1.061551693531275305e+03 7.178399437877393211e+03 -8.104129665298387408e-05 6.079681863448224298e-05 1.022694015690202600e-03 7.671224619149134014e-04
-1.044726736205169118e+03 7.195688481185996352e+03 -1.130879856646060944e-03 1.416910957709945160e-03 1.436645600460378404e-02 1.803307480295460868e-02
-1.027899883560384296e+03 7.212979472092210017e+03 -2.024641958996653557e-03 2.688597387679073341e-03 2.586846548287830005e-02 3.449951475394120309e-02
-1.011071135276642849e+03 7.230272410925149416e+03 -1.119774766266345978e-03 1.595656146861764704e-03 1.422437114789005044e-02 2.033124532519589578e-02
-9.942404910335957311e+02 7.247567298013998879e+03 -3.937891160603612661e-04 6.369391682305936757e-05 4.979225122530996084e-03 8.036921781115582194e-04
-9.774079505108722969e+02 7.264864133687965477e+03 -4.600350803229957819e-04 3.739134959449365086e-04 5.819306895385974350e-03 4.727314946126265696e-03
-9.605735133878761189e+02 7.282162918276490018e+03 2.026681322604417801e-04 4.410311070199827597e-05 -2.552984928293773343e-03 5.564258789481230918e-04
-9.437371793440925103e+02 7.299463652108926908e+03 9.561982005834579468e-05 7.990278874376974434e-04 -1.205322990888097259e-03 1.012924077564235706e-02
-9.268989480588826382e+02 7.316766335514758794e+03 -1.263015205040574074e-03 1.258163215231593475e-03 1.605862199171386936e-02 1.599643524684230336e-02
-9.100588192115361608e+02 7.334070968823543808e+03 -2.476261463016271591e-03 3.582270604792687531e-03 3.173115565752954864e-02 4.623564565407274618e-02
-8.932167924812699766e+02 7.351377552364911935e+03 -2.231670077890157700e-03 3.756259946278422447e-03 2.855173117991261292e-02 4.853666023491085002e-02
-8.763728675472805207e+02 7.368686086468514986e+03 -2.500807750038802624e-05 2.902913657640221543e-05 3.154758264945281012e-04 3.662106036652386246e-04
-8.595270440885373091e+02 7.385996571464241242e+03 9.523604530841112137e-04 1.681245698446251621e-03 -1.194051887814637225e-02 2.143356388443268257e-02
-8.426793217840914849e+02 7.403309007681888033e+03 9.794783545657992363e-05 1.991248537808500141e-04 -1.234650372639884558e-03 2.514714558891899699e-03
-8.258297003128710685e+02 7.420623395451388205e+03 -3.612963482737541199e-04 1.267856397210985226e-04 4.567433969658877581e-03 1.600423149889492651e-03
-8.089781793537312069e+02 7.437939735102741906e+03 -1.662900176597759128e-04 3.384344745178829192e-04 2.099613237535265069e-03 4.277799786916754513e-03
-7.921247585854549698e+02 7.455258026966027501e+03 7.500357460230588913e-04 1.713211166861727201e-03 -9.415709258389968681e-03 2.184556300607357407e-02
-7.752694376868040536e+02 7.472578271371342453e+03 1.264942577108740807e-03 1.743761160247368682e-03 -1.582874150650889419e-02 2.223947693681007504e-02
-7.584122163363138043e+02 7.489900468649019786e+03 8.004575502127408981e-04 1.053430657058680633e-03 -1.004551947237185792e-02 1.337594711018188359e-02
-7.415530942126010814e+02 7.507224619129307030e+03 1.423088542651385069e-04 5.336005159641193441e-05 -1.793327982243589141e-03 6.732551830230416997e-04
-7.246920709941589394e+02 7.524550723142579955e+03 -4.285323666408658028e-05 5.964000306893125979e-06 5.406526084198965765e-04 7.522657160254895864e-05
-7.078291463594079005e+02 7.541878781019287999e+03 4.275416431482881308e-04 6.588440801268650050e-04 -5.378081019768755043e-03 8.344699342264562739e-03
-6.909643199867474550e+02 7.559208793089901519e+03 -5.254760617390275002e-05 1.462852278744401421e-04 6.630009864693283848e-04 1.846795104477525623e-03
-6.740975915543501742e+02 7.576540759685125522e+03 -8.281776099465787411e-04 1.079293496725545727e-03 1.050071735531193755e-02 1.370660156906951255e-02
-6.572289607404703702e+02 7.593874681135581341e+03 -2.051635674433782697e-04 2.932350222246755847e-04 2.591075350615738675e-03 3.705420409524543685e-03
-6.403584272232383228e+02 7.611210557772015818e+03 6.289724260568618774e-04 7.682989963726969632e-04 -7.901906323145085551e-03 9.737789030878980095e-03
-6.234859906807115522e+02 7.628548389925252195e+03 9.599929908290505409e-04 1.438761587580014364e-03 -1.203564063895770121e-02 1.831373048870603773e-02
-6.066116507908753874e+02 7.645888177926186472e+03 2.486897283233702183e-04 1.011790431485107668e-04 -3.131806236953004960e-03 1.276982980667254941e-03
-5.897354072316934435e+02 7.663229922105738297e+03 -8.736821473576128483e-04 1.399987824075302027e-03 1.108089148820899303e-02 1.781576338945001572e-02
-5.728572596809025299e+02 7.680573622795061056e+03 -5.603411700576543808e-04 1.284445985485897258e-03 7.092658518314495439e-03 1.633334123936956706e-02
-5.559772078163211972e+02 7.697919280325220825e+03 7.160413661040365696e-04 7.304598502666616918e-04 -8.990867242883969490e-03 9.255971005874785024e-03
-5.390952513156436225e+02 7.715266895027415558e+03 1.702099223621189594e-03 2.282165506081973699e-03 -2.124131955050419240e-02 2.920728981283192763e-02
-5.222113898564914507e+02 7.732616467232914147e+03 1.702565001323819160e-03 2.284081687496583839e-03 -2.124707089967691961e-02 2.923217516949052491e-02
-5.053256231164649535e+02 7.749967997273010951e+03 2.093888469971716404e-04 5.034088357307684456e-04 -2.637533374839653305e-03 6.369722974286166038e-03
-4.884379507729370289e+02 7.767321485479230432e+03 -1.490833703428506851e-03 2.030063379603311378e-03 1.898287720245276852e-02 2.593864011578797882e-02
-4.715483725033625433e+02 7.784676932183016106e+03 -1.163957291282713413e-03 1.119631946107950936e-03 1.478978721837094154e-02 1.422254395685030107e-02
-4.546568879850717053e+02 7.802034337715937909e+03 -2.452059998176991940e-04 4.990641161613871543e-05 3.097567824757158257e-03 6.296661468376080163e-04
-4.377634968953223051e+02 7.819393702409638536e+03 -5.941673880442976952e-04 8.748066316028667950e-04 7.522436680941983755e-03 1.109523270947984815e-02
-4.208681989112988049e+02 7.836755026595838899e+03 -5.490332841873168945e-04 1.056974349971134776e-03 6.949027643081483879e-03 1.342124649393142133e-02
-4.039709937101646915e+02 7.854118310606279920e+03 -2.485710720065981150e-04 4.056977366099760339e-04 3.140143952920716915e-03 5.130189321075787762e-03
-3.870718809688557940e+02 7.871483554772938987e+03 -6.543460767716169357e-05 3.211983562432904518e-05 8.256653491007794835e-04 4.052085293381484012e-04
-3.701708603643895685e+02 7.888850759427704361e+03 8.250679238699376583e-04 9.466329711288844337e-04 -1.035277948841974334e-02 1.201170344909371045e-02
-3.532679315736590411e+02 7.906219924902597995e+03 8.214778499677777290e-04 8.305208692181077117e-04 -1.030796336962429977e-02 1.053058524307816900e-02
-3.363630942734843075e+02 7.923591051529712786e+03 3.928390506189316511e-04 6.738390367957977157e-04 -4.942631234632989534e-03 8.535433276075778813e-03
-3.194563481406124765e+02 7.940964139641218026e+03 4.015439481008797884e-04 5.419244359900382861e-04 -5.051878520874496410e-03 6.858742802231265930e-03
-3.025476928517692841e+02 7.958339189569306654e+03 -3.808582259807735682e-04 4.474507980329275620e-04 4.815327536577334970e-03 5.659668131450149020e-03
-2.856371280834524669e+02 7.975716201646400805e+03 -1.303937169723212719e-03 1.780942708516107531e-03 1.658326252858385169e-02 2.271910808142674557e-02
-2.687246535122417299e+02 7.993095176204844392e+03 -1.014871755614876747e-03 1.222237057479803402e-03 1.288317738066026459e-02 1.553609891913134214e-02
-2.518102688145919785e+02 8.010476113577105025e+03 -6.969394162297248840e-04 5.342912957395312776e-04 8.829338362003813154e-03 6.761808344660298793e-03
-2.348939736668851026e+02 8.027859014095729435e+03 -7.638150127604603767e-04 6.762381470158553400e-04 9.680680898028601669e-03 8.565953027844764103e-03
-2.179757677454814768e+02 8.045243878093283456e+03 4.397646989673376083e-04 5.604182532779244854e-04 -5.531411362277803209e-03 7.093637687284353420e-03
-2.010556507265134201e+02 8.062630705902567570e+03 6.438744603656232357e-04 9.630975985549243730e-04 -8.088368431952385612e-03 1.222190283596314743e-02
-1.841336222861950489e+02 8.080019497856297676e+03 -6.246412522159516811e-04 6.170488185277405195e-04 7.909779817812245470e-03 7.813260887617978073e-03
-1.672096821006157086e+02 8.097410254287321550e+03 -5.741635104641318321e-04 9.174660043758559340e-04 7.268255599994176246e-03 1.163944520618888021e-02
-1.502838298457914732e+02 8.114802975528557909e+03 -1.844108919613063335e-04 7.314788680176847807e-04 2.328677857353543545e-03 9.268943445578761361e-03
-1.333560651976652593e+02 8.132197661913002776e+03 -5.261903279460966587e-04 8.906768320074766624e-04 6.658943147724727049e-03 1.129765682098713385e-02
-1.164263878321583832e+02 8.149594313773672184e+03 -6.142012425698339939e-04 1.007909957003093283e-03 7.777063436461924620e-03 1.279423381984980818e-02
-9.949479742496392021e+01 8.166992931443822272e+03 6.934298435226082802e-04 8.665803588148614364e-04 -8.708181579493207494e-03 1.099032287508592762e-02
-8.256129365185668689e+01 8.184393515256617320e+03 1.467755530029535294e-03 1.757072597413679655e-03 -1.834347779072054152e-02 2.241116416406567155e-02
-6.562587618848652937e+01 8.201796065545357123e+03 4.174113273620605469e-04 3.278018208250702004e-04 -5.250984930294260236e-03 4.143124618729571683e-03
-4.868854471042998000e+01 8.219200582643412417e+03 3.130752593278884888e-04 4.068602263300941969e-04 -3.941031998439638480e-03 5.144927289159145073e-03
-3.174929889324191734e+01 8.236607066884178494e+03 1.395903993397951126e-03 1.599698388685775498e-03 -1.745329303361126475e-02 2.038327853473580198e-02
-1.480813841224879290e+01 8.254015518601283475e+03 1.681009307503700256e-03 2.217709181372616144e-03 -2.098086994944338771e-02 2.837055916973727637e-02
2.134937057141236494e+00 8.271425938128273629e+03 2.659254823811352253e-04 2.646404978409707732e-04 -3.348496993020593990e-03 3.343485226037710024e-03
1.907992783964511219e+01 8.288838325798820733e+03 -5.600819131359457970e-04 1.031009332372595424e-03 7.089365249172644573e-03 1.308938061208645559e-02
3.602683426005319234e+01 8.306252681946674784e+03 6.965062348172068596e-04 1.189588878238756779e-03 -8.746646831601180561e-03 1.511794835979863964e-02
5.297565664322925727e+01 8.323669006905660353e+03 1.411957549862563610e-03 2.310967083170551752e-03 -1.765225289243218046e-02 2.958139983743019591e-02
6.992639531405885123e+01 8.341087301009625662e+03 1.697753090411424637e-03 2.432728658154920207e-03 -2.118765259280846330e-02 3.116453611705801569e-02
8.687905059765617466e+01 8.358507564592649942e+03 2.653015078976750374e-03 3.765727283961199136e-03 -3.291471149399587820e-02 4.866201809495194347e-02
1.038336228190537298e+02 8.375929797988734208e+03 2.076657954603433609e-03 2.732696140285168201e-03 -2.585566216132450038e-02 3.507542072536216915e-02
1.207901123034092592e+02 8.393354001532001348e+03 1.064249081537127495e-03 1.243156608207275594e-03 -1.333404428362024857e-02 1.580412377567047208e-02
1.377485193759540891e+02 8.410780175556657923e+03 1.526952954009175301e-03 2.356595570588184297e-03 -1.907629300297531902e-02 3.017436495060054485e-02
1.547088443619413454e+02 8.428208320396925046e+03 1.605408615432679653e-03 2.518739521109706475e-03 -2.004668253325462765e-02 3.228435635391683350e-02
1.716710875868529627e+02 8.445638436387263937e+03 9.770572651177644730e-04 1.603974328008919920e-03 -1.224827425002430331e-02 2.043832293056302429e-02
1.886352493760892628e+02 8.463070523862052141e+03 5.512337666004896164e-04 9.732143356767637525e-04 -6.928635069473219540e-03 1.235108236539920502e-02
2.056013300551759073e+02 8.480504583155790897e+03 1.066419994458556175e-03 1.845534695141506226e-03 -1.336106288799139043e-02 2.355287323448969350e-02
2.225693299497122837e+02 8.497940614603063295e+03 1.603051903657615185e-03 2.516155731182061900e-03 -2.001754693687330874e-02 3.225069837087359698e-02
2.395392493853713347e+02 8.515378618538523369e+03 8.872345788404345512e-04 1.051881504988167989e-03 -1.112850873170205361e-02 1.335614478768182983e-02
2.565110886878480301e+02 8.532818595296852436e+03 1.405332877766340971e-04 1.321103807130608293e-04 -1.770972695799713417e-03 1.667693769418865032e-03
2.734848481830662763e+02 8.550260545212961006e+03 -0.000000000000000000e+00 0.000000000000000000e+00 -0.000000000000000000e+00 -0.000000000000000000e+00
2.904605281968684949e+02 8.567704468621683191e+03 -0.000000000000000000e+00 0.000000000000000000e+00 -0.000000000000000000e+00 -0.000000000000000000e+00
3.074381290552224755e+02 8.585150365857974975e+03 -2.533484657760709524e-04 1.691648861712708739e-05 3.200592405733343557e-03 2.133898874683538773e-04
3.244176510841699610e+02 8.602598237256872380e+03 -6.821763236075639725e-05 6.606164012272003816e-04 8.607971607931773350e-04 8.367241144593362545e-03
3.413990946098263066e+02 8.620048083153486004e+03 6.658166530542075634e-04 7.483610096611578461e-05 -8.362857442830063867e-03 9.443510698873574692e-04
3.583824599583290933e+02 8.637499903882950093e+03 9.664509561844170094e-04 7.696853023646037196e-04 -1.211611703153621204e-02 9.755445720378718225e-03
3.753677474560449241e+02 8.654953699780631723e+03 3.593352739699184895e-04 9.585181458992641330e-04 -4.522044267651492352e-03 1.216343378303035537e-02
3.923549574292590023e+02 8.672409471181816116e+03 -2.589756331872195005e-04 2.638840014312936039e-05 3.271797747412621710e-03 3.328914360936420817e-04
4.093440902043822121e+02 8.689867218421921280e+03 4.779435694217681885e-04 7.887495124222549574e-04 -6.010189291286939864e-03 9.998288703854460099e-03
4.263351461078991065e+02 8.707326941836432525e+03 3.389895719010382891e-04 2.466241293765546920e-04 -4.266549778072520165e-03 3.115510299330774731e-03
4.433281254663166351e+02 8.724788641760866085e+03 -7.230485207401216030e-04 7.151632788416461672e-04 9.161627343491053621e-03 9.061260712157912303e-03
4.603230286063711105e+02 8.742252318530969205e+03 -1.250016386620700359e-03 8.291459546847998463e-04 1.589202807090251551e-02 1.051306006056802918e-02
4.773198558547170478e+02 8.759717972482407276e+03 -2.271013101562857628e-03 2.592785037589277405e-03 2.906246635669646958e-02 3.324939899060297410e-02
4.943186075381352111e+02 8.777185603950974837e+03 -2.411992754787206650e-03 3.582542619016199168e-03 3.089475208598138276e-02 4.623923892163672722e-02
5.113192839834799202e+02 8.794655213272541005e+03 -1.588585204444825649e-03 2.200959767481605340e-03 2.024023208793804610e-02 2.815324358200247540e-02
5.283218855176799025e+02 8.812126800783053113e+03 -8.615812985226511955e-04 1.218893750679974101e-03 1.092657512727514095e-02 1.549327055850470598e-02
5.453264124676858273e+02 8.829600366818478506e+03 3.734973142854869366e-04 6.245524240861502095e-04 -4.699847885990496299e-03 7.908650534984008190e-03
5.623328651606780113e+02 8.847075911715024631e+03 1.673166174441576004e-03 2.109213132524447986e-03 -2.088399398914759370e-02 2.696371223568747727e-02
5.793412439237554281e+02 8.864553435808811628e+03 1.263410318642854691e-03 1.579470437573538520e-03 -1.580971850236173593e-02 2.012292409880919730e-02
5.963515490841429028e+02 8.882032939436090601e+03 -2.863108820747584105e-04 5.492232541904553018e-04 3.617766087154497285e-03 6.951440439922264118e-03
6.133637809691396114e+02 8.899514422933187234e+03 -1.436483929865062237e-03 1.961615729437922277e-03 1.828447192956741615e-02 2.505301789600349049e-02
6.303779399060664446e+02 8.916997886636452677e+03 -1.505512627772986889e-03 1.541494593964317424e-03 1.917158795462052534e-02 1.963431913028443332e-02
6.473940262224747357e+02 8.934483330882472728e+03 -4.395658907014876604e-04 1.319683218889244142e-05 5.559656591114131227e-03 1.664650702950199129e-04
6.644120402458340777e+02 8.951970756007749515e+03 -2.219876914750784636e-04 3.515207793537416126e-04 2.803850660277869365e-03 4.443578259030860240e-03
6.814319823037400283e+02 8.969460162348914309e+03 -2.977733383886516094e-04 3.849284323175082199e-04 3.762876192218045368e-03 4.866914049907271854e-03
6.984538527238627239e+02 8.986951550242676603e+03 -3.584313089959323406e-04 4.967655441933570759e-04 4.531132551954388660e-03 6.285399476352133627e-03
7.154776518339461973e+02 9.004444920025820466e+03 3.729993477463722229e-05 5.992724905337233052e-05 -4.703522328222982233e-04 7.561462523571900159e-04
7.325033799617571049e+02 9.021940272035149974e+03 8.424592670053243637e-04 1.054986885641353385e-03 -1.056985313824984271e-02 1.339584028433663324e-02
7.495310374352922054e+02 9.039437606607714770e+03 -1.128041767515242100e-04 2.514654561315950382e-04 1.423808551892751482e-03 3.176766213162502111e-03
7.665606245824662892e+02 9.056936924080471726e+03 -8.749889675527811050e-04 1.455181339563089288e-03 1.109755816846739844e-02 1.852468228563271604e-02
7.835921417313211350e+02 9.074438224790508684e+03 -6.241109804250299931e-04 1.016297004695414187e-03 7.903038426894722079e-03 1.290138726108080655e-02
8.006255892099721905e+02 9.091941509074997157e+03 -3.693317121360450983e-04 6.825457788697805251e-04 4.669252903636818622e-03 8.646198620000333096e-03
8.176609673466100503e+02 9.109446777271175961e+03 -9.008837514556944370e-05 1.801537171178869176e-04 1.136927807118766386e-03 2.274858512142029134e-03
8.346982764694469097e+02 9.126954029716311197e+03 -6.679584621451795101e-04 9.090567778588389642e-04 8.460628781540854154e-03 1.153214390835631716e-02
8.517375169069259755e+02 9.144463266747905436e+03 -6.848112097941339016e-04 6.050497723208369226e-04 8.675020967960932194e-03 7.660741820705183058e-03
8.687786889874083727e+02 9.161974488703377574e+03 4.766057536471635103e-04 8.160560468686646647e-04 -5.993416434453944716e-03 1.034622650659175469e-02
8.858217930393824417e+02 9.179487695920277474e+03 9.505987400189042091e-04 1.053141555647270876e-03 -1.191856195312155850e-02 1.337225158822642757e-02
9.028668293914104197e+02 9.197002888736229579e+03 8.394495816901326180e-04 1.079682187100766515e-03 -1.053229049943429224e-02 1.371157178028196803e-02
9.199137983720769398e+02 9.214520067488881978e+03 -7.198800449259579182e-05 6.771596469773580258e-06 9.083948281112437257e-04 8.541357396145181564e-05
9.369627003101977607e+02 9.232039232516119228e+03 -7.217001402750611305e-04 9.760679823547006818e-04 9.144463883321858610e-03 1.238752329083333929e-02
9.540135355345065591e+02 9.249560384155744032e+03 9.201168431900441647e-04 1.161241492412343028e-03 -1.153857769043694671e-02 1.475502316126010155e-02
9.710663043738642273e+02 9.267083522745686423e+03 2.393872477114200592e-03 3.266841806582385013e-03 -2.974697463193180097e-02 4.207754238715062656e-02
9.881210071572056677e+02 9.284608648623956469e+03 1.299692550674080849e-03 1.757966826913688260e-03 -1.626006563808923486e-02 2.242269874497679685e-02
1.005177644213540589e+03 9.302135762128636998e+03 -3.129339893348515034e-04 3.117839198038549822e-04 3.954836308993841566e-03 3.940273143784296314e-03
1.022236215871901436e+03 9.319664863597838121e+03 -4.978918586857616901e-04 6.663506629983176116e-04 6.299695319292834481e-03 8.440177570294991882e-03
1.039296722461551099e+03 9.337195953369904601e+03 -2.199096052208915353e-04 3.494504033281356026e-04 2.777566576890377458e-03 4.417348721510012954e-03
1.056359164311671520e+03 9.354729031783097525e+03 -3.905819030478596687e-04 5.126835542045106225e-04 4.938571551076369540e-03 6.487459147161744703e-03
1.073423541751571292e+03 9.372264099175808951e+03 3.706751158460974693e-05 2.391239326258317536e-04 -4.674220609178996832e-04 3.020619877518407759e-03
1.090489855110633016e+03 9.389801155886507331e+03 6.158190080896019936e-04 9.605421146759191443e-04 -7.737294930912016339e-03 1.218927477667507836e-02
1.107558104718262712e+03 9.407340202253681127e+03 2.032508200500160456e-05 7.179100550836563211e-05 -2.563267446458199119e-04 9.059078312623081858e-04
1.124628290904097412e+03 9.424881238616068003e+03 -4.065844696015119553e-04 7.761564275391007618e-04 5.141431243870837713e-03 9.837869345624583595e-03
1.141700413997692067e+03 9.442424265312305579e+03 4.233251092955470085e-04 1.871088498344413288e-04 -5.325181870863465554e-03 2.362787029596927647e-03
1.158774474328729184e+03 9.459969282681173354e+03 8.990830974653363228e-04 1.303997094099719868e-03 -1.127628891214586815e-02 1.658403099162937197e-02
1.175850472226965621e+03 9.477516291061521770e+03 -4.174914793111383915e-04 1.621124082630536628e-04 5.279719691335413821e-03 2.046811830771956813e-03
1.192928408022233270e+03 9.495065290792283122e+03 -1.199641264975070953e-03 1.553151508068076336e-03 1.524667844610743707e-02 1.978427397863692996e-02
1.210008282044386760e+03 9.512616282212409715e+03 -1.662260619923472404e-04 2.763740885429500109e-04 2.098804871630236858e-03 3.491987298894851793e-03
1.227090094623512186e+03 9.530169265661092140e+03 2.638517471496015787e-04 4.004668996398914296e-04 -3.322428134776845166e-03 5.063875802063044253e-03
1.244173846089613789e+03 9.547724241477435498e+03 -0.000000000000000000e+00 0.000000000000000000e+00 -0.000000000000000000e+00 -0.000000000000000000e+00
1.261259536772822912e+03 9.565281210000681313e+03 -0.000000000000000000e+00 0.000000000000000000e+00 -0.000000000000000000e+00 -0.000000000000000000e+00
1.278347167003346385e+03 9.582840171570140228e+03 -0.000000000000000000e+00 0.000000000000000000e+00 -0.000000000000000000e+00 -0.000000000000000000e+00
1.295436737111465391e+03 9.600401126525206564e+03 -0.000000000000000000e+00 0.000000000000000000e+00 -0.000000000000000000e+00 -0.000000000000000000e+00
1.312528247427484075e+03 9.617964075205294648e+03 -0.000000000000000000e+00 0.000000000000000000e+00 -0.000000000000000000e+00 -0.000000000000000000e+00
1.329621698281938279e+03 9.635529017950057096e+03 -0.000000000000000000e+00 0.000000000000000000e+00 -0.000000000000000000e+00 -0.000000000000000000e+00
1.346717090005281989e+03 9.653095955099062849e+03 -0.000000000000000000e+00 0.000000000000000000e+00 -0.000000000000000000e+00 -0.000000000000000000e+00
1.363814422928097429e+03 9.670664886992011816e+03 -0.000000000000000000e+00 0.000000000000000000e+00 -0.000000000000000000e+00 -0.000000000000000000e+00
1.380913697381040720e+03 9.688235813968683942e+03 -0.000000000000000000e+00 0.000000000000000000e+00 -0.000000000000000000e+00 -0.000000000000000000e+00
1.398014913694791403e+03 9.705808736368875543e+03 -0.000000000000000000e+00 0.000000000000000000e+00 -0.000000000000000000e+00 -0.000000000000000000e+00
1.415118072200260713e+03 9.723383654532628498e+03 -0.000000000000000000e+00 0.000000000000000000e+00 -0.000000000000000000e+00 -0.000000000000000000e+00
1.432223173228278256e+03 9.740960568799895555e+03 -0.000000000000000000e+00 0.000000000000000000e+00 -0.000000000000000000e+00 -0.000000000000000000e+00
1.449330217109801652e+03 9.758539479510765887e+03 -0.000000000000000000e+00 0.000000000000000000e+00 -0.000000000000000000e+00 -0.000000000000000000e+00
1.466439204175862642e+03 9.776120387005399607e+03 -0.000000000000000000e+00 0.000000000000000000e+00 -0.000000000000000000e+00 -0.000000000000000000e+00
1.483550134757569140e+03 9.793703291624038684e+03 -0.000000000000000000e+00 0.000000000000000000e+00 -0.000000000000000000e+00 -0.000000000000000000e+00
1.500663009186051340e+03 9.811288193706948732e+03 -0.000000000000000000e+00 0.000000000000000000e+00 -0.000000000000000000e+00 -0.000000000000000000e+00
1.517777827792672042e+03 9.828875093594628197e+03 -0.000000000000000000e+00 0.000000000000000000e+00 -0.000000000000000000e+00 -0.000000000000000000e+00
1.534894590908711962e+03 9.846463991627500945e+03 -0.000000000000000000e+00 0.000000000000000000e+00 -0.000000000000000000e+00 -0.000000000000000000e+00
1.552013298865580055e+03 9.864054888146114536e+03 -0.000000000000000000e+00 0.000000000000000000e+00 -0.000000000000000000e+00 -0.000000000000000000e+00
