-1.586024743598587975e+03 9.549003256411575421e+03 -7.259487756527960300e-04 1.051553051265234889e-03 5.514790478798286058e-03 7.998211582820279747e-03
-1.569099431755995056e+03 9.566560559386010937e+03 -2.898438542615622282e-04 4.623072017717055351e-04 2.198201049291012132e-03 3.508474792275043021e-03
-1.552172198543445575e+03 9.584119855474355063e+03 -4.526109551079571247e-04 3.915118323983468509e-04 3.434762922333931077e-03 2.970406021361712400e-03
-1.535243043633748584e+03 9.601681145016014852e+03 -7.803864427842199802e-04 7.088482684293103417e-04 5.929563673093534576e-03 5.384533254648660172e-03
-1.518311966699639015e+03 9.619244428350479211e+03 -5.366271361708641052e-04 3.180876682059851648e-04 4.073643121082534679e-03 2.412663194760598928e-03
-1.501378967413776991e+03 9.636809705817309805e+03 -3.882611053995788097e-04 3.875388454646813263e-04 2.945706346604861324e-03 2.940218553804906532e-03
-1.484444045448748966e+03 9.654376977756144697e+03 -4.544933908618986607e-04 4.924391631463413861e-04 3.449072968595682468e-03 3.737575763229846870e-03
-1.467507200477066817e+03 9.671946244506700168e+03 -3.513227857183665037e-04 2.354737468352642452e-04 2.665084440208317137e-03 1.785485051662603516e-03
-1.450568432171167842e+03 9.689517506408770714e+03 -1.071350052370689809e-04 8.919040674989113851e-05 8.119583765568275970e-04 6.759132775422566379e-04
-1.433627740203414760e+03 9.707090763802225410e+03 -7.730931974947452545e-05 3.183783229981129968e-07 5.858482403416903758e-04 2.411959901238157784e-06
-1.416685124246096393e+03 9.724666017027018825e+03 -3.218789061065763235e-05 3.150557063664585685e-05 2.438773918151666657e-04 2.387070536910529362e-04
-1.399740583971427213e+03 9.742243266423169189e+03 3.734413185156881809e-04 4.873178826663417335e-04 -2.825106523785664119e-03 3.698633661868154249e-03
-1.382794119051546659e+03 9.759822512330782047e+03 5.500683328136801720e-04 6.630216386712012864e-04 -4.158525673341573192e-03 5.035548321412396632e-03
-1.365845729158467748e+03 9.777403755090090272e+03 1.211437920574098825e-04 2.939492537339832064e-05 -9.173351198875571554e-04 2.227136274252102639e-04
-1.348895413964285353e+03 9.794986995041244882e+03 -1.818049204302951694e-04 4.086215443170102641e-04 1.378259366494119509e-03 3.100419095929560394e-03
-1.331943173140863564e+03 9.812572232524633364e+03 -4.122706741327419877e-05 3.087718282926797805e-04 3.123750522892487671e-04 2.341920674096730631e-03
-1.314989006360044186e+03 9.830159467880666853e+03 -1.761245512170717120e-04 4.480928620630437033e-04 1.335167843182144716e-03 3.400417767398823069e-03
-1.298032913293593765e+03 9.847748701449834698e+03 -4.133621696382761002e-04 6.066924724301461487e-04 3.136445093759354305e-03 4.606749891010113174e-03
-1.281074893613205404e+03 9.865339933572704467e+03 -3.436874831095337868e-04 1.053519199759607883e-03 2.607088557800080458e-03 8.013226371470959924e-03
-1.264114946990496719e+03 9.882933164589918306e+03 -2.820729278028011322e-04 9.790326094550473156e-04 2.139202582870271350e-03 7.444555776507240721e-03
-1.247153073097010747e+03 9.900528394842200214e+03 -3.705630078911781311e-04 3.457843169599405207e-04 2.811243358620959479e-03 2.623015257463686897e-03
-1.230189271604216401e+03 9.918125624670346951e+03 -8.370442083105444908e-05 4.441712229920016949e-04 6.343255421498933747e-04 3.370607628539203180e-03
-1.213223542183507334e+03 9.935724854415233494e+03 1.759777660481631756e-04 4.922243219631459044e-04 -1.332277019021701515e-03 3.735942085239557509e-03
-1.196255884506202619e+03 9.953326084417818493e+03 -3.277928335592150688e-04 3.899079668069881923e-04 2.486367493566480399e-03 2.958219453147969882e-03
-1.179286298243547208e+03 9.970929315019127898e+03 -2.540336281526833773e-04 4.002147341699990196e-04 1.926351407026360074e-03 3.036535415102333078e-03
-1.162314783066710561e+03 9.988534546560273157e+03 4.769724037032574415e-04 6.312606987169321017e-04 -3.606914556523295023e-03 4.793749700570774930e-03
-1.145341338646787563e+03 1.000614177938243847e+04 6.147183012217283249e-04 1.083517311495707470e-03 -4.646146752367334536e-03 8.242339427152139616e-03
-1.128365964654798290e+03 1.002375101382689354e+04 4.632128693629056215e-04 1.094410307481914367e-03 -3.503045569351442932e-03 8.325548576735581491e-03
-1.111388660761688470e+03 1.004136225023497173e+04 3.366043383721262217e-04 9.535296363211911031e-04 -2.546787049434672510e-03 7.249926688415190591e-03
-1.094409426638328796e+03 1.005897548894809734e+04 4.334794357419013977e-04 7.576364185263301373e-04 -3.278554780228102108e-03 5.756205043680762481e-03
-1.077428261955514245e+03 1.007659073030776744e+04 4.636554222088307142e-04 4.736588765643731267e-04 -3.506386512825963777e-03 3.594778302720695162e-03
-1.060445166383966580e+03 1.009420797465555370e+04 3.311479304102249444e-05 1.844970343296755419e-04 -2.508381817229333858e-04 1.398682506020150528e-03
-1.043460139594331395e+03 1.011182722233310960e+04 2.725384547375142574e-05 4.686077139640064946e-05 -2.064472146235715028e-04 3.550688734043988765e-04
-1.026473181257179476e+03 1.012944847368216506e+04 3.431772929616272449e-04 6.557528956474637525e-04 -2.596454270333350533e-03 4.980205629808037888e-03
-1.009484291043007602e+03 1.014707172904452636e+04 4.885714733973145485e-04 6.545696510349742221e-04 -3.694466088935722918e-03 4.971196942264873540e-03
-9.924934686222364917e+02 1.016469698876207985e+04 4.378244047984480858e-04 4.528619134652316102e-04 -3.311362932669955142e-03 3.436670665227718139e-03
-9.755007136652124018e+02 1.018232425317679008e+04 2.680420875549316406e-04 1.433277204357176796e-04 -2.028562949611162954e-03 1.086405989241481622e-03
-9.585060258422064408e+02 1.019995352263069435e+04 3.440864093136042356e-04 2.545427680581950234e-04 -2.603323632608341414e-03 1.930215972320765451e-03
-9.415094048234152524e+02 1.021758479746591547e+04 1.753081160131841898e-04 2.884250867049786230e-04 -1.327210654144911741e-03 2.187429215464780849e-03
-9.245108502789076965e+02 1.023521807802470175e+04 3.563136851880699396e-05 2.576525068072837272e-04 -2.698981841991010371e-04 1.953820394942773139e-03
-9.075103618788339190e+02 1.025285336464921784e+04 1.815853756852447987e-04 2.437021339470247760e-05 -1.374701450320506019e-03 1.846398736401574556e-04
-8.905079392931127131e+02 1.027049065768187211e+04 9.876207332126796246e-05 1.729886622570774425e-04 -7.479177649280043623e-04 1.311379651165264174e-03
-8.735035821916404757e+02 1.028812995746509660e+04 8.354195415449794382e-06 3.424801035748482295e-05 -6.328735652085632716e-05 2.594882880942430618e-04
-8.564972902442376608e+02 1.030577126434139427e+04 -3.962119444622658193e-05 1.027887123428298160e-04 3.002056211850925708e-04 7.790057124089653021e-04
-8.394890631206500302e+02 1.032341457865335542e+04 2.093944349326193333e-04 2.004481399800157946e-04 -1.585064597882111619e-03 1.519700675338024783e-03
-8.224789004905481988e+02 1.034105990074364308e+04 7.682923460379242897e-04 4.863884432033913920e-04 -5.803523493136202548e-03 3.691566387718744121e-03
-8.054668020235274071e+02 1.035870723095499670e+04 7.034307345747947693e-04 1.833110065767328518e-05 -5.314871730145465448e-03 1.388816182848258039e-04
-7.884527673891076347e+02 1.037635656963024121e+04 9.504967601969838142e-05 4.519580184851998330e-04 -7.198141747854351928e-04 3.429799425854969646e-03
-7.714367962567339418e+02 1.039400791711227066e+04 -3.326749429106712341e-04 6.759723463152159236e-04 2.523445932270954473e-03 5.134159895707304452e-03
-7.544188882957759006e+02 1.041166127374406278e+04 -3.792500647250562906e-04 8.259548791953369223e-04 2.877241844232122578e-03 6.276892469824432892e-03
-7.373990431755278223e+02 1.042931663986867170e+04 2.842526009771972895e-05 9.839211632988621042e-05 -2.153196965784270769e-04 7.456727655279539197e-04
-7.203772605652087577e+02 1.044697401582922794e+04 3.386435855645686388e-04 1.182866191686868744e-04 -2.562196478223123519e-03 8.965124985418384792e-04
-7.033535401339624968e+02 1.046463340196894569e+04 2.434829802950844169e-04 2.719950867241112099e-04 -1.842868906040607668e-03 2.062694731656464914e-03
-6.863278815508574553e+02 1.048229479863110828e+04 2.180115698138251901e-04 1.611675428665840259e-04 -1.650240405597751215e-03 1.221712220387884823e-03
-6.693002844848867881e+02 1.049995820615908633e+04 2.697209129109978676e-04 1.711860070832762505e-05 -2.041255469099095572e-03 1.296947790067264441e-04
-6.522707486049679346e+02 1.051762362489632505e+04 1.613347703823819757e-04 2.018426875196208613e-04 -1.221486790126369423e-03 1.530281552872908134e-03
-6.352392735799431875e+02 1.053529105518634606e+04 -2.167179045500233769e-04 6.848737356230598762e-04 1.643151541591405867e-03 5.201944071664722780e-03
-6.182058590785796923e+02 1.055296049737274916e+04 -7.527173147536814213e-04 1.395456612520829193e-03 5.718724679459340036e-03 1.062791777733251147e-02
-6.011705047695686517e+02 1.057063195179921968e+04 -7.299106218852102757e-04 1.192818097854740156e-03 5.544970898925896154e-03 9.077577561878795095e-03
-5.841332103215260076e+02 1.058830541880950841e+04 8.304865332320332527e-06 9.850986312768065446e-06 -6.291366735061092836e-05 7.463146904642269824e-05
-5.670939754029922142e+02 1.060598089874745710e+04 3.462126769591122866e-04 4.055205217597282301e-04 -2.619389711742239110e-03 3.076853828541969895e-03
-5.500527996824322372e+02 1.062365839195697663e+04 3.658164641819894314e-04 2.319932463134085525e-04 -2.767503776088567694e-03 1.759070851621674821e-03
-5.330096828282355546e+02 1.064133789878206335e+04 7.120162481442093849e-04 4.555547852388531029e-04 -5.379566635208471448e-03 3.457141649057162563e-03
-5.159646245087159286e+02 1.065901941956678456e+04 6.470501539297401905e-04 3.577445286488935500e-04 -4.889919935788654415e-03 2.713865025747626888e-03
-4.989176243920597358e+02 1.067670295465534764e+04 4.803991760127246380e-04 4.659086286675129165e-04 -3.632781150000183572e-03 3.535854595908519745e-03
-4.818686821465336152e+02 1.069438850439187081e+04 6.220505456440150738e-04 6.663104908469709604e-04 -4.701435047848014082e-03 5.060589961597021513e-03
-4.648177974401728534e+02 1.071207606912071424e+04 5.568417254835367203e-04 4.693205862651858248e-04 -4.209625002814847139e-03 3.561794653086686364e-03
-4.477649699409886352e+02 1.072976564918626536e+04 5.358521593734622002e-04 2.342851085397259917e-04 -4.051268574002358895e-03 1.776464164417249298e-03
-4.307101993169169418e+02 1.074745724493298439e+04 3.810909111052751541e-04 6.932997041322600237e-06 -2.882892825136513983e-03 5.252408422412141150e-05
-4.136534852358177545e+02 1.076515085670541339e+04 1.046347388182766736e-04 5.296656084327775810e-05 -7.923734045513650343e-04 4.013423516385062435e-04
-3.965948273654755667e+02 1.078284648484817626e+04 1.626389857847243547e-04 1.306665780598551224e-04 -1.231355099714834863e-03 9.903885915494852095e-04
-3.795342253735990994e+02 1.080054412970597150e+04 -6.170546112116426229e-05 4.316306725817417513e-05 4.675749106674133922e-04 3.270464076207619587e-04
-3.624716789278211309e+02 1.081824379162357400e+04 -6.320729735307395458e-04 6.783563542227371559e-04 4.799932886383050969e-03 5.152313691243176792e-03
-3.454071876956990650e+02 1.083594547094584050e+04 -6.567466189153492451e-04 7.773265547144159529e-04 4.987771450534608970e-03 5.906245113383565629e-03
-3.283407513447141355e+02 1.085364916801770596e+04 2.903769200202077627e-05 7.375647979235766191e-05 -2.199583225611622935e-04 5.589173757688366490e-04
-3.112723695422720311e+02 1.087135488318418538e+04 5.349717102944850922e-04 5.247991902641946458e-04 -4.044625450733377314e-03 3.983675751522358990e-03
-2.942020419557023843e+02 1.088906261679037198e+04 4.702358273789286613e-05 1.229555314513927720e-04 -3.561758250250941110e-04 9.319153971698559882e-04
-2.771297682522591117e+02 1.090677236918143353e+04 -5.839985096827149391e-04 3.861059380512339430e-04 4.434047007016806395e-03 2.929331289782423613e-03
-2.600555480991203581e+02 1.092448414070262152e+04 -2.393022150499746203e-04 1.788561156373990127e-04 1.814540852517741200e-03 1.355889375698308931e-03
-2.429793811633880978e+02 1.094219793169926197e+04 7.678626570850610733e-04 7.049788402101797363e-04 -5.800287105587721183e-03 5.355061571682232305e-03
-2.259012671120886466e+02 1.095991374251676643e+04 2.126888837665319443e-03 2.355858577736410966e-03 -1.598436093198843735e-02 1.800859926431266564e-02
-2.088212056121721787e+02 1.097763157350061556e+04 3.938099369406700134e-03 4.577400812329677181e-03 -2.939770784116821703e-02 3.529280752131545851e-02
-1.917391963305131242e+02 1.099535142499637550e+04 5.403680726885795593e-03 6.899484750907689326e-03 -4.012124524835761208e-02 5.368438642420694101e-02
-1.746552389339096862e+02 1.101307329734969244e+04 6.336046382784843445e-03 8.236080488663337015e-03 -4.688392118957052102e-02 6.442604656338302149e-02
-1.575693330890842958e+02 1.103079719090628532e+04 7.702465634793043137e-03 9.818731041762382428e-03 -5.671299301823959360e-02 7.729616944522152422e-02
-1.404814784626831567e+02 1.104852310601195677e+04 9.554236195981502533e-03 1.225198733156785888e-02 -6.988101572953145380e-02 9.741228210376866314e-02
-1.233916747212765728e+02 1.106625104301258762e+04 1.139552798122167587e-02 1.480006883365815769e-02 -8.280481946679821292e-02 1.189206327615334180e-01
-1.062999215313587058e+02 1.108398100225413327e+04 1.240921765565872192e-02 1.608856983320952616e-02 -8.984913601550237328e-02 1.299755561647318314e-01
-8.920621855934764710e+01 1.110171298408263647e+04 1.257792674005031586e-02 1.586538561477543463e-02 -9.101672500227636631e-02 1.280519354653487929e-01
-7.211056547153320651e+01 1.111944698884426361e+04 1.242738589644432068e-02 1.560070334825293392e-02 -8.997493891296164115e-02 1.257754298180534525e-01
-5.501296193428555625e+01 1.113718301688510473e+04 1.180240325629711151e-02 1.523496710730445729e-02 -8.563823505255822865e-02 1.226382729328630017e-01
-3.791340761374221557e+01 1.115492106855148995e+04 1.141958869993686676e-02 1.550571653371583987e-02 -8.297259806264109527e-02 1.249597197434705320e-01
-2.081190217601669445e+01 1.117266114418977122e+04 1.163022220134735107e-02 1.610721592495724039e-02 -8.444017289610925014e-02 1.301364341008721670e-01
-3.708445287146301172e+00 1.119040324414638053e+04 1.157614029943943024e-02 1.535725061821008146e-02 -8.406356631903880161e-02 1.236860830864234123e-01
1.339696338690787591e+01 1.120814736876783172e+04 1.104524265974760056e-02 1.408348533334559394e-02 -8.035903987122781922e-02 1.128250513439043728e-01
3.050432418026099413e+01 1.122589351840071504e+04 1.074127480387687683e-02 1.331957411970773920e-02 -7.823180186718724227e-02 1.063675386945205220e-01
4.761363742710447866e+01 1.124364169339170076e+04 1.093564368784427643e-02 1.345471133826143043e-02 -7.959256223232863414e-02 1.075068522249471581e-01
6.472490346170603459e+01 1.126139189408753737e+04 1.095188222825527191e-02 1.388379789684803314e-02 -7.970616313447666246e-02 1.111330190962397518e-01
8.183812261840967039e+01 1.127914412083505340e+04 1.038638688623905182e-02 1.331111682468739260e-02 -7.574247411275683572e-02 1.062962801560214388e-01
9.895329523163572105e+01 1.129689837398115924e+04 9.489114396274089813e-03 1.184911079323859931e-02 -6.942086147598527934e-02 9.405355962594043329e-02
1.160704216358809191e+02 1.131465465387283803e+04 8.906124159693717957e-03 1.114189452385142866e-02 -6.529195995634427818e-02 8.818474713450941138e-02
1.331895021657183236e+02 1.133241296085715840e+04 9.082158096134662628e-03 1.148910134920389826e-02 -6.654047963169774926e-02 9.106172851076241304e-02
1.503105371557973626e+02 1.135017329528126174e+04 9.313657879829406738e-03 1.184760988226927353e-02 -6.818002117201768519e-02 9.404106781997283171e-02
1.674335269408439615e+02 1.136793565749237678e+04 9.188767522573471069e-03 1.168431021649354168e-02 -6.729584918507457159e-02 9.268288596942973745e-02
1.845584718556604571e+02 1.138570004783780678e+04 9.251353330910205841e-03 1.174293963753173832e-02 -6.773902849807000859e-02 9.317030129110150105e-02
2.016853722351256124e+02 1.140346646666493325e+04 9.545357897877693176e-03 1.203590447938513927e-02 -6.981829364661824855e-02 9.560942856964681213e-02
2.188142284141946448e+02 1.142123491432121955e+04 9.668326005339622498e-03 1.246661760018136916e-02 -7.068667058020774996e-02 9.920623959982931284e-02
2.359450407278993680e+02 1.143900539115420725e+04 9.231076575815677643e-03 1.230962949286082235e-02 -6.759546732057637730e-02 9.789376014953593552e-02
2.530778095113481072e+02 1.145677789751151795e+04 8.927488699555397034e-03 1.166735006061845291e-02 -6.544357097027438119e-02 9.254193211184076617e-02
2.702125350997256419e+02 1.147455243374084966e+04 9.429216384887695312e-03 1.187796777423945176e-02 -6.899743177373912628e-02 9.429376131797921612e-02
2.873492178282935470e+02 1.149232900018998771e+04 9.788705967366695404e-03 1.231457821863272788e-02 -7.153604071878882920e-02 9.793510706874855587e-02
3.044878580323896244e+02 1.151010759720678834e+04 9.750372730195522308e-03 1.224838348830204621e-02 -7.126564950794893327e-02 9.738218733261252980e-02
3.216284560474285286e+02 1.152788822513919149e+04 9.983552619814872742e-03 1.271353609520398976e-02 -7.290930168544687562e-02 1.012740625787514614e-01
3.387710122089016522e+02 1.154567088433521531e+04 9.855659678578376770e-03 1.283532942819414803e-02 -7.200813691081243972e-02 1.022955997070928852e-01
3.559155268523768427e+02 1.156345557514295615e+04 8.539916016161441803e-03 1.072779636321517099e-02 -6.268962559789097166e-02 8.476428675610056529e-02
3.730620003135509251e+02 1.158124229791064863e+04 6.760837510228157043e-03 8.388989763414071016e-03 -4.994993517171231884e-02 6.566230194610242488e-02
3.902104329280406319e+02 1.159903105298644005e+04 4.962145816534757614e-03 6.243698500724251775e-03 -3.690265715318542805e-02 4.845600353580430120e-02
4.073608250316963222e+02 1.161682184071871961e+04 3.430980257689952850e-03 4.053208346684263746e-03 -2.566021716805650527e-02 3.118743529835017042e-02
4.245131769603927978e+02 1.163461466145590748e+04 2.237541368231177330e-03 2.222654972980943333e-03 -1.680900476985928982e-02 1.698167109205664035e-02
4.416674890500814286e+02 1.165240951554649655e+04 1.094696926884353161e-03 1.057548669342159341e-03 -8.258959247730301295e-03 8.043998726377853820e-03
4.588237616367907208e+02 1.167020640333906340e+04 6.011219229549169540e-04 4.313727035088889641e-04 -4.543616087025236297e-03 3.273326519179781645e-03
4.759819950566256921e+02 1.168800532518226646e+04 4.722311568912118673e-04 8.914286682749997812e-05 -3.571124701344741137e-03 6.755528831669252790e-04
4.931421896457682692e+02 1.170580628142483511e+04 1.033995795296505094e-04 2.882524456979561122e-05 -7.830235050161540996e-04 2.183969117921532959e-04
5.103043457404774585e+02 1.172360927241558602e+04 -2.078509569400921464e-04 4.424293654135253410e-05 1.575869492009041939e-03 3.352299449566266583e-04
5.274684636770887209e+02 1.174141429850341592e+04 -1.508243294665589929e-04 2.104574133607930173e-05 1.143261831394013547e-03 1.594501458630778821e-04
5.446345437920148242e+02 1.175922136003729793e+04 -2.635206328704953194e-05 2.906720087641343408e-04 1.996567731707835959e-04 2.204488773263209647e-03
5.618025864217452181e+02 1.177703045736628337e+04 -5.779644197900779545e-05 5.157989886828987175e-04 4.379477182782595159e-04 3.915222587098705041e-03
5.789725919028463750e+02 1.179484159083950908e+04 1.201984632643871009e-04 5.127844592269854607e-05 -9.101800790830620559e-04 3.885485503844049969e-04
5.961445605719617333e+02 1.181265476080618828e+04 3.081662871409207582e-04 2.610996527931662989e-04 -2.331872155983698205e-03 1.979986552985005428e-03
6.133184927658115839e+02 1.183046996761561422e+04 1.888761034933850169e-04 6.682041913906339604e-05 -1.429856839233524437e-03 5.063434667275907393e-04
6.304943888211935246e+02 1.184828721161716021e+04 2.545061033742967993e-05 1.247144977924996025e-04 -1.927890690644847764e-04 9.452534127341456456e-04
6.476722490749818917e+02 1.186610649316027957e+04 8.541711576981469989e-05 1.528081108314725239e-05 -6.468900833782701169e-04 1.157704214634872904e-04
6.648520738641282151e+02 1.188392781259450567e+04 1.297983399126678705e-04 1.902244137612226177e-04 -9.828376137557986482e-04 1.442133418344792141e-03
6.820338635256611042e+02 1.190175117026945190e+04 4.940191865898668766e-05 1.839814629544173140e-04 -3.741869428708016017e-04 1.394771203059798738e-03
6.992176183966862482e+02 1.191957656653481172e+04 2.095034287776798010e-04 2.424375957436253532e-04 -1.585889000721439016e-03 1.838337159396380861e-03
7.164033388143863021e+02 1.193740400174035858e+04 4.765743506141006947e-04 5.765889465525430007e-04 -3.603909855555748835e-03 4.377666093207725068e-03
7.335910251160214557e+02 1.195523347623594418e+04 6.396821117959916592e-04 7.111026553458055319e-04 -4.834372173767344238e-03 5.401704299626997052e-03
7.507806776389284096e+02 1.197306499037150206e+04 5.036892835050821304e-04 4.392879549575747248e-04 -3.808566101373788912e-03 3.333488958464431856e-03
7.679722967205219675e+02 1.199089854449704762e+04 -4.081113729625940323e-06 1.385742675649065966e-04 3.091800621142064422e-05 1.050356488603092350e-03
7.851658826982931032e+02 1.200873413896267266e+04 -6.650510476902127266e-05 4.403308775118695449e-04 5.039535145240980419e-04 3.341416299932012651e-03
8.023614359098634168e+02 1.202657177411860357e+04 1.845772931119427085e-04 2.853206769147420183e-04 -1.397336097634073676e-03 2.163859736413544475e-03
8.195589566927736769e+02 1.204441145031498854e+04 1.936576300067827106e-04 7.525704556596778897e-05 -1.466028113079868465e-03 5.702917184891068657e-04
8.367584453847996429e+02 1.206225316790221405e+04 2.413426700513809919e-04 2.215946784649090165e-04 -1.826684157153881998e-03 1.680158239820130073e-03
8.539599023237420852e+02 1.208009692723069566e+04 3.288370498921722174e-04 3.078518817118951092e-04 -2.488091902524282306e-03 2.334935065560962697e-03
8.711633278474785129e+02 1.209794272865092353e+04 4.614061326719820499e-04 3.484232950525395240e-04 -3.489405940858234748e-03 2.643060225474040074e-03
8.883687222939641970e+02 1.211579057251347513e+04 1.810648100217804313e-04 1.128728931937872696e-04 -1.370763180953978684e-03 8.554634802752501170e-04
9.055760860012320563e+02 1.213364045916900614e+04 -1.994747144635766745e-04 2.489936822135054473e-04 1.512315051426320854e-03 1.888097108403170377e-03
9.227854193073915212e+02 1.215149238896825045e+04 1.094431063393130898e-04 9.122476376009799165e-05 -8.287709164537975567e-04 6.913356125562682489e-04
9.399967225506302384e+02 1.216934636226202019e+04 2.702013880480080843e-04 5.374285638469004358e-04 -2.044888003144041365e-03 4.079739344702957779e-03
9.572099960692131617e+02 1.218720237940121660e+04 1.691895449766889215e-04 2.571066013585596296e-04 -1.280918250922971234e-03 1.949676667978211819e-03
9.744252402014820973e+02 1.220506044073681005e+04 2.576391270849853754e-04 4.100073325153442451e-04 -1.949909259522978298e-03 3.110950146759076159e-03
9.916424552858568404e+02 1.222292054661986185e+04 -8.287053060485050082e-05 5.151160405352734673e-05 6.280042034032714800e-04 3.903155878674000696e-04
1.008861641660834835e+03 1.224078269740150790e+04 -5.513322539627552032e-04 6.074021948204250338e-04 4.185506524318908031e-03 4.612151416555276481e-03
1.026082799664990716e+03 1.225864689343296232e+04 -5.336098256520926952e-04 8.291113488143594468e-04 4.050691664510640451e-03 6.300955977160228177e-03
1.043305929636976543e+03 1.227651313506552287e+04 -4.344698390923440456e-04 4.686114248179439686e-04 3.296866872994202828e-03 3.556403062785092311e-03
1.060531031915522362e+03 1.229438142265057104e+04 -3.342298150528222322e-04 1.264577037917381235e-05 2.535255098458264258e-03 9.580587998802321396e-05
1.077758106839435413e+03 1.231225175653956103e+04 -3.378741675987839699e-04 6.066167451201424674e-06 2.562934296912489172e-03 4.595687002499768207e-05
1.094987154747600698e+03 1.233012413708403619e+04 -7.084647659212350845e-04 6.114214811293804900e-04 5.381612250887764584e-03 4.642741783532793910e-03
1.112218175978980980e+03 1.234799856463561082e+04 -8.812269661575555801e-04 1.175948814751655042e-03 6.698345776622670333e-03 8.948622903618757771e-03
1.129451170872616558e+03 1.236587503954598833e+04 -5.957831745035946369e-04 9.099845776421425269e-04 4.523725532544964865e-03 6.917694729563625931e-03
1.146686139767625264e+03 1.238375356216695218e+04 -2.309663250343874097e-04 3.995460469203545640e-04 1.751277478232101358e-03 3.031454209616812456e-03
1.163923083003202692e+03 1.240163413285035494e+04 2.975053212139755487e-04 2.685605835312947264e-04 -2.251292130106508256e-03 2.036622383392445914e-03
1.181162000918622198e+03 1.241951675194814743e+04 6.445563049055635929e-04 1.004711977599328024e-03 -4.871119122166690969e-03 7.640569326781278085e-03
1.198402893853235355e+03 1.243740141981234774e+04 3.507206856738775969e-04 6.267183546006467642e-04 -2.653451373567705662e-03 4.759173243402822426e-03
1.215645762146470361e+03 1.245528813679505947e+04 -2.913802745752036572e-05 2.281462773904926089e-04 2.207669994947509683e-04 1.729876262869654412e-03
1.232890606137834311e+03 1.247317690324846808e+04 -1.824872160796076059e-04 2.649919718031556451e-04 1.383435415329430703e-03 2.009532696922194505e-03
1.250137426166964133e+03 1.249106771952488816e+04 -3.561430494301021099e-04 3.681740993875569704e-04 2.701699710956935365e-03 2.793094782735211154e-03
1.267386222573416944e+03 1.250896058597656156e+04 -6.061166641302406788e-04 5.090237892328486119e-04 4.602367574672615487e-03 3.863695294499249963e-03
1.284636995696985423e+03 1.252685550295596477e+04 -5.486516165547072887e-04 5.565064522847632585e-04 4.165113696295512369e-03 4.224870180482788798e-03
1.301889745877487485e+03 1.254475247081560883e+04 2.388659049756824970e-05 4.479525507922150563e-05 -1.809426478127175485e-04 3.394155879787137610e-04
1.319144473454819490e+03 1.256265148990807575e+04 4.862225614488124847e-04 4.396630532515128677e-04 -3.676736765230662583e-03 3.336340104698296179e-03
1.336401178768954651e+03 1.258055256058603845e+04 3.040679730474948883e-04 6.564870837840516143e-04 -2.300896157423341047e-03 4.985795445919293141e-03
1.353659862159945078e+03 1.259845568320224447e+04 3.206745896022766829e-05 4.534971598799741942e-04 -2.429057911526424419e-04 3.441499717062747061e-03
1.370920523967920417e+03 1.261636085810952318e+04 3.799417463596910238e-04 6.753283837086666158e-04 -2.874212055658981017e-03 5.129256291704383311e-03
1.388183164533088529e+03 1.263426808566078762e+04 4.788766964338719845e-04 7.005333666414487919e-04 -3.621288972012756593e-03 5.321203484206637503e-03
1.405447784195734812e+03 1.265217736620902906e+04 -6.643986853305250406e-05 1.582048359174026311e-04 5.034590516139434173e-04 1.199240285486701408e-03
1.422714383296223332e+03 1.267008870010731880e+04 -1.166684160125441849e-04 4.499984287094139536e-04 8.842424636220783726e-04 3.414903155632958726e-03
1.439982962174995919e+03 1.268800208770881363e+04 1.472068543080240488e-04 6.469550219046903573e-05 -1.114582064301143215e-03 4.902375876488100680e-04
1.457253521172571936e+03 1.270591752936674675e+04 1.654378138482570648e-06 2.084268858655507280e-04 -1.253308917638771496e-05 1.580239480570938939e-03
1.474526060629549875e+03 1.272383502543443319e+04 -4.417300806380808353e-05 2.627218784816227263e-04 3.347000062819895810e-04 1.992300574676889643e-03
1.491800580886605758e+03 1.274175457626527168e+04 2.959014964289963245e-04 8.188831997754664194e-04 -2.239169191713664096e-03 6.222983262398883511e-03
1.509077082284493599e+03 1.275967618221273915e+04 5.038297385908663273e-04 7.852081495808778703e-04 -3.809626109680835579e-03 5.966309669028892551e-03
1.526355565164046084e+03 1.277759984363039621e+04 2.518486580811440945e-04 1.168564733209604496e-04 -1.906126565349928288e-03 8.856684015343175599e-04
1.543636029866173658e+03 1.279552556087188168e+04 -6.337266677292063832e-05 3.494383862023030859e-04 4.802112433658807522e-04 2.650770691908241414e-03
1.560918476731864757e+03 1.281345333429091625e+04 1.194634023704566061e-04 1.850516128207419203e-04 -9.046164866327276177e-04 1.402889747545041322e-03
