-2.349315850550954110e+03 3.427604777968699636e+04 -0.000000000000000000e+00 0.000000000000000000e+00 -0.000000000000000000e+00 -0.000000000000000000e+00
-2.331085919716088483e+03 3.429652243481087498e+04 -0.000000000000000000e+00 0.000000000000000000e+00 -0.000000000000000000e+00 -0.000000000000000000e+00
-2.312853754163385929e+03 3.431699959982232394e+04 -0.000000000000000000e+00 0.000000000000000000e+00 -0.000000000000000000e+00 -0.000000000000000000e+00
-2.294619353481962662e+03 3.433747927518283541e+04 -0.000000000000000000e+00 0.000000000000000000e+00 -0.000000000000000000e+00 -0.000000000000000000e+00
-2.276382717260665686e+03 3.435796146135418530e+04 -0.000000000000000000e+00 0.000000000000000000e+00 -0.000000000000000000e+00 -0.000000000000000000e+00
-2.258143845088410671e+03 3.437844615879807679e+04 -0.000000000000000000e+00 0.000000000000000000e+00 -0.000000000000000000e+00 -0.000000000000000000e+00
-2.239902736553954128e+03 3.439893336797638767e+04 -0.000000000000000000e+00 0.000000000000000000e+00 -0.000000000000000000e+00 -0.000000000000000000e+00
-2.221659391245953429e+03 3.441942308935111942e+04 -0.000000000000000000e+00 0.000000000000000000e+00 -0.000000000000000000e+00 -0.000000000000000000e+00
-2.203413808752964997e+03 3.443991532338437537e+04 -0.000000000000000000e+00 0.000000000000000000e+00 -0.000000000000000000e+00 -0.000000000000000000e+00
-2.185165988663499320e+03 3.446041007053830981e+04 -0.000000000000000000e+00 0.000000000000000000e+00 -0.000000000000000000e+00 -0.000000000000000000e+00
-2.166915930565799044e+03 3.448090733127538260e+04 -0.000000000000000000e+00 0.000000000000000000e+00 -0.000000000000000000e+00 -0.000000000000000000e+00
-2.148663634048172753e+03 3.450140710605797358e+04 -0.000000000000000000e+00 0.000000000000000000e+00 -0.000000000000000000e+00 -0.000000000000000000e+00
-2.130409098698773960e+03 3.452190939534865174e+04 -0.000000000000000000e+00 0.000000000000000000e+00 -0.000000000000000000e+00 -0.000000000000000000e+00
-2.112152324105652497e+03 3.454241419961008796e+04 -0.000000000000000000e+00 0.000000000000000000e+00 -0.000000000000000000e+00 -0.000000000000000000e+00
-2.093893309856758606e+03 3.456292151930506952e+04 -0.000000000000000000e+00 0.000000000000000000e+00 -0.000000000000000000e+00 -0.000000000000000000e+00
-2.075632055539997964e+03 3.458343135489642737e+04 -0.000000000000000000e+00 0.000000000000000000e+00 -0.000000000000000000e+00 -0.000000000000000000e+00
-2.057368560743005673e+03 3.460394370684731257e+04 -0.000000000000000000e+00 0.000000000000000000e+00 -0.000000000000000000e+00 -0.000000000000000000e+00
-2.039102825053484594e+03 3.462445857562078163e+04 -0.000000000000000000e+00 0.000000000000000000e+00 -0.000000000000000000e+00 -0.000000000000000000e+00
-2.020834848058980697e+03 3.464497596168008749e+04 -0.000000000000000000e+00 0.000000000000000000e+00 -0.000000000000000000e+00 -0.000000000000000000e+00
-2.002564629346937409e+03 3.466549586548857042e+04 -0.000000000000000000e+00 0.000000000000000000e+00 -0.000000000000000000e+00 -0.000000000000000000e+00
-1.984292168504753818e+03 3.468601828750964341e+04 -0.000000000000000000e+00 0.000000000000000000e+00 -0.000000000000000000e+00 -0.000000000000000000e+00
-1.966017465119560711e+03 3.470654322820701782e+04 -0.000000000000000000e+00 0.000000000000000000e+00 -0.000000000000000000e+00 -0.000000000000000000e+00
-1.947740518778553223e+03 3.472707068804433220e+04 -0.000000000000000000e+00 0.000000000000000000e+00 -0.000000000000000000e+00 -0.000000000000000000e+00
-1.929461329068770965e+03 3.474760066748538520e+04 -0.000000000000000000e+00 0.000000000000000000e+00 -0.000000000000000000e+00 -0.000000000000000000e+00
-1.911179895577151456e+03 3.476813316699410643e+04 -3.457017301116138697e-04 5.548410555571851909e-04 5.681412270071677095e-03 9.134235120101473135e-03
-1.892896217890531261e+03 3.478866818703453464e+04 -9.013177477754652500e-04 1.312719930923920151e-03 1.488082049189401110e-02 2.174741008450806548e-02
-1.874610295595700109e+03 3.480920572807075223e+04 -2.027960959821939468e-03 1.817026879606492042e-03 3.379868811710858706e-02 3.022948144374751345e-02
-1.856322128279180561e+03 3.482974579056716902e+04 -3.609181148931384087e-03 1.993101721005101704e-03 6.096801977634622172e-02 3.320795701873164446e-02
-1.838031715527559754e+03 3.485028837498808571e+04 -2.705547027289867401e-03 4.703160444086521854e-04 4.535105127757278060e-02 7.737318624778302852e-03
-1.819739056927267939e+03 3.487083348179799941e+04 2.846643910743296146e-04 4.028724822796074458e-04 -4.654186065421958042e-03 6.624099514929510102e-03
-1.801444152064634181e+03 3.489138111146152369e+04 1.502893399447202682e-03 7.001304369429794993e-04 -2.433076362432814652e-02 1.153995327595544289e-02
-1.783147000525885460e+03 3.491193126444338122e+04 1.873390981927514076e-03 1.099164774365138549e-03 -3.023898432025780639e-02 1.817714082305048676e-02
-1.764847601897202594e+03 3.493248394120833836e+04 3.561113495379686356e-03 2.610992903376654212e-03 -5.671954540455773769e-02 4.373093581046765682e-02
-1.746545955764498103e+03 3.495303914222147432e+04 2.690941793844103813e-03 2.540136822706899698e-03 -4.315403979927780881e-02 4.251858703433226971e-02
-1.728242061713750218e+03 3.497359686794778827e+04 1.817330485209822655e-05 2.484935583464986685e-04 -2.977768159029309139e-04 4.080586183382221496e-03
-1.709935919330779143e+03 3.499415711885247583e+04 1.965959556400775909e-03 2.376390301077950257e-03 -3.170971509630429036e-02 3.972249155030530693e-02
-1.691627528201302994e+03 3.501471989540080540e+04 3.055861918255686760e-03 4.153588499074334535e-03 -4.886536772273934043e-02 7.049578336377852750e-02
-1.673316887910995320e+03 3.503528519805814722e+04 -1.250961679033935070e-03 7.988495075519112202e-04 2.071360919554048052e-02 1.317786332754827816e-02
-1.655003998045258413e+03 3.505585302729012619e+04 -3.607605351135134697e-03 3.053520865316309597e-03 6.094057281717742136e-02 5.133603414981047913e-02
-1.636688858189562097e+03 3.507642338356233813e+04 -2.089418005198240280e-03 3.764668223507222806e-03 3.484100124956442807e-02 6.367997653722910767e-02
-1.618371467929217260e+03 3.509699626734050980e+04 -3.302338300272822380e-04 1.497170083360536497e-03 5.426515081365549525e-03 2.484138727034217869e-02
-1.600051826849433610e+03 3.511757167909052805e+04 7.115673506632447243e-04 4.072986680377561918e-04 -1.159358362186270822e-02 6.697119869141497997e-03
-1.581729934535318307e+03 3.513814961927835975e+04 2.593509852886199951e-03 2.415443845709764129e-03 -4.162360894634720143e-02 4.038865069870276048e-02
-1.563405790571932812e+03 3.515873008837004454e+04 3.847557352855801582e-03 2.832288556053344074e-03 -6.114509091887725817e-02 4.752679960154782002e-02
-1.545079394544068691e+03 3.517931308683191310e+04 1.995744649320840836e-03 4.261951992767898205e-04 -3.218248146450080477e-02 7.008922625652053498e-03
-1.526750746036583450e+03 3.519989861513023061e+04 3.066994249820709229e-04 6.155756958134820690e-04 -5.013551275688524732e-03 1.013918232707461398e-02
-1.508419844634175888e+03 3.522048667373142234e+04 1.861187629401683807e-03 1.286000401791065513e-03 -3.004493581465696866e-02 2.130000794369967670e-02
-1.490086689921444076e+03 3.524107726310205908e+04 2.472175983712077141e-03 3.458787883972749659e-03 -3.971445355599065308e-02 5.835188637758707136e-02
-1.471751281482882177e+03 3.526167038370879891e+04 -1.917009940370917320e-03 8.118299020274257578e-04 3.191970259722007319e-02 1.339342890201981363e-02
-1.453413618902939788e+03 3.528226603601835814e+04 -5.223371554166078568e-03 3.796902944580488916e-03 8.948690522543760462e-02 6.424312602392484584e-02
-1.435073701765795704e+03 3.530286422049776593e+04 -3.587753046303987503e-03 3.449715795383780439e-03 6.059485349851619768e-02 5.819429349611689867e-02
-1.416731529655694203e+03 3.532346493761397141e+04 -1.902820775285363197e-03 9.710110377261057992e-04 3.167965967808579475e-02 1.604073800596954660e-02
-1.398387102156721539e+03 3.534406818783409835e+04 3.463943721726536751e-04 9.337846140144017988e-05 -5.660602987838167857e-03 1.531443055790379214e-03
-1.380040418852861649e+03 3.536467397162538691e+04 3.408263670280575752e-03 2.443153396153572177e-03 -5.434998362774507569e-02 4.086157798470246155e-02
-1.361691479328052310e+03 3.538528228945513547e+04 7.722694426774978638e-04 2.606737675796416687e-04 -1.257641005136544976e-02 4.281029731978304789e-03
-1.343340283165960727e+03 3.540589314179094072e+04 -3.497215919196605682e-03 2.992536173913875556e-03 5.901970222634289609e-02 5.028453465202709777e-02
-1.324986829950320043e+03 3.542650652910031931e+04 -3.079060465097427368e-03 3.092889055842452332e-03 5.177671721979856118e-02 5.201540914630654183e-02
-1.306631119264704239e+03 3.544712245185098436e+04 -1.249231514520943165e-03 1.584397933808964808e-03 2.068466252931323163e-02 2.630789274759762209e-02
-1.288273150692586114e+03 3.546774091051074356e+04 -5.525972810573875904e-04 5.757443389365824631e-04 9.097127788000163376e-03 9.479997841933316891e-03
-1.269912923817334558e+03 3.548836190554753557e+04 2.154398243874311447e-04 2.160175238936340837e-04 -3.524374792026780355e-03 3.546340788386251070e-03
-1.251550438222272987e+03 3.550898543742934271e+04 2.127317944541573524e-03 2.467573058834464893e-03 -3.426821930074883116e-02 4.127854124572613581e-02
-1.233185693490453787e+03 3.552961150662444561e+04 2.526672556996345520e-03 2.312919510135249233e-03 -4.057239322162843609e-02 3.864077894636494537e-02
-1.214818689204995053e+03 3.555024011360106670e+04 2.779348986223340034e-03 1.763951485026657873e-03 -4.454068875311002068e-02 2.933339735733234491e-02
-1.196449424948855949e+03 3.557087125882759574e+04 3.779894439503550529e-03 3.210333958409292577e-03 -6.010146717610931333e-02 5.404489689128229996e-02
-1.178077900304893319e+03 3.559150494277254620e+04 2.848076168447732925e-03 3.418582593837450438e-03 -4.561733389365543734e-02 5.765366183638592074e-02
-1.159704114855861235e+03 3.561214116590452613e+04 1.453045289963483810e-03 3.049464815663694567e-03 -2.353317896819360003e-02 5.126606531229060959e-02
-1.141328068184467156e+03 3.563277992869223090e+04 6.803665892221033573e-04 1.395446947040805859e-03 -1.108803658411279362e-02 2.313389391634959602e-02
-1.122949759873147286e+03 3.565342123160461779e+04 -1.174080884084105492e-03 5.271922164097733515e-04 1.942815637367451692e-02 8.677077241848686964e-03
-1.104569189504403766e+03 3.567406507511062227e+04 -3.321796888485550880e-03 3.322883640540070203e-03 5.597483108705408189e-02 5.599366609262855510e-02
-1.086186356660579577e+03 3.569471145967929624e+04 -1.292366185225546360e-03 1.428324077339903275e-03 2.140658092387023176e-02 2.368544052633040492e-02
-1.067801260923914924e+03 3.571536038577986619e+04 3.392088459804654121e-03 3.132852363781455252e-03 -5.409889780185234143e-02 5.270552644875677734e-02
-1.049413901876603177e+03 3.573601185388156591e+04 4.360302351415157318e-03 4.677763359738277074e-03 -6.901840000604141101e-02 7.975604033733596498e-02
-1.031024279100567128e+03 3.575666586445397115e+04 1.814572606235742569e-03 2.049372074526193636e-03 -2.930335205496980427e-02 3.416169789147964486e-02
-1.012632392177793918e+03 3.577732241796654853e+04 -5.648741498589515686e-04 1.243713408895757988e-03 9.300178338461700597e-03 2.059234698583211481e-02
-9.942382406901124341e+02 3.579798151488896838e+04 -3.030488267540931702e-03 3.531493005490524400e-03 5.093877560601831056e-02 5.961575798369159879e-02
-9.758418242192479966e+02 3.581864315569101018e+04 -4.378276411443948746e-03 3.589865946112389197e-03 7.445470273261609040e-02 6.063164305361704726e-02
-9.574431423468236062e+02 3.583930734084256255e+04 -3.131509060040116310e-03 1.846765490463752940e-03 5.268232150406212955e-02 3.073191646766403051e-02
-9.390421946544146294e+02 3.585997407081357960e+04 -3.083691000938415527e-03 2.477531782617709835e-04 5.185663742308664614e-02 4.068403417684374017e-03
-9.206389807233256306e+02 3.588064334607430646e+04 -4.033841658383607864e-03 9.292641035270975515e-04 6.839227242338383195e-02 1.534577496913846865e-02
-9.022335001349257482e+02 3.590131516709493008e+04 -1.476127887144684792e-03 1.144561980653643110e-04 2.448794016920987152e-02 1.877450814250270416e-03
-8.838257524704255275e+02 3.592198953434579016e+04 1.113669131882488728e-03 1.046346895788781125e-03 -1.808608438096658347e-02 1.729608082273179082e-02
-8.654157373109317177e+02 3.594266644829737925e+04 3.866612969432026148e-04 3.234800567707441519e-04 -6.316550792023982626e-03 5.315239300371065075e-03
-8.470034542374484090e+02 3.596334590942027717e+04 4.980330704711377621e-04 4.304634579952729069e-04 -8.128558302955833301e-03 7.079364613265668599e-03
-8.285889028309323976e+02 3.598402791818512196e+04 -4.243908915668725967e-05 2.639374851924044326e-04 6.957268330106858474e-04 4.334745909444026254e-03
-8.101720826720685409e+02 3.600471247506286454e+04 -2.972556278109550476e-03 2.752622562940250980e-03 4.994028113009683911e-02 4.615863576386695227e-02
-7.917529933416070662e+02 3.602539958052437578e+04 -3.669343423098325729e-03 3.331587750496725099e-03 6.201647913868570117e-02 5.614453387338243923e-02
-7.733316344201388119e+02 3.604608923504071572e+04 -7.505289977416396141e-04 1.712635035213198301e-04 1.237581222687772486e-02 2.810584356843370910e-03
-7.549080054881510478e+02 3.606678143908304628e+04 1.812030328437685966e-03 8.032742262282706889e-04 -2.926289193749867512e-02 1.325133946616027271e-02
-7.364821061260839770e+02 3.608747619312259485e+04 1.558391144499182701e-03 5.864923527224405377e-04 -2.521799640565380515e-02 9.657828065004529783e-03
-7.180539359141056366e+02 3.610817349763087987e+04 1.491458737291395664e-03 9.590430159840982946e-04 -2.414786182825904778e-02 1.584145643769911682e-02
-6.996234944324492062e+02 3.612887335307936883e+04 2.126165665686130524e-03 1.393982799415140628e-03 -3.424997191347855380e-02 2.310933845541206580e-02
-6.811907812611884765e+02 3.614957575993968203e+04 3.244296647608280182e-03 1.980156191296813736e-03 -5.180181916220246569e-02 3.298866851090243024e-02
-6.627557959802933283e+02 3.617028071868357802e+04 3.881016746163368225e-03 1.465981305304072269e-03 -6.166076195389375014e-02 2.431755202490226003e-02
-6.443185381696303011e+02 3.619098822978291719e+04 1.525219762697815895e-03 2.979177099738878609e-05 -2.468778594966688014e-02 4.883419035178861514e-04
-6.258790074090185271e+02 3.621169829370963271e+04 -1.931964070536196232e-03 2.277217815897213289e-03 3.217274906961458542e-02 3.803284006882838575e-02
-6.074372032780047448e+02 3.623241091093592695e+04 -1.647481461986899376e-03 1.129875283758309187e-03 2.736981703560455517e-02 1.868978284034152754e-02
-5.889931253562008351e+02 3.625312608193397318e+04 1.821920042857527733e-03 1.837474892987115424e-03 -2.942027663194267742e-02 3.057492433538556986e-02
-5.705467732230588354e+02 3.627384380717609019e+04 1.912987558171153069e-03 1.720359824926068508e-03 -3.086836001950067979e-02 2.859802943545087725e-02
-5.520981464579269868e+02 3.629456408713473502e+04 3.268684376962482929e-04 6.092201249046201193e-04 -5.342370734968837458e-03 1.003397239356883762e-02
-5.336472446400495073e+02 3.631528692228246655e+04 1.827994012273848057e-03 1.111389190224548740e-03 -2.951692536888207707e-02 1.838116812370468520e-02
-5.151940673486237756e+02 3.633601231309189461e+04 4.502342548221349716e-03 4.635688489609908827e-03 -7.118853756501587748e-02 7.900955734302837763e-02
-4.967386141625737537e+02 3.635674026003596373e+04 4.850747063755989075e-03 4.255319402297655720e-03 -7.649171964789283629e-02 7.228630350870834942e-02
-4.782808846608888871e+02 3.637747076358751656e+04 1.793906325474381447e-03 1.295286943218050416e-03 -2.897440265198036186e-02 2.145548269464093646e-02
-4.598208784223983230e+02 3.639820382421958493e+04 -2.391776535660028458e-03 1.838792505031714049e-03 3.998489057670809310e-02 3.059718778948123177e-02
-4.413585950258273556e+02 3.641893944240530982e+04 -3.388195065781474113e-03 2.887646902495099276e-03 5.712626059923377880e-02 4.847861348737800974e-02
-4.228940340498536443e+02 3.643967761861789768e+04 -2.228492405265569687e-03 1.511568024040175692e-03 3.720372551049447307e-02 2.508330239437984999e-02
-4.044271950728818297e+02 3.646041835333086055e+04 -2.707831095904111862e-03 1.271070341916574493e-03 4.539021960220727264e-02 2.105010038592426344e-02
-3.859580776733815810e+02 3.648116164701762318e+04 -3.022069111466407776e-03 3.551215072282258231e-03 5.079360419478042704e-02 5.995887270926665569e-02
-3.674866814296622124e+02 3.650190750015181402e+04 -2.077818848192691803e-03 2.254904364872102000e-03 3.464419604549719839e-02 3.765306770274194637e-02
-3.490130059199289576e+02 3.652265591320715612e+04 -1.377773005515336990e-03 1.456585768330039606e-03 2.283752161588832597e-02 2.415980180908123068e-02
-3.305370507222829701e+02 3.654340688665749622e+04 4.486180841922760010e-05 5.075934276378002560e-04 -7.349178810254498309e-04 8.353148913405359505e-03
-3.120588154147775981e+02 3.656416042097674654e+04 6.413197843357920647e-04 2.202061114410683567e-03 -1.045499955122202417e-02 3.675425647829824033e-02
-2.935782995751928866e+02 3.658491651663911034e+04 -9.451307705603539944e-04 7.956202879359278429e-04 1.560985117312761045e-02 1.312424285406127433e-02
-2.750955027813739093e+02 3.660567517411872541e+04 -1.199473161250352859e-03 4.916453424499672275e-04 1.985253448264029386e-02 8.089636739375103552e-03
-2.566104246110050440e+02 3.662643639388990414e+04 -9.861250873655080795e-07 2.156121346756944873e-04 1.616058767466646912e-05 3.539673756455685542e-03
-2.381230646416665024e+02 3.664720017642708990e+04 -5.845922860316932201e-04 5.454203624454132199e-04 9.626388394063106410e-03 8.978445826655355108e-03
-2.196334224508340469e+02 3.666796652220482792e+04 -2.219869755208492279e-03 4.305393147536696534e-04 3.705707353378927260e-02 7.080616574016147628e-03
-2.011414976159356911e+02 3.668873543169772893e+04 -1.736404141411185265e-03 1.168979399562387845e-03 2.886862556309192571e-02 1.934291759117917620e-02
-1.826472897141257477e+02 3.670950690538069466e+04 -7.060223724693059921e-04 7.308766740926645952e-04 1.163763483171183395e-02 1.204979579328449568e-02
-1.641507983226233875e+02 3.673028094372856867e+04 -1.427730428986251354e-03 1.285398121567116496e-03 2.367547878653456991e-02 2.128992543692066058e-02
-1.456520230184870002e+02 3.675105754721638368e+04 -1.942283823154866695e-03 1.832913649405427470e-03 3.234741222194617571e-02 3.049785764934637849e-02
-1.271509633786704683e+02 3.677183671631925972e+04 -9.604250080883502960e-04 1.106148428877654468e-03 1.586446619555308135e-02 1.829369394748967328e-02
-1.086476189800797130e+02 3.679261845151239686e+04 4.926121619064360857e-05 2.863639015152875337e-04 -8.069590972563964008e-04 4.703931068445881512e-03
-9.014198939934665589e+01 3.681340275327128620e+04 3.951727994717657566e-04 3.386808148100826899e-04 -6.455148014163934744e-03 5.565705799278153863e-03
-7.163407421316814805e+01 3.683418962207136792e+04 1.217289827764034271e-03 1.597083876339485363e-03 -1.975237814685533791e-02 2.652135254682663409e-02
-5.312387299807991781e+01 3.685497905838823499e+04 2.158029936254024506e-03 2.208942245795809684e-03 -3.475444905178576988e-02 3.687125195164588087e-02
-3.461138533051313004e+01 3.687577106269762589e+04 9.677261114120483398e-04 1.877578177788598052e-04 -1.573449864701005618e-02 3.081688020736105503e-03
-1.609661078679428314e+01 3.689656563547537371e+04 -9.055071859620511532e-04 1.574526026748071777e-03 1.495050804416931528e-02 2.614181478829724625e-02
2.420451056798294420e+00 3.691736277719736972e+04 -6.330530741252005100e-04 5.205775761167166701e-05 1.042855941824608924e-02 8.534781499158868500e-04
2.093980062426052058e+01 3.693816248833983263e+04 -3.740728134289383888e-04 3.926994782562041593e-04 6.149111348000667852e-03 6.456292071991071718e-03
3.946143833952352509e+01 3.695896476937887928e+04 -5.038375966250896454e-04 1.209614113167291642e-03 8.291084604197227620e-03 2.002206934427135793e-02
5.798536462667973268e+01 3.697976962079083023e+04 1.309702638536691666e-03 2.245453769181508102e-03 -2.123610254185092847e-02 3.749226312143966872e-02
7.651157990992635405e+01 3.700057704305211519e+04 3.730811644345521927e-03 3.321723782937279629e-03 -5.934373851882077111e-02 5.597356407351231078e-02
9.504008461356548310e+01 3.702138703663928027e+04 4.122202284634113312e-03 3.854117753578139346e-03 -6.537003037157000651e-02 6.524346622779707283e-02
1.135708791619474880e+02 3.704219960202892980e+04 2.726850099861621857e-03 2.893262718986467329e-03 -4.371748623074161316e-02 4.857522069137552162e-02
1.321039639796973404e+02 3.706301473969797371e+04 3.611870110034942627e-03 2.867487300134455210e-03 -5.750516207367162291e-02 4.813189077071357291e-02
1.506393394913752672e+02 3.708383245012324915e+04 6.065689958631992340e-03 5.087023257231466575e-03 -9.476779430168155716e-02 8.704625843896963977e-02
1.691770061217030161e+02 3.710465273378178244e+04 6.741470191627740860e-03 5.536969647686826139e-03 -1.047906558784574282e-01 9.512304836159356236e-02
1.877169642955074096e+02 3.712547559115069453e+04 4.894724115729331970e-03 4.568905200584953002e-03 -7.715911454694823757e-02 7.782584606179368536e-02
2.062592144377202033e+02 3.714630102270726638e+04 1.221975078806281090e-03 5.020029398820289581e-04 -1.982765471369118612e-02 8.260768691786204640e-03
2.248037569733216969e+02 3.716712902892877901e+04 -1.871315762400627136e-04 1.405270181505867615e-05 3.071393654168912135e-03 2.303199069197802839e-04
2.433505923275670568e+02 3.718795961029286264e+04 2.291822573170065880e-03 2.743835606011968062e-03 -3.686988917774189356e-02 4.600784531736312050e-02
2.618997209256468182e+02 3.720879276727707474e+04 5.101466551423072815e-03 4.663912381669239708e-03 -8.029067857580486633e-02 7.951023783129196332e-02
2.804511431929131504e+02 3.722962850035913289e+04 4.768584854900836945e-03 4.208418005680531794e-03 -7.524363282511024875e-02 7.146041466604198533e-02
2.990048595548236676e+02 3.725046681001687830e+04 2.912346273660659790e-03 2.333414297535270961e-03 -4.662310896645836117e-02 3.898993722532832079e-02
3.175608704368843860e+02 3.727130769672821771e+04 9.674432221800088882e-04 1.700891131789229868e-03 -1.572993506736209551e-02 2.826977763393279108e-02
3.361191762648765575e+02 3.729215116097136342e+04 -1.863876590505242348e-03 2.173238652981340953e-03 3.102112364325805213e-02 3.626435529847846923e-02
3.546797774645168033e+02 3.731299720322444045e+04 -3.124468261376023293e-03 3.908105673030883020e-03 5.256070380268103998e-02 6.618830619269823468e-02
3.732426744616836913e+02 3.733384582396577753e+04 -1.319589442573487759e-03 1.401200841818220398e-03 2.186246820139457758e-02 2.323039927447707528e-02
3.918078676823612341e+02 3.735469702367381251e+04 1.393543643644079566e-04 5.160327293314968160e-04 -2.281112876882501143e-03 8.492620633665935032e-03
4.103753575526387749e+02 3.737555080282709241e+04 -5.144656170159578323e-04 2.214916375439468456e-04 8.466720355363345149e-03 3.636372425823789119e-03
4.289451444986543720e+02 3.739640716190423700e+04 -1.693581463769078255e-03 1.053605326090529572e-03 2.814656083041617782e-02 1.741711338235575265e-02
4.475172289468217173e+02 3.741726610138416436e+04 -2.499267226085066795e-03 1.738025215647140366e-03 4.181997532336407392e-02 2.889596993542602535e-02
4.660916113234898148e+02 3.743812762174571253e+04 -2.676821779459714890e-03 1.357204094545942132e-03 4.485858761916622361e-02 2.249271446430861979e-02
4.846682920551698999e+02 3.745899172346791602e+04 -1.197709236294031143e-03 6.230994953212260976e-04 1.982304839303176275e-02 1.026374539214409444e-02
5.032472715684788227e+02 3.747985840702992573e+04 1.505995867773890495e-03 2.006963227543450291e-03 -2.438038302316180087e-02 3.344281487765141114e-02
5.218285502901389918e+02 3.750072767291100899e+04 2.665048697963356972e-03 2.052793309258710459e-03 -4.274754750544344784e-02 3.421971463394393037e-02
5.404121286469217011e+02 3.752159952159048407e+04 1.634974265471100807e-03 1.539689910765689763e-03 -2.644102624405118840e-02 2.555597699212091775e-02
5.589980070658741624e+02 3.754247395354797482e+04 -1.091334270313382149e-04 3.648627231913760104e-04 1.790062007780854987e-03 5.997258455598220711e-03
5.775861859739788997e+02 3.756335096926305414e+04 -8.151002693921327591e-04 9.700601961288182837e-04 1.344774726344834422e-02 1.602490392827731966e-02
5.961766657983810092e+02 3.758423056921544776e+04 -6.053244578652083874e-04 7.107027461098434093e-04 9.969489107618282123e-03 1.171523687727540203e-02
6.147694469663314294e+02 3.760511275388503418e+04 -2.690107794478535652e-05 1.840275465823853281e-04 4.409476808896160296e-04 3.020370147283226066e-03
6.333645299051299844e+02 3.762599752375171374e+04 1.140496460720896721e-04 3.704299965353057456e-04 -1.867282540470507381e-03 6.089047042873997964e-03
6.519619150423526435e+02 3.764688487929572148e+04 -1.426128204911947250e-03 1.893187928026152567e-04 2.364859309710711996e-02 3.107348308317730515e-03
6.705616028055110291e+02 3.766777482099719782e+04 -2.549607539549469948e-03 1.780992934492656990e-03 4.268054609203923710e-02 2.962102455670162851e-02
6.891635936222793362e+02 3.768866734933649423e+04 -2.575241262093186378e-03 3.207395652482223670e-03 4.311904089684853031e-02 5.399407170161337616e-02
7.077678879204376017e+02 3.770956246479404945e+04 -8.867459837347269058e-04 3.410124608425673179e-03 1.463847006195616307e-02 5.750683841192541501e-02
7.263744861278719327e+02 3.773046016785044048e+04 1.209633075632154942e-03 5.888273428384153095e-04 -1.962934713727299690e-02 9.696465599954781633e-03
7.449833886725175489e+02 3.775136045898630982e+04 7.105139084160327911e-04 1.109052215233212024e-03 -1.157651882823927669e-02 1.834216044854759115e-02
7.635945959825860427e+02 3.777226333868257643e+04 -8.097783429548144341e-04 6.074279550506655968e-05 1.335935554272406518e-02 9.959388079375222549e-04
7.822081084862248872e+02 3.779316880742012290e+04 -7.576087373308837414e-04 4.187794891773415746e-04 1.249328552776599217e-02 6.886547897668488828e-03
8.008239266117441275e+02 3.781407686567999190e+04 1.797805656678974628e-03 4.259593615642224586e-03 -2.903647738431268041e-02 7.236160225101737065e-02
8.194420507875601061e+02 3.783498751394335704e+04 2.660088939592242241e-03 4.610742576061321180e-03 -4.266966605346297903e-02 7.856723547797606066e-02
8.380624814421953488e+02 3.785590075269149384e+04 8.660260355100035667e-04 9.807432268213057275e-04 -1.409252567080911470e-02 1.620281962666974759e-02
8.566852190042214943e+02 3.787681658240575780e+04 1.505744177848100662e-03 1.681645952877928963e-03 -2.437635770628672136e-02 2.794540025918365589e-02
8.753102639024871223e+02 3.789773500356779550e+04 1.013330882415175438e-03 1.641413737476850624e-03 -1.646992434420311430e-02 2.726762622189281976e-02
8.939376165657768070e+02 3.791865601665919530e+04 -3.055247943848371506e-03 4.276291767969540164e-03 5.136582858417264308e-02 7.265582766644468338e-02
9.125672774230373534e+02 3.793957962216172746e+04 -3.473310498520731926e-03 6.456730513176775314e-03 5.860421303625946987e-02 1.118390634767679748e-01
9.311992469033230009e+02 3.796050582055726409e+04 -1.043203053995966911e-03 1.288556576061500964e-03 1.724366257176060055e-02 2.134280085763271342e-02
9.498335254357366466e+02 3.798143461232775007e+04 -1.306260470300912857e-03 5.315591148038509121e-04 2.163923202733060783e-02 8.749267534552735218e-03
9.684701134496582426e+02 3.800236599795544316e+04 -1.488366397097706795e-03 7.919780416468080037e-04 2.469349599538455189e-02 1.306376761461465301e-02
9.871090113744040764e+02 3.802329997792251379e+04 -2.399418153800070286e-04 3.757777254044215799e-04 3.939878473878079095e-03 6.177223896903880074e-03
1.005750219639453121e+03 3.804423655271133612e+04 -8.500936673954129219e-04 8.291680472105672972e-04 1.402914625582441475e-02 1.368143620412135344e-02
1.024393738674391443e+03 3.806517572280437889e+04 -7.525135879404842854e-04 1.648621941802049613e-03 1.240874091072968928e-02 2.738902582380114969e-02
1.043039568908910951e+03 3.808611748868424911e+04 1.174579956568777561e-03 3.049905975787613145e-04 -1.906590966511021931e-02 5.010668627960102560e-03
1.061687710772753690e+03 3.810706185083361197e+04 -1.880612690001726151e-04 1.965192992633671594e-03 3.086676290891103742e-03 3.273526195640542868e-02
1.080338164695938758e+03 3.812800880973542371e+04 -1.819449942559003830e-03 2.647157505068660748e-03 3.027040974456857159e-02 4.435027976845595798e-02
1.098990931108421591e+03 3.814895836587259691e+04 -5.788600537925958633e-04 1.980851242869200281e-04 9.531545346063820603e-03 3.251467003186604698e-03
1.117646010440320197e+03 3.816991051972819696e+04 -2.175286499550566077e-04 3.535695806471528388e-04 3.571193162432163490e-03 5.811092358923538800e-03
1.136303403121860583e+03 3.819086527178543474e+04 2.670551475603133440e-04 6.060696962106121516e-04 -4.366907366541022094e-03 9.981824392915812985e-03
1.154963109583373807e+03 3.821182262252762303e+04 8.931186166591942310e-04 1.444329767062696402e-03 -1.453020563396269574e-02 2.395406205226624508e-02
1.173625130255242539e+03 3.823278257243814733e+04 3.445407841354608536e-03 4.458244429407291071e-03 -5.492632958065387511e-02 7.586750043679289790e-02
1.192289465568125934e+03 3.825374512200069148e+04 6.290703080594539642e-03 6.648643451778488839e-03 -9.811625369448317979e-02 1.153624626517445878e-01
1.210956115952619257e+03 3.827471027169886656e+04 3.544453298673033714e-03 2.494356966968188771e-03 -5.646154238095213440e-02 4.173607376854689827e-02
1.229625081839481709e+03 3.829567802201648010e+04 9.507620707154273987e-04 1.483547624854905683e-05 -1.546079728107765602e-02 2.431509238605206657e-04
1.248296363659579129e+03 3.831664837343744875e+04 5.444188718684017658e-04 1.177875783532362575e-03 -8.882283145256388013e-03 1.949156863151662450e-02
1.266969961843827832e+03 3.833762132644575468e+04 -9.824126027524471283e-04 4.475840435789624357e-04 1.623062435226654138e-02 7.361967205919142491e-03
1.285645876823421304e+03 3.835859688152567105e+04 -3.001115517690777779e-03 3.140522267375621835e-03 5.043239308732999637e-02 5.283803076642840796e-02
1.304324109029489819e+03 3.837957503916144196e+04 -3.909143619239330292e-03 4.124134674682044394e-03 6.620647998842417448e-02 6.997797768278270214e-02
1.323004658893326905e+03 3.840055579983743519e+04 -2.380462130531668663e-03 3.108263382602297498e-03 3.979192640785579604e-02 5.228084854411761684e-02
1.341687526846333640e+03 3.842153916403819312e+04 -5.228217924013733864e-04 6.269015672264447630e-04 8.604833883704232286e-03 1.032669791173592040e-02
1.360372713320017965e+03 3.844252513224836002e+04 -0.000000000000000000e+00 0.000000000000000000e+00 -0.000000000000000000e+00 -0.000000000000000000e+00
1.379060218745938073e+03 3.846351370495261654e+04 -0.000000000000000000e+00 0.000000000000000000e+00 -0.000000000000000000e+00 -0.000000000000000000e+00
1.397750043555930006e+03 3.848450488263598527e+04 -0.000000000000000000e+00 0.000000000000000000e+00 -0.000000000000000000e+00 -0.000000000000000000e+00
1.416442188181766141e+03 3.850549866578339424e+04 -0.000000000000000000e+00 0.000000000000000000e+00 -0.000000000000000000e+00 -0.000000000000000000e+00
1.435136653055383249e+03 3.852649505487998249e+04 -0.000000000000000000e+00 0.000000000000000000e+00 -0.000000000000000000e+00 -0.000000000000000000e+00
1.453833438608824963e+03 3.854749405041097634e+04 -0.000000000000000000e+00 0.000000000000000000e+00 -0.000000000000000000e+00 -0.000000000000000000e+00
1.472532545274242466e+03 3.856849565286174766e+04 -0.000000000000000000e+00 0.000000000000000000e+00 -0.000000000000000000e+00 -0.000000000000000000e+00
1.491233973483837190e+03 3.858949986271771195e+04 -0.000000000000000000e+00 0.000000000000000000e+00 -0.000000000000000000e+00 -0.000000000000000000e+00
1.509937723670088872e+03 3.861050668046461215e+04 -0.000000000000000000e+00 0.000000000000000000e+00 -0.000000000000000000e+00 -0.000000000000000000e+00
1.528643796265413812e+03 3.863151610658809659e+04 -0.000000000000000000e+00 0.000000000000000000e+00 -0.000000000000000000e+00 -0.000000000000000000e+00
1.547352191702392247e+03 3.865252814157401735e+04 -0.000000000000000000e+00 0.000000000000000000e+00 -0.000000000000000000e+00 -0.000000000000000000e+00
1.566062910413712416e+03 3.867354278590834292e+04 -0.000000000000000000e+00 0.000000000000000000e+00 -0.000000000000000000e+00 -0.000000000000000000e+00
1.584775952832112580e+03 3.869456004007709998e+04 -0.000000000000000000e+00 0.000000000000000000e+00 -0.000000000000000000e+00 -0.000000000000000000e+00
1.603491319390609760e+03 3.871557990456661355e+04 -0.000000000000000000e+00 0.000000000000000000e+00 -0.000000000000000000e+00 -0.000000000000000000e+00
1.622209010522157314e+03 3.873660237986315042e+04 -0.000000000000000000e+00 0.000000000000000000e+00 -0.000000000000000000e+00 -0.000000000000000000e+00
1.640929026659873443e+03 3.875762746645315929e+04 -0.000000000000000000e+00 0.000000000000000000e+00 -0.000000000000000000e+00 -0.000000000000000000e+00
1.659651368236983899e+03 3.877865516482321982e+04 -0.000000000000000000e+00 0.000000000000000000e+00 -0.000000000000000000e+00 -0.000000000000000000e+00
1.678376035686821751e+03 3.879968547546002083e+04 -0.000000000000000000e+00 0.000000000000000000e+00 -0.000000000000000000e+00 -0.000000000000000000e+00
1.697103029442770776e+03 3.882071839885030931e+04 -0.000000000000000000e+00 0.000000000000000000e+00 -0.000000000000000000e+00 -0.000000000000000000e+00
