-1.680340202198545057e+03 2.982683118367332645e+04 1.476222532801330090e-04 2.276900149540377744e-04 -2.558117371449232210e-04 3.946879569553457599e-04
-1.662311045963173683e+03 2.984676582338802109e+04 5.222843028604984283e-04 4.789892593488043657e-06 -9.047626807899303248e-04 8.301408102195687272e-06
-1.644279708869564047e+03 2.986670287445368376e+04 7.237864192575216293e-04 1.285106258589985794e-04 -1.253609776741721870e-03 2.227468614551692276e-04
-1.626246190521987501e+03 2.988664233730785782e+04 6.490948144346475601e-04 5.490475927209255397e-05 -1.124315405824567824e-03 9.516008957439270669e-05
-1.608210490524620127e+03 2.990658421238821029e+04 3.360865521244704723e-04 5.999039829450640533e-05 -5.823027895194127744e-04 1.039748996471194872e-04
-1.590172608481541829e+03 2.992652850013249918e+04 2.739939372986555099e-05 2.250581565230630509e-04 -4.748482358281929430e-05 3.901248869522095882e-04
-1.572132543996737695e+03 2.994647520097859160e+04 3.913539985660463572e-04 4.470294866626282654e-04 -6.780265846643562929e-04 7.750480826922311788e-04
-1.554090296674096180e+03 2.996642431536447475e+04 5.932998028583824635e-04 2.891896089150321919e-04 -1.027720938932389499e-03 5.013208030419099648e-04
-1.536045866117409787e+03 2.998637584372821584e+04 2.011014730669558048e-04 6.951340957371197860e-05 -3.484686937922195824e-04 1.204811043049595947e-04
-1.517999251930375749e+03 3.000632978650801670e+04 2.489621983841061592e-04 4.222163008665028787e-04 -4.313838875293961946e-04 7.320118776316676115e-04
-1.499950453716594893e+03 3.002628614414216281e+04 2.060518309008330107e-04 1.748889215193277476e-04 -3.570451441714656807e-04 3.031463281210812640e-04
-1.481899471079572095e+03 3.004624491706905974e+04 -1.730515359668061137e-04 6.799685045112585950e-04 2.999609906749010489e-04 1.179149871202522012e-03
-1.463846303622716505e+03 3.006620610572721125e+04 2.049081231234595180e-04 5.293198301998921140e-04 -3.550636872778857242e-04 9.177864274403645410e-04
-1.445790950949286071e+03 3.008616971055528848e+04 2.791660663206130266e-04 3.619916441298257756e-06 -4.837063337372868093e-04 6.273705019876278729e-06
-1.427733412662607861e+03 3.010613573199189341e+04 -5.208605434745550156e-04 1.539265665231812075e-04 9.031122645558057249e-04 2.668060688168873216e-04
-1.409673688365747694e+03 3.012610417047590454e+04 -9.167775278910994530e-04 5.938501993901424596e-04 1.590132790415565859e-03 1.029733111734962769e-03
-1.391611777661730457e+03 3.014607502644625492e+04 -9.683322859928011894e-04 7.138361739148819810e-04 1.679628653328606993e-03 1.237916984464389495e-03
-1.373547680153484862e+03 3.016604830034198676e+04 -1.119719585403800011e-03 1.474620000672712808e-04 1.942473917723279214e-03 2.555993872937654889e-04
-1.355481395443843212e+03 3.018602399260224411e+04 -1.038984511978924274e-03 5.825436589372263157e-06 1.802289547108504439e-03 1.009612824370802622e-05
-1.337412923135542087e+03 3.020600210366627653e+04 -7.574329501949250698e-04 3.829624564209926723e-04 1.313571109403585940e-03 6.639334510943037436e-04
-1.319342262831221433e+03 3.022598263397343180e+04 -6.478524301201105118e-04 4.059104634694163773e-04 1.123425312246913816e-03 7.037318999863158070e-04
-1.301269414133425471e+03 3.024596558396318142e+04 -2.478692331351339817e-04 4.186472360689876731e-04 4.296750234972153719e-04 7.258218129916402380e-04
-1.283194376644601334e+03 3.026595095407509143e+04 6.757118389941751957e-04 1.156662298653469067e-03 -1.170392533937586335e-03 2.006625963719748263e-03
-1.265117149967100886e+03 3.028593874474883705e+04 1.196286058984696865e-03 1.167242719919638202e-03 -2.071139772618547752e-03 2.024999916800077245e-03
-1.247037733703178901e+03 3.030592895642420262e+04 1.063192961737513542e-03 9.531330927434513703e-04 -1.840926571775915351e-03 1.653242963823090645e-03
-1.228956127454993521e+03 3.032592158954107799e+04 9.833471849560737610e-04 5.393474636777671055e-04 -1.702790650538297092e-03 9.351814503591799515e-04
-1.210872330824607843e+03 3.034591664453945486e+04 1.033221138641238213e-03 1.549867057137674494e-04 -1.789076531005290641e-03 2.686438904015552172e-04
-1.192786343413987197e+03 3.036591412185943773e+04 5.598988500423729420e-04 1.579753023415825740e-04 -9.698914616571963727e-04 2.738248390113560905e-04
-1.174698164825000958e+03 3.038591402194123657e+04 -5.159801803529262543e-04 9.757642101253983678e-04 8.946464899429658899e-04 1.692530673291508300e-03
-1.156607794659421870e+03 3.040591634522516324e+04 -1.347815967164933681e-03 1.996182074968940769e-03 2.338635366551769772e-03 3.465585863173705882e-03
-1.138515232518926950e+03 3.042592109215164237e+04 -1.544685685075819492e-03 1.482303884693341942e-03 2.680688076855454374e-03 2.572289704559626959e-03
-1.120420478005095674e+03 3.044592826316119681e+04 -1.254741684533655643e-03 5.794962711641805020e-04 2.176963506930251323e-03 1.004830966763328856e-03
-1.102323530719411110e+03 3.046593785869447311e+04 -6.009646458551287651e-04 3.414439554864625507e-04 1.042075954318775642e-03 5.919324459862504093e-04
-1.084224390263260375e+03 3.048594987919220512e+04 -6.898815627209842205e-05 6.371160810345906757e-04 1.195706773562535879e-04 1.104797379422988715e-03
-1.066123056237933497e+03 3.050596432509524675e+04 -1.366506476188078523e-04 5.425601570488891752e-04 2.368575938119294366e-04 9.407546014657275097e-04
-1.048019528244623416e+03 3.052598119684454650e+04 -6.885027978569269180e-04 7.021118171982820800e-04 1.193958234731312467e-03 1.217572512932659770e-03
-1.029913805884427575e+03 3.054600049488117293e+04 -1.104128081351518631e-03 1.744059581943086662e-03 1.915400073518922983e-03 3.027210973963332091e-03
-1.011805888758345873e+03 3.056602221964630007e+04 -6.307716830633580685e-04 1.552617145101076613e-03 1.093789795086720380e-03 2.694471101336813005e-03
-9.936957764672811209e+02 3.058604637158119658e+04 -1.806774234864860773e-04 6.440907604585136459e-05 3.131814859189972549e-04 1.116337456255862777e-04
-9.755834686119851540e+02 3.060607295112730935e+04 -7.236431119963526726e-04 5.211589719999011128e-04 1.254934608941063240e-03 9.036299391465669149e-04
-9.574689647932781327e+02 3.062610195872601253e+04 -7.612517219968140125e-04 1.028813542428741413e-03 1.320198152724986595e-03 1.784630574586843757e-03
-9.393522646117174872e+02 3.064613339481896037e+04 2.268353273393586278e-05 7.189344557303619342e-04 -3.931210895693276281e-05 1.246763812112469628e-03
-9.212333676678194934e+02 3.066616725984785444e+04 5.371145671233534813e-04 4.193610145089192383e-06 -9.304414714706082728e-04 7.267981602507119139e-06
-9.031122735620029971e+02 3.068620355425451635e+04 7.474845624528825283e-04 6.314061124119248669e-04 -1.294628785684248922e-03 1.094890529939621972e-03
-8.849889818945906654e+02 3.070624227848085866e+04 8.187876082956790924e-04 1.008039146499475599e-03 -1.418036759160884236e-03 1.748562761167673759e-03
-8.668634922658077357e+02 3.072628343296890671e+04 4.922269145026803017e-04 8.416801836985267999e-04 -8.527159089569161200e-04 1.459782787325504885e-03
-8.487358042757822432e+02 3.074632701816079862e+04 1.908856502268463373e-04 8.047138649581627974e-04 -3.307696401703864452e-04 1.395624843857161705e-03
-8.306059175245458164e+02 3.076637303449877436e+04 7.403196068480610847e-04 1.078359656017227608e-03 -1.282227173864565473e-03 1.870656136108286806e-03
-8.124738316120326544e+02 3.078642148242518306e+04 1.035191002301871777e-03 1.115620167805799314e-03 -1.792484397944508947e-03 1.935355419058473834e-03
-7.943395461380800953e+02 3.080647236238247569e+04 7.200916297733783722e-04 8.568197773720932211e-04 -1.247214330706723903e-03 1.486059926900323500e-03
-7.762030607024281608e+02 3.082652567481321603e+04 5.565539468079805374e-04 5.967205017613336736e-04 -9.641000053476789667e-04 1.034712776713912720e-03
-7.580643749047198980e+02 3.084658142016008060e+04 3.176383324898779392e-05 1.008675255903506015e-04 -5.504845577479007313e-05 1.748290175605971171e-04
-7.399234883445012656e+02 3.086663959886584053e+04 -3.914639528375118971e-04 5.467209736010423399e-04 6.786773079967505342e-04 9.479725351427983979e-04
-7.217804006212209060e+02 3.088670021137338335e+04 -1.899341586977243423e-04 2.501495700655720789e-04 3.292295084544222305e-04 4.336287868502314855e-04
-7.036351113342303734e+02 3.090676325812569848e+04 -1.171719304693397135e-05 3.033585553871562864e-04 2.030729986066572075e-05 5.258896515443281256e-04
-6.854876200827836783e+02 3.092682873956589538e+04 -1.888727565528824925e-04 1.789899976380336026e-04 3.273893859754231509e-04 3.102560926212315586e-04
-6.673379264660381978e+02 3.094689665613717443e+04 -1.994049234781414270e-04 6.220148903843309872e-04 3.456488518281277777e-04 1.078596884486392356e-03
-6.491860300830533106e+02 3.096696700828284884e+04 2.486479643266648054e-04 2.002117024898933753e-04 -4.308395225090509185e-04 3.470475667096698728e-04
-6.310319305327914208e+02 3.098703979644634819e+04 3.243659448344260454e-04 1.296656248320987451e-03 -5.620013974259644406e-04 2.249766693682229545e-03
-6.128756274141176164e+02 3.100711502107119668e+04 1.610722538316622376e-04 1.256523104090147584e-03 -2.791157295971827723e-04 2.180057622403600449e-03
-5.947171203257994421e+02 3.102719268260103854e+04 3.199382335878908634e-04 1.645951852945625685e-03 -5.543320030841886572e-04 2.856679290403728831e-03
-5.765564088665072404e+02 3.104727278147961260e+04 5.900402320548892021e-04 1.619725263293956977e-03 -1.022077556292469479e-03 2.811096936363096342e-03
-5.583934926348135832e+02 3.106735531815077775e+04 1.109209260903298855e-03 1.211134441395592164e-03 -1.920527674693854169e-03 2.101225858770504329e-03
-5.402283712291937263e+02 3.108744029305849836e+04 1.502591068856418133e-03 1.208153590096634972e-03 -2.600759059173370427e-03 2.096048885471164368e-03
-5.220610442479701305e+02 3.110752770664689888e+04 1.320839044637978077e-03 1.616579667339960568e-03 -2.286533013983113594e-03 2.805629965224751277e-03
-5.038915112895339803e+02 3.112761755936003465e+04 1.168539165519177914e-03 2.793377922447588032e-03 -2.023149911866138281e-03 4.852966185525584702e-03
-4.857197719520122519e+02 3.114770985164225567e+04 1.499820966273546219e-03 3.438708539615870172e-03 -2.595970646367793018e-03 5.977463006804409167e-03
-4.675458258334901416e+02 3.116780458393794834e+04 1.797066302970051765e-03 3.184345208605339050e-03 -3.109659651328822334e-03 5.534080671106425889e-03
-4.493696725319552456e+02 3.118790175669162272e+04 1.696313032880425453e-03 3.234697871982194269e-03 -2.935570931440010817e-03 5.621835113362658176e-03
-4.311913116452972190e+02 3.120800137034787622e+04 1.936409622430801392e-03 3.919602416322828103e-03 -3.350377092831673207e-03 6.816249716718732025e-03
-4.130107427713081734e+02 3.122810342535143718e+04 2.618458587676286697e-03 4.825230624040203857e-03 -4.527790546012630361e-03 8.397780929344003317e-03
-3.948279655076826202e+02 3.124820792214712492e+04 2.933028852567076683e-03 5.644991052426709920e-03 -5.070362869906934813e-03 9.831518090108499683e-03
-3.766429794520171868e+02 3.126831486117987151e+04 2.806780161336064339e-03 5.889401355383295546e-03 -4.852643876821764735e-03 1.025938271038426795e-02
-3.584557842018106726e+02 3.128842424289471819e+04 2.883181907236576080e-03 5.345366694837287366e-03 -4.984406241781342596e-03 9.307245409675432915e-03
-3.402663793544642772e+02 3.130853606773681895e+04 3.363495692610740662e-03 4.370983785365926098e-03 -5.812357438859182268e-03 7.604200635094426897e-03
-3.220747645072812588e+02 3.132865033615142238e+04 3.503187559545040131e-03 3.944156877930473856e-03 -6.053025673418630827e-03 6.859097086410533874e-03
-3.038809392574669914e+02 3.134876704858390804e+04 3.390408586710691452e-03 3.977882499297326867e-03 -5.858728842832947210e-03 6.917951060634545436e-03
-2.856849032021290213e+02 3.136888620547972823e+04 3.407190088182687759e-03 4.195486628996564042e-03 -5.887642585404984259e-03 7.297771404223018545e-03
-2.674866559382768401e+02 3.138900780728448444e+04 3.000299446284770966e-03 3.679524664786665809e-03 -5.186353318930038078e-03 6.397412361100651007e-03
-2.492861970628221968e+02 3.140913185444386181e+04 2.421346725896000862e-03 3.036315965679203203e-03 -4.187660961546296745e-03 5.276140422942861632e-03
-2.310835261725787291e+02 3.142925834740365462e+04 2.473540604114532471e-03 3.528506372163338605e-03 -4.277736220009185214e-03 6.134037141211569517e-03
-2.128786428642620479e+02 3.144938728660976994e+04 2.856317209079861641e-03 3.772792404662482849e-03 -4.938077392618189614e-03 6.560105533779105220e-03
-1.946715467344898229e+02 3.146951867250823125e+04 2.570169512182474136e-03 2.739658910456919776e-03 -4.444475243651703662e-03 4.759417108795112837e-03
-1.764622373797815840e+02 3.148965250554515296e+04 2.136139897629618645e-03 2.574817255421764112e-03 -3.695312783193997579e-03 4.472407909590692988e-03
-1.582507143965587488e+02 3.150978878616677684e+04 2.335383556783199310e-03 2.308690517429360604e-03 -4.039289578625256810e-03 4.009222941747202576e-03
-1.400369773811446805e+02 3.152992751481943560e+04 2.282960107550024986e-03 1.755166254076950512e-03 -3.948796536536688419e-03 3.046518517919101932e-03
-1.218210259297644598e+02 3.155006869194957835e+04 2.279866952449083328e-03 2.824004204086270203e-03 -3.943456894993382054e-03 4.906304299790478253e-03
-1.036028596385451550e+02 3.157021231800376700e+04 2.983833895996212959e-03 5.032595558437664117e-03 -5.157964050807541459e-03 8.760261994046133691e-03
-8.538247810351545297e+01 3.159035839342867257e+04 3.689252771437168121e-03 5.933693417589855357e-03 -6.373498330700949274e-03 1.033693998198739750e-02
-6.715988092055026470e+01 3.161050691867111891e+04 5.137354135513305664e-03 8.341905067872220150e-03 -8.864157048119941304e-03 1.456290062835163997e-02
-4.893506768559302600e+01 3.163065789417787892e+04 6.572527810931205750e-03 1.113231396197409372e-02 -1.132647537065900774e-02 1.948198588427849445e-02
-3.070803799432206560e+01 3.165081132039600197e+04 5.726206116378307343e-03 1.012817345588114086e-02 -9.875180229060562948e-03 1.770904381248273110e-02
-1.247879144237296067e+01 3.167096719777259204e+04 4.106190986931324005e-03 7.613302543150741140e-03 -7.091246425915833686e-03 1.328245432405483067e-02
5.752672374717084480e+00 3.169112552675485495e+04 3.524104831740260124e-03 6.441088314541999413e-03 -6.089058025689021714e-03 1.122583928491529062e-02
2.398635386150924731e+01 3.171128630779010928e+04 3.400500863790512085e-03 5.733203746250364538e-03 -5.876117464673430088e-03 9.985922099549507033e-03
4.222225342266313675e+01 3.173144954132578641e+04 2.992325928062200546e-03 4.452895276605850321e-03 -5.172605786319413486e-03 7.747255471607271231e-03
6.046037146293683406e+01 3.175161522780941959e+04 2.394154667854309082e-03 2.889035970052726814e-03 -4.140730180910329704e-03 5.019571746537062652e-03
7.870070838718687867e+01 3.177178336768866211e+04 1.677360385656356812e-03 1.897401732120576135e-03 -2.902819802464001991e-03 3.293809857578983927e-03
9.694326460036835158e+01 3.179195396141125821e+04 1.010858570225536823e-03 1.302033966067854152e-03 -1.750388441492030074e-03 2.259107863787253312e-03
1.151880405075348648e+02 3.181212700942507217e+04 9.556414443068206310e-04 1.437445097421490015e-03 -1.654854313193407931e-03 2.494347637088794103e-03
1.334350365138386394e+02 3.183230251217808473e+04 8.381778025068342686e-04 1.101033922863564173e-03 -1.451593765769917249e-03 1.910027313742796622e-03
1.516842530245304488e+02 3.185248047011836752e+04 2.874836791306734085e-04 1.637809441141661394e-04 -4.981145323668118973e-04 2.838894160353607355e-04
1.699356904449597891e+02 3.187266088369411591e+04 2.424833364784717560e-04 1.741051114986920075e-04 -4.201601371398343081e-04 3.017874942682424125e-04
1.881893491805746805e+02 3.189284375335363075e+04 4.599503299687057734e-04 2.887115991485250449e-04 -7.968234050449083099e-04 5.004919481638694023e-04
2.064452296369219937e+02 3.191302907954531838e+04 2.740559284575283527e-04 1.645094688835527729e-04 -4.748541859701039852e-04 2.851523832440287939e-04
2.247033322196472511e+02 3.193321686271769795e+04 2.161075972253456712e-04 3.090437993667269340e-05 -3.744664423380815845e-04 5.356188490901753337e-05
2.429636573344947976e+02 3.195340710331939408e+04 2.478935348335653543e-04 4.375019123275634828e-05 -4.295325814036607230e-04 7.582642974719796690e-05
2.612262053873075729e+02 3.197359980179914419e+04 -7.728888886049389839e-05 3.795615450862034352e-04 1.339585194603578873e-04 6.580354267834348297e-04
2.794909767840275663e+02 3.199379495860579118e+04 -1.281915028812363744e-04 6.644128205525839633e-04 2.221936656475329756e-04 1.152158836399767936e-03
2.977579719306955326e+02 3.201399257418829802e+04 2.111230860464274883e-04 7.579330710940081445e-05 -3.658309717836092973e-04 1.313661794748371752e-04
3.160271912334510489e+02 3.203419264899572227e+04 4.864074871875345707e-04 4.964627644017358425e-04 -8.426387921308569392e-04 8.607911099197839604e-04
3.342986350985327135e+02 3.205439518347723424e+04 5.402504466474056244e-04 1.610562280358251649e-04 -9.358712021865533189e-04 2.791658748408905408e-04
3.525723039322778618e+02 3.207460017808212797e+04 3.359101829119026661e-04 8.127878201368732725e-04 -5.819973015313153293e-04 1.409637474542983727e-03
3.708481981411230208e+02 3.209480763325978478e+04 2.192481188103556633e-04 3.478670984565585206e-04 -3.799072347903668023e-04 6.030710628944010044e-04
3.891263181316036253e+02 3.211501754945970970e+04 8.351248834514990449e-05 7.169339602623348191e-04 -1.447252085092470125e-04 1.243292429630166087e-03
4.074066643104099512e+02 3.213522992713157510e+04 -1.626016164664179087e-04 3.606345287505786164e-04 2.818449423992863277e-04 6.252119185455398426e-04
4.256892370841638353e+02 3.215544476672498786e+04 -3.855025279335677624e-04 4.864900170425643126e-04 6.683385881989214105e-04 8.434925844842784074e-04
4.439740368597537667e+02 3.217566206868982408e+04 -3.868212224915623665e-04 4.999568354301420258e-04 6.706255512768689864e-04 8.668519254936251760e-04
4.622610640441114356e+02 3.219588183347603263e+04 -8.076387894107028842e-05 8.165940128159410660e-05 1.399818575595758278e-04 1.415341078217932321e-04
4.805503190442676669e+02 3.221610406153366421e+04 -8.686482760822400451e-05 2.946469805731618099e-04 1.505569615676526096e-04 5.107837737047299549e-04
4.988418022673526480e+02 3.223632875331287869e+04 -5.297583993524312973e-04 1.332156003065680227e-04 9.185472108323055251e-04 2.309029130563815930e-04
5.171355141205954169e+02 3.225655590926393415e+04 -8.421749225817620754e-04 3.296153065144332003e-04 1.460641473347451232e-03 5.714202598186327552e-04
5.354314550113248288e+02 3.227678552983722693e+04 -6.355023360811173916e-04 3.377701669388739523e-04 1.101997506739714602e-03 5.855616450909288759e-04
5.537296253469683052e+02 3.229701761548322975e+04 -1.248360786121338606e-04 3.380415339204197287e-04 2.163770969381469816e-04 5.860322274029975851e-04
5.720300255350530279e+02 3.231725216665254266e+04 1.524084218544885516e-04 1.902798392482309543e-04 -2.641045006331596882e-04 3.298288056487141376e-04
5.903326559832055409e+02 3.233748918379588213e+04 -2.097061951644718647e-04 1.515726337923394300e-04 3.635083404664661805e-04 2.627253824146440079e-04
6.086375170991514096e+02 3.235772866736406286e+04 -6.793452193960547447e-04 7.584889656437384525e-04 1.178068380461106193e-03 1.315403699491192110e-03
6.269446092907159027e+02 3.237797061780801232e+04 -3.539742901921272278e-04 3.463079572850396117e-04 6.136618917968316312e-04 6.003672853918943413e-04
6.452539329658236511e+02 3.239821503557876713e+04 -2.223505725851282477e-05 2.814777640414786871e-05 3.853637034745290528e-05 4.878416463190759974e-05
6.635654885324984207e+02 3.241846192112747303e+04 -1.417368184775114059e-04 1.308937707772320604e-04 2.456745749683030369e-04 2.268780239145618645e-04
6.818792763988640218e+02 3.243871127490539220e+04 -1.707613409962505102e-04 1.880505437452783328e-05 2.959906657269296818e-04 3.259161320570502465e-05
7.001952969731431722e+02 3.245896309736388866e+04 -1.520986261311918497e-04 2.077232475497507345e-04 2.636372208694683821e-04 3.600704459189710597e-04
7.185135506636587479e+02 3.247921738895443923e+04 -1.531601592432707548e-04 1.186204665746686297e-04 2.654774530802300921e-04 2.056025326286427030e-04
7.368340378788327598e+02 3.249947415012863712e+04 5.642947508022189140e-05 4.071860479356995458e-04 -9.779326848133092101e-05 7.059441770464653949e-04
7.551567590271868085e+02 3.251973338133817742e+04 6.082936888560652733e-04 1.809072146397889961e-04 -1.053679847027600694e-03 3.135798623084022282e-04
7.734817145173425388e+02 3.253999508303486800e+04 8.714277064427733421e-04 4.556275352358138474e-04 -1.509134005613105333e-03 7.899610449425322747e-04
7.918089047580207307e+02 3.256025925567062222e+04 3.782975836656987667e-04 1.931368731591224272e-04 -6.554135641662724903e-04 3.347819832508316441e-04
8.101383301580422085e+02 3.258052589969748078e+04 2.703698410186916590e-04 5.140475087738634319e-04 -4.684688319610154751e-04 8.912939801196692689e-04
8.284699911263274998e+02 3.260079501556757532e+04 6.078907754272222519e-04 1.463781373011636706e-03 -1.052982291999849263e-03 2.540106135317443323e-03
8.468038880718966084e+02 3.262106660373315390e+04 1.840735785663127899e-05 1.638836678865650612e-03 -3.190132452098460702e-05 2.844312765638681677e-03
8.651400214039256298e+02 3.264134066464663556e+04 -4.348797083366662264e-04 6.384624306224726984e-04 7.539751701722207603e-04 1.107133322971651755e-03
8.834783915315226750e+02 3.266161719876037387e+04 -2.091767819365486503e-04 3.929710178356074642e-05 3.625904800402019617e-04 6.810821495058718843e-05
9.018189988640629053e+02 3.268189620652700614e+04 -1.343014882877469063e-04 4.136148866350949070e-04 2.327853043338129263e-04 7.170939423295553429e-04
9.201618438109660474e+02 3.270217768839922064e+04 -3.123063652310520411e-05 3.012277916861371059e-04 5.412735138052587083e-05 5.221948844665352980e-04
9.385069267817515311e+02 3.272246164482982931e+04 2.977329131681472063e-04 4.984050512423014679e-04 -5.158684995758861403e-04 8.641601961212753546e-04
9.568542481860390581e+02 3.274274807627173141e+04 4.474865563679486513e-04 8.656913072505796093e-04 -7.752393833248032639e-04 1.501458179428981007e-03
9.752038084335474650e+02 3.276303698317795352e+04 -7.928271952550858259e-05 8.648336684963733477e-04 1.374145007763481058e-04 1.499969571472583533e-03
9.935556079340962015e+02 3.278332836600163137e+04 -4.042005166411399841e-04 6.418779696256899682e-04 7.007663054307060281e-04 1.113059376153450845e-03
1.011909647097605102e+03 3.280362222519600618e+04 -3.282313700765371323e-04 6.113667244590702222e-04 5.690203883946669565e-04 1.060122779223898228e-03
1.030265926334092910e+03 3.282391856121442834e+04 -5.680110771209001541e-04 8.738790044174207881e-04 9.849061383626815745e-04 1.515669718688624108e-03
1.048624446053679549e+03 3.284421737451036461e+04 -3.630977880675345659e-04 6.370047985659301132e-04 6.294836778558590262e-04 1.104604302351167890e-03
1.066985206666584872e+03 3.286451866553739819e+04 1.767842040862888098e-04 8.566816990860467616e-05 -3.063381760718383363e-04 1.484827212954838366e-04
1.085348208583128098e+03 3.288482243474919960e+04 -2.500795235391706228e-04 1.463696713762504458e-04 4.335073364119066547e-04 2.537057878296895179e-04
1.103713452213729624e+03 3.290512868259958486e+04 -9.655944886617362499e-04 1.235515355857463252e-03 1.674875805562820157e-03 2.143570252907812338e-03
1.122080937968909438e+03 3.292543740954245004e+04 -3.376459644641727209e-04 1.981946894068979063e-03 5.853462634431090593e-04 3.440829497648437499e-03
1.140450666259288255e+03 3.294574861603180761e+04 7.619156385771930218e-04 6.967870438442214749e-04 -1.319606645877514526e-03 1.208332935859833751e-03
1.158822637495586378e+03 3.296606230252179375e+04 6.174862501211464405e-04 5.327376992741864395e-04 -1.069594591010836942e-03 9.237154006286017738e-04
1.177196852088625064e+03 3.298637846946665377e+04 3.489386581350117922e-04 6.819551921506811481e-04 -6.045635891842260573e-04 1.182597072332302332e-03
1.195573310449325845e+03 3.300669711732073483e+04 1.008047373034060001e-03 2.212103893350558987e-04 -1.745524858073188709e-03 3.834537331375164780e-04
1.213952012988709839e+03 3.302701824653850053e+04 1.340989023447036743e-03 2.353993140091923330e-05 -2.321374621654715732e-03 4.079794037184629891e-05
1.232332960117899574e+03 3.304734185757451633e+04 5.564109887927770615e-04 7.119151166107959196e-04 -9.638524832101294211e-04 1.234583477219640792e-03
1.250716152248117851e+03 3.306766795088347862e+04 3.007255145348608494e-05 9.588503967750634576e-04 -5.211744854062084001e-05 1.663168080567210263e-03
1.269101589790687058e+03 3.308799652692017116e+04 3.263368562329560518e-04 2.020916815038806182e-04 -5.654152634439132703e-04 3.503068988312430941e-04
1.287489273157030766e+03 3.310832758613950136e+04 -1.526757841929793358e-04 5.434394568342189443e-04 2.646377590514473687e-04 9.422799533740767010e-04
1.305879202758673273e+03 3.312866112899650034e+04 -1.050642691552639008e-03 1.743114436075098592e-03 1.822531017017002021e-03 3.025567974690870389e-03
1.324271379007239375e+03 3.314899715594628651e+04 -9.899961296468973160e-04 1.186561425518258906e-03 1.717238132553169016e-03 2.058549640091844775e-03
1.342665802314509619e+03 3.316933566744416021e+04 -4.819322493858635426e-04 1.219745607405952139e-04 8.355868727158622831e-04 2.114167329748615207e-04
1.361062473092197706e+03 3.318967666394534899e+04 -3.517109144013375044e-04 1.499699332365192722e-04 6.097368298905701551e-04 2.599470124766934623e-04
1.379461391752286545e+03 3.321002014590538602e+04 -2.683720667846500874e-04 1.382046276782137467e-04 4.652244337026702702e-04 2.395514417643134549e-04
1.397862558706802929e+03 3.323036611377982626e+04 -2.013078919844701886e-04 3.305275293410921199e-04 3.489480364366466894e-04 5.730021401654810829e-04
1.416265974367874378e+03 3.325071456802437751e+04 -7.800153107382357121e-04 1.865854468313963904e-04 1.352760860970058645e-03 3.234239541756651123e-04
1.434671639147729593e+03 3.327106550909482030e+04 -1.176489517092704773e-03 3.561262511364287763e-04 2.041058175556829165e-03 6.173937565175136076e-04
1.453079553458698001e+03 3.329141893744707340e+04 -6.089588277973234653e-04 7.888067286120354951e-06 1.055945230443111182e-03 1.367092063222859316e-05
1.471489717713209302e+03 3.331177485353715019e+04 4.185481229797005653e-04 7.727568538377076624e-04 -7.251237291704549625e-04 1.340164263528898381e-03
1.489902132323794604e+03 3.333213325782118045e+04 9.121980983763933182e-04 1.485117057173681579e-03 -1.579684221138365251e-03 2.577177789452301214e-03
1.508316797703085740e+03 3.335249415075541037e+04 3.859464486595243216e-04 1.001290138774309918e-03 -6.686610560822814787e-04 1.736845638977741694e-03
1.526733714263815045e+03 3.337285753279618802e+04 3.862452285829931498e-05 6.883685401923606440e-04 -6.693800718973974507e-05 1.193725274518728360e-03
1.545152882418816034e+03 3.339322340439998516e+04 4.727259511128067970e-04 1.325729321839504366e-03 -8.189469823010067867e-04 2.300268063798039612e-03
1.563574302581023630e+03 3.341359176602337538e+04 9.172557038255035877e-04 2.174931320170413358e-03 -1.588435694692705508e-03 3.776500380496718677e-03
1.581997975163472802e+03 3.343396261812304874e+04 1.006586127914488316e-03 1.838467675863789726e-03 -1.742996784332119346e-03 3.191339381901341348e-03
1.600423900579300152e+03 3.345433596115581167e+04 8.856455096974968910e-04 1.320420988431376128e-03 -1.533737451414987716e-03 2.291047035163630303e-03
1.618852079241743468e+03 3.347471179557855794e+04 8.563591400161385536e-04 8.703011371291701891e-04 -1.483057681068690676e-03 1.509459522607930777e-03
1.637282511564141259e+03 3.349509012184833409e+04 9.587062522768974304e-04 8.478554761451693057e-04 -1.660157142033927584e-03 1.470500892624033735e-03
1.655715197959932993e+03 3.351547094042225945e+04 7.405581418424844742e-04 2.496625636357396936e-04 -1.282640049575464215e-03 4.327843891900407859e-04
1.674150138842659544e+03 3.353585425175759156e+04 1.837938907556235790e-04 1.358626991283651232e-03 -3.184828851036803211e-04 2.357416022541579479e-03
