-2.258289237932434844e+03 2.129993343242919218e+04 -0.000000000000000000e+00 0.000000000000000000e+00 -0.000000000000000000e+00 -0.000000000000000000e+00
-2.240761383782170924e+03 2.131884911068289875e+04 -0.000000000000000000e+00 0.000000000000000000e+00 -0.000000000000000000e+00 -0.000000000000000000e+00
-2.223231464364766452e+03 2.133776701772789966e+04 -0.000000000000000000e+00 0.000000000000000000e+00 -0.000000000000000000e+00 -0.000000000000000000e+00
-2.205699479315127974e+03 2.135668715395819163e+04 -0.000000000000000000e+00 0.000000000000000000e+00 -0.000000000000000000e+00 -0.000000000000000000e+00
-2.188165428268236155e+03 2.137560951976770593e+04 -0.000000000000000000e+00 0.000000000000000000e+00 -0.000000000000000000e+00 -0.000000000000000000e+00
-2.170629310858825647e+03 2.139453411555062121e+04 -0.000000000000000000e+00 0.000000000000000000e+00 -0.000000000000000000e+00 -0.000000000000000000e+00
-2.153091126721597902e+03 2.141346094170115612e+04 -0.000000000000000000e+00 0.000000000000000000e+00 -0.000000000000000000e+00 -0.000000000000000000e+00
-2.135550875491167972e+03 2.143238999861363845e+04 -0.000000000000000000e+00 0.000000000000000000e+00 -0.000000000000000000e+00 -0.000000000000000000e+00
-2.118008556802066778e+03 2.145132128668246150e+04 -0.000000000000000000e+00 0.000000000000000000e+00 -0.000000000000000000e+00 -0.000000000000000000e+00
-2.100464170288682908e+03 2.147025480630219317e+04 -0.000000000000000000e+00 0.000000000000000000e+00 -0.000000000000000000e+00 -0.000000000000000000e+00
-2.082917715585481346e+03 2.148919055786731042e+04 -0.000000000000000000e+00 0.000000000000000000e+00 -0.000000000000000000e+00 -0.000000000000000000e+00
-2.065369192326678331e+03 2.150812854177255576e+04 -2.093767543556168675e-04 8.310336574529127867e-05 1.314501598153445649e-03 5.215297691650571266e-04
-2.047818600146459858e+03 2.152706875841271176e+04 7.262070430442690849e-04 1.113471928571702256e-05 -4.545903352534132538e-03 6.986210850288353366e-05
-2.030265938678923476e+03 2.154601120818264826e+04 2.597608370706439018e-03 4.568554826934109465e-04 -1.616611872224195043e-02 2.870445115676791611e-03
-2.012711207558081924e+03 2.156495589147732971e+04 1.184148713946342468e-03 6.826856262838670386e-04 -7.401933733736497205e-03 4.292395723464874878e-03
-1.995154406417806968e+03 2.158390280869188064e+04 -2.034050179645419121e-03 8.073409769480547130e-04 1.284384122641639078e-02 5.078161211705076519e-03
-1.977595534892045862e+03 2.160285196022132732e+04 -2.287376904860138893e-03 1.472398321050225013e-03 1.445506584992509863e-02 9.280819048744093011e-03
-1.960034592614497114e+03 2.162180334646098709e+04 -1.181455212645232677e-03 8.039499468406106734e-04 7.440105699841212568e-03 5.056777668635196836e-03
-1.942471579218828765e+03 2.164075696780618455e+04 -1.477487385272979736e-03 1.163027621341282966e-03 9.313046264315800321e-03 7.323633648969533894e-03
-1.924906494338619723e+03 2.165971282465236072e+04 -7.037356263026595116e-04 9.272390991632970978e-04 4.425041160084227342e-03 5.834522471002840868e-03
-1.907339337607365223e+03 2.167867091739504031e+04 2.402883488684892654e-03 8.241306061398765304e-04 -1.496327555057346687e-02 5.184041900892209266e-03
-1.889770108658418167e+03 2.169763124642989351e+04 2.973048249259591103e-03 2.637701731442340398e-03 -1.848118795204193449e-02 1.668750996474882911e-02
-1.872198807125207395e+03 2.171659381215252870e+04 5.164105677977204323e-04 9.775334244642977424e-04 -3.234742854835589553e-03 6.151967889796659469e-03
-1.854625432640912777e+03 2.173555861495879435e+04 -1.997952349483966827e-04 3.781411510174290547e-04 1.254309505861359421e-03 2.375291275964735733e-03
-1.837049984838683031e+03 2.175452565524460078e+04 -3.024184261448681355e-04 6.881146055944283154e-04 1.899187455161543969e-03 4.326604459246000990e-03
-1.819472463351579108e+03 2.177349493340593472e+04 -6.616216269321739674e-04 6.356234547624282178e-04 4.159679680837461389e-03 3.995899622093419985e-03
-1.801892867812575332e+03 2.179246644983888473e+04 5.494321812875568867e-04 1.726955997248366638e-03 -3.441231353029973634e-03 1.089411605588110933e-02
-1.784311197854506645e+03 2.181144020493968492e+04 2.740261261351406574e-04 1.192414305166982977e-03 -1.717774509350214820e-03 7.509379351080961232e-03
-1.766727453110282113e+03 2.183041619910449663e+04 -2.756078727543354034e-03 1.343930801506151504e-03 1.744299505170239170e-02 8.467624238468423811e-03
-1.749141633212561828e+03 2.184939443272973949e+04 -4.883721005171537399e-03 3.220167548745807816e-03 3.111989817766558364e-02 2.041033935803899385e-02
-1.731553737793974733e+03 2.186837490621187317e+04 -3.894759574905037880e-03 2.666062148406999656e-03 2.473938583594437884e-02 1.686845490451251151e-02
-1.713963766487062003e+03 2.188735761994745553e+04 -1.337008434347808361e-03 1.065744306010448297e-03 8.423824672408977352e-03 6.708976772913088742e-03
-1.696371718924277729e+03 2.190634257433312814e+04 1.404268317855894566e-03 3.560928534509913207e-04 -8.771849431680852488e-03 2.236640030406633617e-03
-1.678777594737936624e+03 2.192532976976569626e+04 2.530024386942386627e-03 2.535173253519243733e-03 -1.574880679964630811e-02 1.603363147030313629e-02
-1.661181393560427068e+03 2.194431920664187055e+04 1.527248765341937542e-03 1.143983087439393292e-03 -9.536402645059385494e-03 7.203276449907042821e-03
-1.643583115023889150e+03 2.196331088535864546e+04 1.049434533342719078e-03 9.978511264624647520e-04 -6.562612550087496173e-03 6.280236813567966273e-03
-1.625982758760430670e+03 2.198230480631303362e+04 9.327902225777506828e-04 7.439040151854349253e-04 -5.835304115174227285e-03 4.678208922634417323e-03
-1.608380324402071892e+03 2.200130096990215679e+04 1.286354614421725273e-03 7.826277253114554747e-06 -8.038246175578571406e-03 4.910357789163771481e-05
-1.590775811580746677e+03 2.202029937652322042e+04 2.537343651056289673e-03 6.336523009301860002e-04 -1.579400958841459951e-02 3.983483085705096134e-03
-1.573169219928247458e+03 2.203930002657359000e+04 1.590366242453455925e-03 1.646949468562311492e-04 -9.928568799553390972e-03 1.033836821023055097e-03
-1.555560549076441703e+03 2.205830292045054011e+04 -5.604071775451302528e-04 3.405217219840652398e-04 3.522212460964696795e-03 2.138732179622594536e-03
-1.537949798656948360e+03 2.207730805855162907e+04 -1.021679723635315895e-03 5.224209212354372208e-04 6.430691549962811934e-03 3.283072866633566719e-03
-1.520336968301353181e+03 2.209631544127442612e+04 -4.164245619904249907e-04 9.320187653337248411e-04 2.616083098397831500e-03 5.864686216082127916e-03
-1.502722057641155061e+03 2.211532506901662782e+04 2.055411168839782476e-04 3.736766053854379921e-04 -1.288742293299803988e-03 2.347214321912166873e-03
-1.485105066307765128e+03 2.213433694217599623e+04 2.403425605734810233e-04 1.741882820913028245e-04 -1.506782941763567868e-03 1.093461767225518575e-03
-1.467485993932454448e+03 2.215335106115045710e+04 -1.248825283255428076e-04 2.625733148757295973e-04 7.838250214799594509e-04 1.648753787175122809e-03
-1.449864840146568213e+03 2.217236742633785616e+04 -5.918054375797510147e-04 5.614956954037309813e-04 3.719921004358318559e-03 3.529065985474962551e-03
-1.432241604581202864e+03 2.219138603813630834e+04 -1.068857964128255844e-03 6.937147156807584774e-04 6.728643682134102973e-03 4.361892739474828619e-03
-1.414616286867421422e+03 2.221040689694395769e+04 -1.400507637299597263e-03 3.675856269922126232e-04 8.825672104788375577e-03 2.308910212479458463e-03
-1.396988886636200050e+03 2.222943000315904646e+04 5.354661261662840843e-04 2.384605959097715780e-04 -3.353904974012409789e-03 1.497231480865206504e-03
-1.379359403518427143e+03 2.224845535717991515e+04 2.224980853497982025e-03 1.451648606614589984e-03 -1.386307960100585657e-02 9.149429310492548928e-03
-1.361727837144850810e+03 2.226748295940505341e+04 7.318507414311170578e-04 3.702810877336974510e-05 -4.581150918115969514e-03 2.323428051657609609e-04
-1.344094187146292825e+03 2.228651281023286720e+04 8.346748072654008865e-04 4.560932905544343792e-04 -5.223118416493836499e-03 2.865649357362881969e-03
-1.326458453153326673e+03 2.230554491006203170e+04 2.212030813097953796e-05 7.120156117133590902e-04 -1.387740565720170462e-04 4.477221862311205926e-03
-1.308820634796491504e+03 2.232457925929126213e+04 -2.859705127775669098e-03 1.015641046537764597e-03 1.810481028279941826e-02 6.392560954508866300e-03
-1.291180731706239840e+03 2.234361585831937191e+04 -1.728771021589636803e-03 5.340623015320160143e-04 1.090562839181803169e-02 3.356354215731014844e-03
-1.273538743512936662e+03 2.236265470754526177e+04 -8.366866677533835173e-05 5.460946591254283838e-05 5.250783466349388546e-04 3.426806524708770696e-04
-1.255894669846805982e+03 2.238169580736797798e+04 9.817446116358041763e-04 1.637556693153999787e-05 -6.140612226146548690e-03 1.027462313628052520e-04
-1.238248510338145252e+03 2.240073915818650130e+04 2.746213926002383232e-03 5.490828026838673976e-04 -1.708310386404946965e-02 3.450914735004767357e-03
-1.220600264617003631e+03 2.241978476040007445e+04 1.971718622371554375e-03 1.292382380172133914e-03 -1.229474931350487549e-02 8.141510390108380735e-03
-1.202949932313396403e+03 2.243883261440797651e+04 3.798572870437055826e-04 6.234829214617913827e-04 -2.380404197603029019e-03 3.919427383808147224e-03
-1.185297513057250853e+03 2.245788272060958116e+04 -8.994904928840696812e-04 3.973678188085069240e-04 5.659423215766041550e-03 2.496214328588806843e-03
-1.167643006478354209e+03 2.247693507940441850e+04 -2.401861594989895821e-03 1.413337060172418233e-03 1.518407118430020394e-02 8.906881250357302771e-03
-1.149986412206566229e+03 2.249598969119192407e+04 -1.757208025082945824e-03 2.926741870612727117e-05 1.108601591754454843e-02 1.836418010516904873e-04
-1.132327729871498150e+03 2.251504655637182441e+04 5.065698060207068920e-04 1.164979875708122567e-03 -3.173199027972596706e-03 7.335972278990519554e-03
-1.114666959102728015e+03 2.253410567534386792e+04 -7.045355741865932941e-04 3.675456705881878896e-04 4.430082335452147080e-03 2.308658944970434692e-03
-1.097004099529745417e+03 2.255316704850790484e+04 -2.546012634411454201e-03 1.262141854745093975e-03 1.610273974451107218e-02 7.950247436178271149e-03
-1.079339150781952640e+03 2.257223067626386546e+04 -8.242292096838355064e-05 6.321706346219784899e-04 5.172584138420008564e-04 3.974149991927363769e-03
-1.061672112488610537e+03 2.259129655901185106e+04 1.558956573717296124e-03 8.962642561512763201e-04 -9.733431157727224364e-03 5.639067006184882679e-03
-1.044002984279053408e+03 2.261036469715187923e+04 5.995098035782575607e-04 3.307429746167890464e-04 -3.754291984106299801e-03 2.077250466342920980e-03
-1.026331765782367029e+03 2.262943509108422586e+04 -7.540911901742219925e-04 5.528537206757967769e-04 4.742425429357853724e-03 3.474655690953326777e-03
-1.008658456627602504e+03 2.264850774120921415e+04 -1.896880450658500195e-03 1.643147482956021713e-03 1.197248786635801178e-02 1.036267972959238268e-02
-9.909830564437235125e+02 2.266758264792725822e+04 -6.211242871358990669e-04 3.531080755507746559e-04 3.904571215178087064e-03 2.217871660630015701e-03
-9.733055648596059655e+02 2.268665981163886318e+04 2.269050339236855507e-03 2.570191805437064582e-03 -1.413572951380395043e-02 1.625691527893933716e-02
-9.556259815039838941e+02 2.270573923274469780e+04 2.700063865631818771e-03 2.609374280668474381e-03 -1.679842040210803231e-02 1.650680803374960856e-02
-9.379443060056652257e+02 2.272482091164533995e+04 1.240699784830212593e-03 6.639023192393915009e-04 -7.754058843341963408e-03 4.174048583069262658e-03
-9.202605379932083451e+02 2.274390484874164395e+04 2.734189387410879135e-03 1.594141082868119575e-03 -1.700893652908465337e-02 1.005205713047277634e-02
-9.025746770951376448e+02 2.276299104443449687e+04 5.971830338239669800e-03 2.658917632691239902e-03 -3.678264656512939684e-02 1.682286842863936482e-02
-8.848867229398896370e+02 2.278207949912488039e+04 4.014978185296058655e-03 1.138951859891574638e-03 -2.487808960863570687e-02 7.171482634757116517e-03
-8.671966751558127271e+02 2.280117021321387438e+04 -1.644619391299784184e-03 2.381570480576841731e-03 1.037201077910747393e-02 1.505482449177414014e-02
-8.495045333711130979e+02 2.282026318710271153e+04 -2.331751165911555290e-03 1.641737185861914501e-03 1.473756521614097773e-02 1.035373934152373707e-02
-8.318102972140716247e+02 2.283935842119254085e+04 -9.186014358419924974e-05 3.338429400121935113e-04 5.765003102546662232e-04 2.096740404562656094e-03
-8.141139663127185031e+02 2.285845591588478419e+04 -2.610964234918355942e-03 1.060872386285155802e-03 1.651694955001991455e-02 6.678204869589033678e-03
-7.964155402950501639e+02 2.287755567158090344e+04 -5.753479432314634323e-03 3.007241166182110514e-03 3.676518970546393400e-02 1.904781298512311580e-02
-7.787150187889748167e+02 2.289665768868244777e+04 -3.500096267089247704e-03 1.302319529223184072e-03 2.220444629996128766e-02 8.204368093940253223e-03
-7.610124014223129052e+02 2.291576196759106460e+04 -5.281231133267283440e-04 5.737187304802805375e-05 3.318966936525252764e-03 3.600181943154854495e-04
-7.433076878227418547e+02 2.293486850870856142e+04 2.007982693612575531e-04 7.000564787610157567e-04 -1.259023363337038364e-03 4.401855941927679608e-03
-7.256008776180141240e+02 2.295397731243665839e+04 -4.049740964546799660e-04 1.090962578978262477e-03 2.544056832497328721e-03 6.868274965985200417e-03
-7.078919704356310376e+02 2.297308837917734127e+04 -1.663415459915995598e-03 1.007367395637859503e-04 1.049117466327341430e-02 6.322260921531770717e-04
-6.901809659030600415e+02 2.299220170933265035e+04 -1.563076977618038654e-03 1.326501179458504159e-03 9.855210084225395420e-03 8.357346281554194761e-03
-6.724678636476804741e+02 2.301131730330469509e+04 2.364292158745229244e-04 3.724482695826614198e-04 -1.482267129580599292e-03 2.339489614095828160e-03
-6.547526632967829983e+02 2.303043516149571224e+04 8.399785729125142097e-04 6.663442337281235274e-05 -5.256220552022926318e-03 4.181544161763591167e-04
-6.370353644775163957e+02 2.304955528430806226e+04 -6.861886940896511078e-04 1.024720384236750938e-03 4.314468895419722866e-03 6.449892033948184146e-03
-6.193159668171028898e+02 2.306867767214404012e+04 -2.008926821872591972e-04 1.592752338931475076e-04 1.261203598785671674e-03 9.997987350782531341e-04
-6.015944699425144790e+02 2.308780232540621728e+04 1.780388178303837776e-03 1.594888949384919022e-03 -1.110829944499323700e-02 1.005679668929595517e-02
-5.838708734806888287e+02 2.310692924449718703e+04 1.865129452198743820e-03 1.114625054858047956e-03 -1.163395808956965878e-02 7.017768616080530091e-03
-5.661451770584748147e+02 2.312605842981964815e+04 1.578546827659010887e-03 7.775623233878402492e-04 -9.855143243926405353e-03 4.890395214902925822e-03
-5.484173803026332052e+02 2.314518988177639039e+04 2.386607462540268898e-03 1.092899644733637179e-03 -1.486267068092637922e-02 6.880512026863904416e-03
-5.306874828397824331e+02 2.316432360077036356e+04 1.932147075422108173e-03 4.297384606946000741e-04 -1.204947956203078138e-02 2.699837344107271393e-03
-5.129554842966141450e+02 2.318345958720443377e+04 1.367863966152071953e-03 1.440767519880554646e-04 -8.545416207734454761e-03 9.043520306588877320e-04
-4.952213842995698201e+02 2.320259784148172548e+04 2.262672409415245056e-03 2.244666205157470635e-03 -1.409627501958918804e-02 1.418323254929648031e-02
-4.774851824750559217e+02 2.322173836400543223e+04 1.080889487639069557e-03 1.516302728468709587e-03 -6.758652068943700117e-03 9.558884065550882561e-03
-4.597468784493908061e+02 2.324088115517880942e+04 -1.775146927684545517e-03 5.912401745881487721e-04 1.119982644257690521e-02 3.716361311175812171e-03
-4.420064718488040967e+02 2.326002621540522159e+04 -3.650945145636796951e-03 2.129798533799687633e-03 2.317259666730944398e-02 1.345252081619925308e-02
-4.242639622993823991e+02 2.327917354508819335e+04 -3.857496427372097969e-03 2.250217987843684559e-03 2.449976811821142839e-02 1.421856282899709722e-02
-4.065193494272866133e+02 2.329832314463116199e+04 -1.995627069845795631e-03 1.787951389717969347e-03 1.259968671769290047e-02 1.128107024611940158e-02
-3.887726328584261068e+02 2.331747501443784131e+04 4.745787009596824646e-05 1.113749811122370908e-03 -2.977082302959666396e-04 7.012238645326756073e-03
-3.710238122186759142e+02 2.333662915491197418e+04 6.834217929281294346e-04 1.674529743210808285e-04 -4.278648811818620487e-03 1.051158842936735557e-03
-3.532728871338222234e+02 2.335578556645740537e+04 1.195535296574234962e-03 1.622953533621723744e-03 -7.472844247329148669e-03 1.023467053479697880e-02
-3.355198572295626605e+02 2.337494424947807056e+04 1.834590337239205837e-03 2.816898522888460800e-03 -1.144455273295957691e-02 1.783137064427165949e-02
-3.177647221314516628e+02 2.339410520437806554e+04 3.513973206281661987e-04 7.092316082709469033e-04 -2.202253914385084946e-03 4.459676690039641837e-03
-3.000074814651176780e+02 2.341326843156140603e+04 -2.471915446221828461e-03 1.108988871819488117e-03 1.563041604545205993e-02 6.982158582748033450e-03
-2.822481348559376215e+02 2.343243393143238063e+04 -3.136876970529556274e-03 2.143877858834274727e-03 1.987713777222457900e-02 1.354205541228866577e-02
-2.644866819292536775e+02 2.345160170439530339e+04 -7.873415597714483738e-04 2.152382445667592613e-04 4.952053217324637983e-03 1.351325869925247948e-03
-2.467231223103193258e+02 2.347077175085459749e+04 1.176739344373345375e-03 5.786154179981327318e-04 -7.355788812951809426e-03 3.636861336299747512e-03
-2.289574556242990298e+02 2.348994407121477343e+04 2.316195750609040260e-04 4.814770848676468303e-04 -1.452135494938071444e-03 3.025378075325255156e-03
-2.111896814962140922e+02 2.350911866588050907e+04 -1.120337052270770073e-03 9.991639920659803244e-04 7.053858946910226101e-03 6.288525711431600801e-03
-1.934197995511596559e+02 2.352829553525638039e+04 -4.642378771677613258e-04 3.124358219118519592e-04 2.916896771449087322e-03 1.962158450615976695e-03
-1.756478094139790755e+02 2.354747467974725805e+04 4.008047399111092091e-04 2.676297848602161205e-04 -2.511508276101400393e-03 1.680531133313575105e-03
-1.578737107094809744e+02 2.356665609975803818e+04 -2.254487480968236923e-04 1.989317167782425101e-04 1.415475655499790321e-03 1.248884973702683822e-03
-1.400975030623849023e+02 2.358583979569371513e+04 -1.227829779963940382e-04 2.205899431865989302e-04 7.706421176468645660e-04 1.384948607321974823e-03
-1.223191860973214773e+02 2.360502576795937784e+04 6.898457650095224380e-04 1.637647307029217530e-04 -4.318780181535195224e-03 1.027994588422634793e-03
-1.045387594387777739e+02 2.362421401696027169e+04 6.424894672818481922e-04 2.091023044316399630e-05 -4.022901541719233441e-03 1.312002173428742659e-04
-8.675622271131467755e+01 2.364340454310156565e+04 9.548466186970472336e-04 5.390332924275469811e-04 -5.972872198211307340e-03 3.387647752904196161e-03
-6.897157553924110118e+01 2.366259734678869063e+04 2.205665688961744308e-03 8.566594339624217279e-04 -1.374355674753936427e-02 5.389210839455350031e-03
-5.118481754683106999e+01 2.368179242842712847e+04 1.542688161134719849e-02 9.117463875329525139e-03 -9.238669605357312242e-02 5.890463799840675585e-02
-3.339594835826939345e+01 2.370098978842244833e+04 3.759429603815078735e-02 2.131554268245911682e-02 -2.117736356295339684e-01 1.435639000132592213e-01
-1.560496759759737451e+01 2.372018942718037943e+04 3.428233787417411804e-02 1.954884205875727365e-02 -1.948171117302757160e-01 1.308495138192943830e-01
2.188125111070038376e+00 2.373939134510656368e+04 9.869998320937156677e-03 5.941403709082690617e-03 -6.008307187347679268e-02 3.798913724120328572e-02
1.998333014387005946e+01 2.375859554260692676e+04 -1.315787318162620068e-03 7.559826721541372399e-04 8.289565262114143365e-03 4.754349146157079223e-03
3.778064787697491056e+01 2.377780202008741617e+04 1.996377250179648399e-05 5.568420688187849729e-04 -1.252456529328142181e-04 3.499766157583246440e-03
5.558007868664611806e+01 2.379701077795409583e+04 1.240129582583904266e-03 7.522884739098923855e-05 -7.750508998299017807e-03 4.721001790054827826e-04
7.338162294923461104e+01 2.381622181661310606e+04 3.973229904659092426e-04 1.186202076778822962e-04 -2.489718199422549360e-03 7.445049390596933945e-04
9.118528104123498679e+01 2.383543513647075451e+04 -1.930975937284529209e-03 1.263986062853102209e-03 1.218900423757603331e-02 7.961910494685253692e-03
1.089910533390682446e+02 2.385465073793326883e+04 -2.740574069321155548e-03 2.153575614656891811e-03 1.734401142875567972e-02 1.360373097541283868e-02
1.267989402194078394e+02 2.387386862140714584e+04 -2.222081646323204041e-03 7.915848637272906605e-04 1.403952242980380412e-02 4.978808395494275715e-03
1.446089420589623558e+02 2.389308878729892240e+04 -1.716621685773134232e-03 4.324266723260674825e-05 1.082857011313511156e-02 2.713430108672446658e-04
1.624210592345298494e+02 2.391231123601522995e+04 -4.314904217608273029e-04 1.530872231418761449e-04 2.710858994077143969e-03 9.609368311435338966e-04
1.802352921229978620e+02 2.393153596796279453e+04 -2.425523125566542149e-04 3.529272361455181831e-04 1.522941868190015851e-03 2.216734548536164993e-03
1.980516411013978768e+02 2.395076298354850587e+04 -3.433950187172740698e-04 2.096195370612772050e-04 2.156798116465308019e-03 1.316026831195265048e-03
2.158701065466878504e+02 2.396999228317915913e+04 3.375870801392011344e-05 2.066529035108363645e-04 -2.117810390955726424e-04 1.297389717863447426e-03
2.336906888360784080e+02 2.398922386726184050e+04 -4.660963895730674267e-05 5.756965724795032541e-04 2.924734803507852607e-04 3.618481830310608244e-03
2.515133883468154465e+02 2.400845773620366890e+04 -5.974840605631470680e-04 3.501707620613865048e-04 3.755682328280497174e-03 2.199402092329267970e-03
2.693382054562344479e+02 2.402769389041184331e+04 -4.605552530847489834e-04 2.598161719748998772e-04 2.893724618023387537e-03 1.631426969555902200e-03
2.871651405417606497e+02 2.404693233029368275e+04 1.272948691621422768e-03 7.980493438842718636e-04 -7.954806787069683763e-03 5.019570065896749103e-03
3.049941939809633027e+02 2.406617305625665176e+04 2.534383675083518028e-03 6.902046793505281237e-04 -1.577572942179083018e-02 4.339774609763166410e-03
3.228253661513383008e+02 2.408541606870813121e+04 1.640529022552073002e-03 1.162056499495732362e-04 -1.024013422927831478e-02 7.293447407766193418e-04
3.406586574306343778e+02 2.410466136805577844e+04 -3.334599023219197989e-05 5.049031016825777365e-04 2.092359469476136097e-04 3.172810027358456946e-03
3.584940681966356237e+02 2.412390895470729811e+04 7.648855680599808693e-04 5.824161091204908434e-04 -4.787444118083451945e-03 3.660794190120402695e-03
3.763315988272161121e+02 2.414315882907047489e+04 6.122593767940998077e-04 2.024247522195033594e-04 -3.833980386618062505e-03 1.270828043616989683e-03
3.941712497003395015e+02 2.416241099155320262e+04 -1.996140694245696068e-03 1.749439457163172755e-03 1.260295008212593618e-02 1.103673348830308716e-02
4.120130211941139464e+02 2.418166544256353154e+04 -1.319126691669225693e-03 1.496067873442170492e-04 8.310691245951818198e-03 9.390796849934174555e-04
4.298569136865741029e+02 2.420092218250941733e+04 1.018464798107743263e-03 5.605762666165189229e-04 -6.369559551196135073e-03 3.523277076241190017e-03
4.477029275560078645e+02 2.422018121179911032e+04 1.600209041498601437e-03 8.333996288843192619e-04 -9.989710943742017429e-03 5.242500080679200064e-03
4.655510631807384812e+02 2.423944253084088268e+04 1.183525659143924713e-03 3.383245944068150100e-05 -7.398053483648378212e-03 2.122887173001622039e-04
4.834013209391794703e+02 2.425870614004311210e+04 6.454326212406158447e-04 3.740746160449670023e-04 -4.041292701158414463e-03 2.349717327823338218e-03
5.012537012098340483e+02 2.427797203981427447e+04 -2.463882556185126305e-04 5.766466373864318233e-04 1.547045697180848356e-03 3.624464200839683844e-03
5.191082043713500980e+02 2.429724023056299120e+04 -2.141268225386738777e-03 2.730156362811200646e-04 1.352545937537208247e-02 1.714379585164811388e-03
5.369648308023021173e+02 2.431651071269781824e+04 -2.661979291588068008e-03 1.795517216804028886e-03 1.684240347160152751e-02 1.132907822124754049e-02
5.548235808815178416e+02 2.433578348662757708e+04 -4.830814432352781296e-04 1.186465202212670265e-03 3.035474432990048141e-03 7.471773809563105051e-03
5.726844549878610451e+02 2.435505855276112561e+04 1.395097817294299603e-03 2.123592260037613437e-05 -8.714814213532302498e-03 1.332438929909654458e-04
5.905474535002854282e+02 2.437433591150742359e+04 1.820483710616827011e-03 1.371500116190693458e-03 -1.135705050478773813e-02 8.642081295271046570e-03
6.084125767978346175e+02 2.439361556327552898e+04 1.487983157858252525e-03 9.801091022926373096e-04 -9.292357061588303255e-03 6.168227647963839787e-03
6.262798252596974180e+02 2.441289750847465257e+04 -1.622957061044871807e-04 5.117680951680224528e-04 1.018768433073533822e-03 3.216019074778328577e-03
6.441491992649888516e+02 2.443218174751392871e+04 -1.650032005272805691e-03 2.245313447123313338e-04 1.040632437706792181e-02 1.409711694075037585e-03
6.620206991930780305e+02 2.445146828080276100e+04 -7.327078492380678654e-04 4.890258247658079782e-04 4.607636834379205508e-03 3.072883797891756783e-03
6.798943254233696507e+02 2.447075710875059667e+04 5.612835520878434181e-04 3.276614124679467122e-04 -3.515329139478157519e-03 2.057876608514483310e-03
6.977700783353585621e+02 2.449004823176697755e+04 -9.716885397210717201e-04 6.756483801365793795e-04 6.115071238544019308e-03 4.248054821492231251e-03
7.156479583086302227e+02 2.450934165026154369e+04 -2.547623589634895325e-03 2.191113577501488212e-03 1.611301106491341839e-02 1.384249990825775142e-02
7.335279657229148143e+02 2.452863736464409158e+04 -1.640356029383838177e-03 4.635144806358600989e-04 1.034498376392664273e-02 2.912344905412573778e-03
7.514101009578694175e+02 2.454793537532434493e+04 -4.337884020060300827e-04 3.363316069455915937e-04 2.725315854474720870e-03 2.112387294363097991e-03
7.692943643934048623e+02 2.456723568271228578e+04 -8.453158079646527767e-04 6.920492326542515506e-05 5.317658454789472855e-03 4.342887092591753845e-04
7.871807564094677900e+02 2.458653828721795071e+04 -2.426813123747706413e-03 7.530801802825114058e-04 1.534302585000973593e-02 4.736052180511899842e-03
8.050692773860959051e+02 2.460584318925146363e+04 -1.593223540112376213e-03 1.161981246829837033e-03 1.004624228943263621e-02 7.317020419752212623e-03
8.229599277034167244e+02 2.462515038922305030e+04 -1.497984630987048149e-04 4.670932972123273083e-04 9.402833968156186495e-04 2.934864283450965092e-03
8.408527077417030569e+02 2.464445988754310019e+04 -9.891460649669170380e-04 7.163255528144424128e-04 6.225278344362636385e-03 4.504384310579025337e-03
8.587476178811547243e+02 2.466377168462190457e+04 -1.717577688395977020e-04 2.999367597116025424e-04 1.078196064224662713e-03 1.883587905114719437e-03
8.766446585022256386e+02 2.468308578087005299e+04 2.345818793401122093e-04 6.462796033386010138e-04 -1.470693967432935975e-03 4.063026660467770716e-03
8.945438299854056368e+02 2.470240217669815320e+04 -7.953515159897506237e-04 5.115895426843785655e-05 5.002558755679614201e-03 3.210248208956261004e-04
9.124451327112752779e+02 2.472172087251692938e+04 -2.748355036601424217e-04 4.058937214772332606e-04 1.725817161763517227e-03 2.549841310203715752e-03
9.303485670605057294e+02 2.474104186873718209e+04 -1.509290887042880058e-04 2.364000363873141957e-04 9.473836848106745225e-04 1.484284162169546015e-03
9.482541334139134506e+02 2.476036516576988288e+04 -2.660954487510025501e-04 5.441759318924193917e-04 1.670888503296519842e-03 3.420022888137598180e-03
9.661618321522418000e+02 2.477969076402592691e+04 9.314831695519387722e-04 6.204169794190580534e-04 -5.827151292755646146e-03 3.900116187478365210e-03
9.840716636564886812e+02 2.479901866391647127e+04 2.466908888891339302e-03 8.832168937070292072e-04 -1.535892918720795260e-02 5.556747811518492931e-03
1.001983628307688036e+03 2.481834886585272761e+04 1.772336894646286964e-03 6.165675294019397606e-04 -1.105834214612133777e-02 3.875870502116807777e-03
1.019897726486964530e+03 2.483768137024599491e+04 -4.490611609071493149e-04 9.040019907034635817e-04 2.821403863923085519e-03 5.687889582194788698e-03
1.037813958575533661e+03 2.485701617750766673e+04 -1.182040083222091198e-03 3.213583976067111683e-04 7.443802611045734208e-03 2.018250566392820310e-03
1.055732324954757132e+03 2.487635328804931123e+04 7.543605752289295197e-04 2.019281881833087070e-04 -4.721723117747547542e-03 1.267708624389880063e-03
1.073652826005921952e+03 2.489569270228239475e+04 1.935661653988063335e-03 7.703658557169552629e-04 -1.207126582536871204e-02 4.845023975386513262e-03
1.091575462110571607e+03 2.491503442061867099e+04 5.499758990481495857e-04 1.374756606268170793e-04 -3.444630935017649418e-03 8.628999109742931583e-04
1.109500233650284827e+03 2.493437844346994098e+04 4.845085786655545235e-04 4.572678189751172365e-06 -3.035215013513441196e-03 2.868957495384114503e-05
1.127427141006731290e+03 2.495372477124808574e+04 5.103373550809919834e-04 3.383855214505330014e-04 -3.196761613444714951e-03 2.125300968113998362e-03
1.145356184561727332e+03 2.497307340436515733e+04 -1.092548947781324387e-03 6.776882279161297834e-05 6.878296551499986193e-03 4.252746849840060477e-04
1.163287364697014937e+03 2.499242434323312409e+04 -2.816098742187023163e-03 1.028936259505465120e-03 1.782626252389553703e-02 6.476514110795387677e-03
1.181220681794591883e+03 2.501177758826422360e+04 -2.682962454855442047e-03 1.556561696537709380e-03 1.697629769577774922e-02 9.813928961349156072e-03
1.199156136236492102e+03 2.503113313987074071e+04 1.770997536368668079e-03 2.178663058448677059e-04 -1.105003133830066535e-02 1.367836862879149087e-03
1.217093728404840476e+03 2.505049099846505851e+04 5.026748869568109512e-03 3.603812543394513922e-03 -3.105091254529754319e-02 2.286999822707985047e-02
1.235033458681853517e+03 2.506985116445966196e+04 1.303413184359669685e-03 3.394123061051461496e-04 -8.144409826930805105e-03 2.131756782329463206e-03
1.252975327449893030e+03 2.508921363826717788e+04 -2.855822211131453514e-03 2.200463548641125745e-03 1.808000393970626840e-02 1.390198144138404465e-02
1.270919335091247831e+03 2.510857842030016764e+04 -2.462050179019570351e-03 5.289865437369473469e-04 1.556754789983802283e-02 3.324402157128562504e-03
1.288865481988462534e+03 2.512794551097146541e+04 2.485812874510884285e-04 6.359754680929180460e-04 -1.558393880338826074e-03 3.998117012860527564e-03
1.306813768524117449e+03 2.514731491069394542e+04 2.567749936133623123e-03 7.774891418962356698e-04 -1.598177283450948061e-02 4.889933820550309944e-03
1.324764195080885202e+03 2.516668661988057647e+04 1.674117986112833023e-03 1.904109920452429249e-04 -1.044870398106565422e-02 1.195360236649438889e-03
1.342716762041528682e+03 2.518606063894442559e+04 8.409676374867558479e-04 7.446678470040583257e-04 -5.262393431602155683e-03 4.683023717153575807e-03
1.360671469788957438e+03 2.520543696829873079e+04 1.841410761699080467e-03 1.074307576115336033e-03 -1.148685651120717743e-02 6.763066190576550937e-03
1.378628318706007803e+03 2.522481560835662822e+04 1.395850209519267082e-03 7.827481986160310596e-04 -8.719493781215847256e-03 4.923091640744801933e-03
1.396587309175771225e+03 2.524419655953155234e+04 -2.631866955198347569e-04 2.097353933731631011e-04 1.652608519226702721e-03 1.316754675765523675e-03
1.414548441581377119e+03 2.526357982223695944e+04 -1.807475113309919834e-03 9.076791880587389318e-04 1.140496020395139615e-02 5.711092331224630267e-03
1.432511716306044946e+03 2.528296539688641860e+04 -2.681050449609756470e-03 1.043435860323206231e-03 1.696409638783000565e-02 6.568080458017383147e-03
1.450477133733086475e+03 2.530235328389358256e+04 -2.043928485363721848e-03 4.469116023259160630e-04 1.290662123208552274e-02 2.807879435659853783e-03
1.468444694245958999e+03 2.532174348367228231e+04 -1.134191756136715412e-03 5.461211097470991017e-04 7.141403061632245475e-03 3.432268895574806626e-03
1.486414398228047503e+03 2.534113599663625064e+04 1.197765814140439034e-03 2.060317885456813543e-04 -7.486734318231553185e-03 1.293487766595065053e-03
1.504386246062992541e+03 2.536053082319950408e+04 4.573275800794363022e-03 2.076532073391536629e-03 -2.828897970481050392e-02 1.311385614214062231e-02
1.522360238134471501e+03 2.537992796377610284e+04 2.822206122800707817e-03 1.409566659974061413e-03 -1.755169642533655969e-02 8.883014256446128062e-03
1.540336374826253405e+03 2.539932741878019442e+04 -0.000000000000000000e+00 0.000000000000000000e+00 -0.000000000000000000e+00 -0.000000000000000000e+00
1.558314656522198675e+03 2.541872918862604274e+04 -0.000000000000000000e+00 0.000000000000000000e+00 -0.000000000000000000e+00 -0.000000000000000000e+00
1.576295083606314165e+03 2.543813327372805361e+04 -0.000000000000000000e+00 0.000000000000000000e+00 -0.000000000000000000e+00 -0.000000000000000000e+00
1.594277656462534196e+03 2.545753967450056007e+04 -0.000000000000000000e+00 0.000000000000000000e+00 -0.000000000000000000e+00 -0.000000000000000000e+00
1.612262375475049112e+03 2.547694839135817529e+04 -0.000000000000000000e+00 0.000000000000000000e+00 -0.000000000000000000e+00 -0.000000000000000000e+00
1.630249241028085635e+03 2.549635942471554517e+04 -0.000000000000000000e+00 0.000000000000000000e+00 -0.000000000000000000e+00 -0.000000000000000000e+00
