     1        1.3      0.72      1.10E-05  5.48E-04  1.98E-03 -2.29E-03   65536
     2        1.3      0.58      8.81E-06  4.46E-04  1.67E-03 -1.66E-03   65536
     3        1.3      0.18      2.75E-06  4.48E-04  1.67E-03 -1.84E-03   65536
     4        1.3     -6.02E-02 -9.19E-07  4.36E-04  1.61E-03 -1.90E-03   65536
     5        1.3     -0.11     -1.63E-06  4.33E-04  1.63E-03 -1.82E-03   65536
     6        1.3      0.56      8.57E-06  4.57E-04  1.76E-03 -2.00E-03   65536
     7        1.3       1.2      1.78E-05  4.44E-04  1.69E-03 -1.71E-03   65536
     8        1.3      0.54      8.20E-06  4.36E-04  1.54E-03 -1.57E-03   65536
     9        1.3     -0.11     -1.75E-06  4.37E-04  1.58E-03 -1.57E-03   65536
    10        1.3      6.76E-03  1.03E-07  4.42E-04  1.63E-03 -1.59E-03   65536
    11        1.3      0.34      5.14E-06  4.40E-04  1.59E-03 -1.60E-03   65536
    12        1.3      0.31      4.79E-06  4.57E-04  1.59E-03 -1.84E-03   65536
    13        1.3     -0.54     -8.19E-06  4.33E-04  1.56E-03 -1.71E-03   65536
    14        1.3     -0.77     -1.18E-05  4.28E-04  1.60E-03 -1.62E-03   65536
    15        1.3      7.39E-02  1.13E-06  4.38E-04  1.75E-03 -1.79E-03   65536
    16        1.3      0.11      1.73E-06  4.37E-04  1.49E-03 -1.54E-03   65536
    17        1.3     -0.14     -2.11E-06  4.39E-04  1.57E-03 -1.71E-03   65536
    18        1.3      0.24      3.62E-06  4.33E-04  1.80E-03 -1.62E-03   65536
    19        1.3      0.18      2.82E-06  4.27E-04  1.76E-03 -1.74E-03   65536
    20        1.3     -0.20     -3.03E-06  4.37E-04  1.70E-03 -1.80E-03   65536
    21        1.3      0.16      2.49E-06  4.40E-04  1.74E-03 -1.60E-03   65536
    22        1.3       1.0      1.57E-05  4.32E-04  1.65E-03 -1.98E-03   65536
    23        1.3       1.5      2.36E-05  4.19E-04  1.53E-03 -1.53E-03   65536
    24        1.3       1.6      2.46E-05  4.27E-04  1.68E-03 -1.72E-03   65536
    25        1.3       1.1      1.63E-05  4.31E-04  1.74E-03 -1.71E-03   65536
    26        1.3      0.73      1.11E-05  4.25E-04  1.71E-03 -1.72E-03   65536
    27        1.3       1.6      2.48E-05  4.27E-04  1.67E-03 -1.72E-03   65536
    28        1.3       2.1      3.25E-05  4.55E-04  1.71E-03 -1.70E-03   65536
    29        1.3       1.1      1.68E-05  5.30E-04  1.92E-03 -1.89E-03   65536
    30        1.3      0.28      4.33E-06  4.82E-04  2.07E-03 -1.68E-03   65536
    31        1.3      0.85      1.30E-05  4.29E-04  1.77E-03 -1.63E-03   65536
    32        1.3       1.6      2.47E-05  4.23E-04  1.83E-03 -1.70E-03   65536
    33        1.3       1.9      2.84E-05  4.22E-04  1.79E-03 -1.76E-03   65536
    34        1.3       1.6      2.49E-05  4.31E-04  1.70E-03 -1.45E-03   65536
    35        1.3       1.2      1.79E-05  4.17E-04  1.72E-03 -1.50E-03   65536
    36        1.3      0.90      1.37E-05  4.08E-04  1.59E-03 -1.67E-03   65536
    37        1.3      0.59      9.03E-06  4.22E-04  2.06E-03 -1.65E-03   65536
    38        1.3      7.87E-02  1.20E-06  4.03E-04  1.64E-03 -1.72E-03   65536
    39        1.3      0.16      2.48E-06  4.05E-04  1.45E-03 -1.59E-03   65536
    40        1.3      0.96      1.46E-05  4.26E-04  1.63E-03 -1.49E-03   65536
    41        1.3       1.5      2.29E-05  4.30E-04  1.74E-03 -1.54E-03   65536
    42        1.3       1.6      2.52E-05  4.06E-04  1.85E-03 -1.44E-03   65536
    43        1.3       1.6      2.40E-05  4.06E-04  1.41E-03 -1.72E-03   65536
    44        1.3       1.6      2.40E-05  4.06E-04  1.52E-03 -1.59E-03   65536
    45        1.3       1.5      2.28E-05  3.97E-04  1.65E-03 -1.41E-03   65536
    46        1.3       1.4      2.16E-05  3.98E-04  1.47E-03 -1.93E-03   65536
    47        1.3       1.5      2.26E-05  4.02E-04  1.65E-03 -1.58E-03   65536
    48        1.3       1.4      2.14E-05  4.10E-04  1.51E-03 -1.65E-03   65536
    49        1.3       1.2      1.84E-05  4.05E-04  1.73E-03 -1.51E-03   65536
    50        1.3      0.92      1.41E-05  4.00E-04  1.46E-03 -1.38E-03   65536
    51        1.3       1.1      1.68E-05  4.09E-04  1.69E-03 -1.54E-03   65536
    52        1.3       1.2      1.89E-05  4.16E-04  1.55E-03 -1.51E-03   65536
    53        1.3      0.84      1.29E-05  4.31E-04  1.85E-03 -1.60E-03   65536
    54        1.3      0.89      1.36E-05  4.29E-04  1.70E-03 -1.76E-03   65536
    55        1.3       1.4      2.15E-05  4.30E-04  1.61E-03 -1.71E-03   65536
    56        1.3       1.3      1.95E-05  4.35E-04  1.58E-03 -1.56E-03   65536
    57        1.3      0.48      7.31E-06  4.31E-04  1.51E-03 -1.60E-03   65536
    58        1.3      0.10      1.53E-06  4.28E-04  1.52E-03 -1.73E-03   65536
    59        1.3      0.34      5.17E-06  4.40E-04  1.83E-03 -1.56E-03   65536
    60        1.3      0.71      1.09E-05  4.34E-04  1.60E-03 -1.56E-03   65536
    61        1.3      0.27      4.06E-06  4.70E-04  1.82E-03 -1.80E-03   65536
    62        1.3     -0.47     -7.21E-06  5.35E-04  2.10E-03 -1.88E-03   65536
    63        1.3      0.15      2.31E-06  5.35E-04  1.99E-03 -1.87E-03   65536
    64        1.3       1.4      2.13E-05  5.03E-04  1.92E-03 -1.86E-03   65536
    65        1.3       1.9      2.97E-05  4.43E-04  1.58E-03 -1.90E-03   65536
    66        1.3       2.0      3.09E-05  4.40E-04  1.64E-03 -1.40E-03   65536
    67        1.3       2.2      3.29E-05  4.32E-04  1.61E-03 -1.47E-03   65536
    68        1.3       1.6      2.44E-05  4.35E-04  1.63E-03 -1.80E-03   65536
    69        1.3      0.65      9.85E-06  4.35E-04  1.59E-03 -1.61E-03   65536
    70        1.3      0.43      6.57E-06  4.27E-04  1.47E-03 -1.44E-03   65536
    71        1.3      0.39      6.00E-06  4.32E-04  1.73E-03 -1.43E-03   65536
    72        1.3      0.16      2.37E-06  4.37E-04  1.88E-03 -1.57E-03   65536
    73        1.3      0.29      4.42E-06  4.34E-04  1.78E-03 -1.65E-03   65536
    74        1.3      0.68      1.03E-05  4.45E-04  1.56E-03 -1.79E-03   65536
    75        1.3      0.76      1.16E-05  4.57E-04  1.73E-03 -1.93E-03   65536
    76        1.3      0.80      1.22E-05  4.48E-04  1.66E-03 -1.65E-03   65536
    77        1.3       1.3      2.02E-05  4.46E-04  1.55E-03 -1.70E-03   65536
    78        1.3       2.0      3.06E-05  4.43E-04  1.64E-03 -1.63E-03   65536
    79        1.3       2.0      3.12E-05  4.37E-04  1.62E-03 -1.58E-03   65536
    80        1.3       1.6      2.39E-05  4.26E-04  1.38E-03 -1.74E-03   65536
    81        1.3       1.1      1.65E-05  4.40E-04  1.77E-03 -1.75E-03   65536
    82        1.3      0.76      1.16E-05  4.42E-04  1.88E-03 -1.74E-03   65536
    83        1.3      0.73      1.11E-05  4.34E-04  1.83E-03 -1.78E-03   65536
    84        1.3      0.62      9.43E-06  4.35E-04  1.64E-03 -1.72E-03   65536
    85        1.3      0.54      8.21E-06  4.58E-04  1.75E-03 -1.95E-03   65536
    86        1.3       1.0      1.56E-05  4.66E-04  1.68E-03 -1.70E-03   65536
    87        1.3       1.4      2.09E-05  4.63E-04  1.67E-03 -1.82E-03   65536
    88        1.3       1.7      2.57E-05  4.45E-04  1.65E-03 -1.60E-03   65536
    89        1.3       2.2      3.39E-05  4.57E-04  1.79E-03 -1.63E-03   65536
    90        1.3       1.7      2.63E-05  4.63E-04  1.87E-03 -1.53E-03   65536
    91        1.3       1.4      2.13E-05  4.50E-04  1.82E-03 -1.68E-03   65536
    92        1.3       2.2      3.36E-05  4.51E-04  2.32E-03 -1.61E-03   65536
    93        1.3       2.8      4.22E-05  4.65E-04  1.86E-03 -1.87E-03   65536
    94        1.3       2.0      3.02E-05  4.60E-04  1.96E-03 -1.72E-03   65536
    95        1.3       1.1      1.61E-05  4.58E-04  1.79E-03 -1.84E-03   65536
    96        1.3       1.7      2.56E-05  4.50E-04  1.85E-03 -1.63E-03   65536
    97        1.3       2.6      3.96E-05  4.62E-04  1.66E-03 -1.61E-03   65536
    98        1.3       2.5      3.83E-05  4.70E-04  1.68E-03 -1.75E-03   65536
    99        1.3       1.8      2.76E-05  4.63E-04  1.72E-03 -1.71E-03   65536
   100        1.3       1.4      2.12E-05  4.58E-04  1.75E-03 -1.71E-03   65536
   101        1.3       1.3      2.05E-05  4.53E-04  1.72E-03 -1.78E-03   65536
   102        1.3       1.5      2.34E-05  4.51E-04  1.69E-03 -1.97E-03   65536
   103        1.3       1.3      2.01E-05  4.48E-04  1.90E-03 -1.66E-03   65536
   104        1.3       1.5      2.34E-05  4.56E-04  1.84E-03 -1.61E-03   65536
   105        1.3       2.8      4.23E-05  4.80E-04  2.01E-03 -1.83E-03   65536
   106        1.3       2.9      4.46E-05  4.91E-04  2.00E-03 -1.78E-03   65536
   107        1.3       1.9      2.93E-05  4.73E-04  1.85E-03 -1.74E-03   65536
   108        1.3       1.1      1.75E-05  5.01E-04  1.93E-03 -1.96E-03   65536
   109        1.3      0.78      1.18E-05  5.30E-04  2.34E-03 -1.84E-03   65536
   110        1.3      0.56      8.60E-06  4.90E-04  2.58E-03 -1.63E-03   65536
   111        1.3      0.67      1.03E-05  4.66E-04  2.23E-03 -1.86E-03   65536
   112        1.3      0.78      1.19E-05  4.64E-04  2.23E-03 -1.91E-03   65536
   113        1.3      0.98      1.50E-05  4.74E-04  1.85E-03 -1.65E-03   65536
   114        1.3       1.1      1.71E-05  4.85E-04  1.66E-03 -1.73E-03   65536
   115        1.3      0.81      1.23E-05  5.08E-04  1.92E-03 -1.78E-03   65536
   116        1.3       1.2      1.76E-05  4.89E-04  1.94E-03 -2.13E-03   65536
   117        1.3       1.5      2.23E-05  4.83E-04  1.85E-03 -2.01E-03   65536
   118        1.3      0.79      1.21E-05  4.82E-04  2.05E-03 -1.73E-03   65536
   119        1.3      0.45      6.85E-06  4.88E-04  1.82E-03 -1.96E-03   65536
   120        1.3      0.71      1.08E-05  4.95E-04  2.00E-03 -1.90E-03   65536
   121        1.3       1.3      1.99E-05  4.70E-04  1.99E-03 -1.67E-03   65536
   122        1.3       1.7      2.62E-05  4.71E-04  1.79E-03 -1.62E-03   65536
   123        1.3       1.7      2.56E-05  4.61E-04  1.91E-03 -1.64E-03   65536
   124        1.3       1.8      2.82E-05  4.58E-04  1.59E-03 -1.84E-03   65536
   125        1.3       1.5      2.23E-05  4.64E-04  1.86E-03 -1.87E-03   65536
   126        1.3      0.56      8.61E-06  4.65E-04  1.94E-03 -2.23E-03   65536
   127        1.3      0.55      8.44E-06  4.70E-04  1.87E-03 -2.05E-03   65536
   128        1.3      0.50      7.56E-06  4.58E-04  1.54E-03 -2.38E-03   65536
   129        1.3     -0.46     -7.06E-06  4.47E-04  1.68E-03 -1.76E-03   65536
   130        1.3     -0.99     -1.51E-05  4.43E-04  2.30E-03 -1.93E-03   65536
   131        1.3     -0.56     -8.49E-06  4.69E-04  1.95E-03 -1.70E-03   65536
   132        1.3     -0.70     -1.07E-05  4.66E-04  1.72E-03 -1.93E-03   65536
   133        1.3      -1.5     -2.23E-05  4.67E-04  2.18E-03 -1.91E-03   65536
   134        1.3      -1.5     -2.27E-05  4.79E-04  1.99E-03 -1.79E-03   65536
   135        1.3      -1.8     -2.72E-05  4.83E-04  1.88E-03 -1.75E-03   65536
   136        1.3      -2.3     -3.52E-05  5.00E-04  1.87E-03 -1.98E-03   65536
   137        1.3      -2.0     -3.07E-05  5.07E-04  1.80E-03 -2.10E-03   65536
   138        1.3      -1.7     -2.52E-05  4.84E-04  1.77E-03 -1.95E-03   65536
   139        1.3      -1.4     -2.08E-05  4.84E-04  1.98E-03 -1.68E-03   65536
   140        1.3      -1.5     -2.26E-05  4.80E-04  1.71E-03 -1.76E-03   65536
   141        1.3      -2.5     -3.75E-05  4.92E-04  1.84E-03 -1.77E-03   65536
   142        1.3      -2.7     -4.05E-05  5.09E-04  2.11E-03 -1.88E-03   65536
   143        1.3      -1.5     -2.27E-05  5.14E-04  2.00E-03 -1.87E-03   65536
   144        1.3      -1.3     -1.94E-05  5.08E-04  1.76E-03 -2.19E-03   65536
   145        1.3      -2.4     -3.59E-05  5.24E-04  1.70E-03 -1.95E-03   65536
   146        1.3      -2.9     -4.45E-05  5.44E-04  1.83E-03 -1.95E-03   65536
   147        1.3      -2.8     -4.34E-05  5.30E-04  2.10E-03 -2.04E-03   65536
   148        1.3      -1.9     -2.95E-05  5.63E-04  2.19E-03 -2.36E-03   65536
   149        1.3      -1.1     -1.65E-05  5.52E-04  2.40E-03 -2.09E-03   65536
   150        1.3      -2.0     -3.03E-05  5.44E-04  1.99E-03 -2.13E-03   65536
   151        1.3      -3.2     -4.85E-05  5.83E-04  2.01E-03 -2.44E-03   65536
   152        1.3      -1.9     -2.86E-05  6.11E-04  2.07E-03 -2.22E-03   65536
   153        1.3      0.28      4.33E-06  6.15E-04  2.10E-03 -2.19E-03   65536
   154        1.3      -1.1     -1.70E-05  6.26E-04  2.18E-03 -2.40E-03   65536
   155        1.3      -5.0     -7.63E-05  6.27E-04  2.13E-03 -2.34E-03   65536
   156        1.3      -7.4     -1.13E-04  6.43E-04  2.38E-03 -2.31E-03   65536
   157        1.3      -6.7     -1.02E-04  6.45E-04  2.59E-03 -2.44E-03   65536
   158        1.3      -5.7     -8.63E-05  6.29E-04  2.15E-03 -2.73E-03   65536
   159        1.3      -5.4     -8.23E-05  6.15E-04  2.17E-03 -2.30E-03   65536
   160        1.3      -4.1     -6.32E-05  6.21E-04  2.65E-03 -2.37E-03   65536
   161        1.3      -1.9     -2.87E-05  6.00E-04  2.23E-03 -2.51E-03   65536
   162        1.3       1.8      2.81E-05  6.10E-04  2.53E-03 -2.45E-03   65536
   163        1.3       3.8      5.84E-05  6.29E-04  2.45E-03 -2.44E-03   65536
   164        1.3       3.0      4.53E-05  6.55E-04  2.27E-03 -2.49E-03   65536
   165        1.3       3.3      5.07E-05  6.80E-04  2.89E-03 -2.70E-03   65536
   166        1.3       4.5      6.85E-05  6.47E-04  2.45E-03 -2.24E-03   65536
   167        1.3       5.9      9.06E-05  6.54E-04  2.97E-03 -2.41E-03   65536
   168        1.3       7.1      1.09E-04  6.75E-04  2.49E-03 -2.42E-03   65536
   169        1.3       6.3      9.67E-05  6.67E-04  2.47E-03 -2.53E-03   65536
   170        1.3       5.9      9.02E-05  6.88E-04  2.79E-03 -2.38E-03   65536
   171        1.3       6.6      1.00E-04  7.01E-04  2.51E-03 -2.51E-03   65536
   172        1.3       5.4      8.30E-05  7.10E-04  2.74E-03 -2.34E-03   65536
   173        1.3       2.9      4.37E-05  7.21E-04  2.42E-03 -2.54E-03   65536
   174        1.3       2.4      3.67E-05  6.93E-04  2.79E-03 -2.29E-03   65536
   175        1.3       3.0      4.65E-05  6.80E-04  2.60E-03 -2.49E-03   65536
   176        1.3       1.9      2.94E-05  6.72E-04  2.63E-03 -2.65E-03   65536
   177        1.3      0.97      1.48E-05  6.45E-04  2.60E-03 -2.49E-03   65536
   178        1.3      3.71E-02  5.66E-07  6.73E-04  2.58E-03 -2.62E-03   65536
   179        1.3      -1.4     -2.12E-05  7.05E-04  2.60E-03 -2.90E-03   65536
   180        1.3     -0.97     -1.48E-05  6.96E-04  2.31E-03 -2.40E-03   65536
   181        1.3     -7.63E-02 -1.16E-06  7.10E-04  2.55E-03 -2.51E-03   65536
   182        1.3     -0.29     -4.49E-06  7.14E-04  2.67E-03 -2.50E-03   65536
   183        1.3     -2.08E-02 -3.18E-07  7.24E-04  2.51E-03 -2.40E-03   65536
   184        1.3     -0.39     -6.01E-06  7.53E-04  3.12E-03 -2.52E-03   65536
   185        1.3      -2.3     -3.53E-05  9.84E-04  4.36E-03 -3.33E-03   65536
