freq[Hz],vel[km/s],flux[Jy/beam],noise[Jy/beam],tau,tau_noise
1190834538.49 57794.5263258 0.0 nan nan nan
1190756415.95 57817.9867093 0.0 nan nan nan
1190678293.42 57841.4501713 0.0 nan nan nan
1190600170.88 57864.9167125 0.0 nan nan nan
1190522048.34 57888.3863335 0.0 nan nan nan
1190443925.81 57911.8590349 0.0 nan nan nan
1190365803.27 57935.3348172 0.0 nan nan nan
1190287680.74 57958.8136811 0.0 nan nan nan
1190209558.2 57982.2956272 0.0 nan nan nan
1190131435.66 58005.7806561 0.0 nan nan nan
1190053313.13 58029.2687685 0.0 nan nan nan
1189975190.59 58052.7599648 -0.0104627134278 nan -inf nan
1189897068.05 58076.2542457 -0.0308043491095 nan -inf nan
1189818945.52 58099.7516119 -0.0387460887432 nan -inf nan
1189740822.98 58123.252064 -0.0351799614727 nan -inf nan
1189662700.45 58146.7556024 -0.0320080630481 nan -inf nan
1189584577.91 58170.262228 -0.0287576057017 nan -inf nan
1189506455.37 58193.7719412 -0.0272397529334 nan -inf nan
1189428332.84 58217.2847426 -0.026131413877 nan -inf nan
1189350210.3 58240.800633 -0.0247208662331 nan -inf nan
1189272087.76 58264.3196128 -0.0238063912839 nan -inf nan
1189193965.23 58287.8416827 -0.0209040902555 nan -inf nan
1189115842.69 58311.3668433 -0.0186523366719 nan -inf nan
1189037720.16 58334.8950953 -0.019306063652 nan -inf nan
1188959597.62 58358.4264392 -0.0205892696977 nan -inf nan
1188881475.08 58381.9608756 -0.0171765703708 nan -inf nan
1188803352.55 58405.4984051 -0.0110488478094 nan -inf nan
1188725230.01 58429.0390284 -0.00995754078031 nan -inf nan
1188647107.47 58452.5827461 -0.00826898775995 nan -inf nan
1188568984.94 58476.1295587 -0.00364002143033 nan -inf nan
1188490862.4 58499.679467 -0.00369007047266 nan -inf nan
1188412739.86 58523.2324714 -0.00418193778023 nan -inf nan
1188334617.33 58546.7885726 -0.00253709079698 nan -inf nan
1188256494.79 58570.3477712 -0.00323090935126 nan -inf nan
1188178372.26 58593.9100679 -0.00480848411098 nan -inf nan
1188100249.72 58617.4754632 -0.00385315483436 nan -inf nan
1188022127.18 58641.0439578 -0.000487375626108 nan -inf nan
1187944004.65 58664.6155522 -0.000163226155564 nan -inf nan
1187865882.11 58688.1902471 -0.000171723193489 nan -inf nan
1187787759.57 58711.7680431 0.00132969440892 nan nan nan
1187709637.04 58735.3489407 9.29571833694e-05 nan nan nan
1187631514.5 58758.9329407 3.07683076244e-05 nan nan nan
1187553391.97 58782.5200436 0.000774094893131 nan nan nan
1187475269.43 58806.11025 0.000730314990506 nan nan nan
1187397146.89 58829.7035606 0.00184722011909 nan nan nan
1187319024.36 58853.2999759 0.00156005786266 nan nan nan
1187240901.82 58876.8994966 -0.000495405984111 nan -inf nan
1187162779.28 58900.5021233 -0.00069256813731 nan -inf nan
1187084656.75 58924.1078566 0.00157345598564 nan nan nan
1187006534.21 58947.7166971 0.0021738531068 nan nan nan
1186928411.68 58971.3286454 0.00192317250185 nan nan nan
1186850289.14 58994.9437022 0.00283638085239 nan nan nan
1186772166.6 59018.561868 0.00105184176937 nan nan nan
1186694044.07 59042.1831435 -0.000769807200413 nan -inf nan
1186615921.53 59065.8075293 -0.00051330513088 nan -inf nan
1186537798.99 59089.4350259 -0.00227056769654 nan -inf nan
1186459676.46 59113.0656341 -0.00489787943661 nan -inf nan
1186381553.92 59136.6993544 -0.00398827763274 nan -inf nan
1186303431.38 59160.3361874 0.000215635402128 nan nan nan
1186225308.85 59183.9761338 0.000847093062475 nan nan nan
1186147186.31 59207.6191941 3.34830256179e-05 nan nan nan
1186069063.78 59231.265369 0.00123676005751 nan nan nan
1185990941.24 59254.9146592 -0.000480368937133 nan -inf nan
1185912818.7 59278.5670651 0.000183179508895 nan nan nan
1185834696.17 59302.2225875 0.00328036397696 nan nan nan
1185756573.63 59325.8812269 0.000988455838524 nan nan nan
1185678451.09 59349.542984 -0.00168742064852 nan -inf nan
1185600328.56 59373.2078594 -0.000673536560498 nan -inf nan
1185522206.02 59396.8758536 0.000187044599443 nan nan nan
1185444083.49 59420.5469674 -0.000993033638224 nan -inf nan
1185365960.95 59444.2212013 -0.000291813048534 nan -inf nan
1185287838.41 59467.8985559 0.00245496234857 nan nan nan
1185209715.88 59491.579032 0.00200318288989 nan nan nan
1185131593.34 59515.2626299 0.00138079817407 nan nan nan
1185053470.8 59538.9493505 0.00101976073347 nan nan nan
1184975348.27 59562.6391943 -0.000263435766101 nan -inf nan
1184897225.73 59586.332162 -0.000110720982775 nan -inf nan
1184819103.2 59610.0282541 -0.000980187905952 nan -inf nan
1184740980.66 59633.7274712 -0.00250815786421 nan -inf nan
1184662858.12 59657.4298141 -0.00373079557903 nan -inf nan
1184584735.59 59681.1352832 -0.00460203643888 nan -inf nan
1184506613.05 59704.8438793 -0.00333183538169 nan -inf nan
1184428490.51 59728.5556029 -0.000894408440217 nan -inf nan
1184350367.98 59752.2704547 0.00143740337808 nan nan nan
1184272245.44 59775.9884353 0.00105759303551 nan nan nan
1184194122.9 59799.7095452 -0.000963901227806 nan -inf nan
1184116000.37 59823.4337852 -0.000406264036428 nan -inf nan
1184037877.83 59847.1611558 0.00042645650683 nan nan nan
1183959755.3 59870.8916577 0.00303730205633 nan nan nan
1183881632.76 59894.6252915 0.00535600585863 nan nan nan
1183803510.22 59918.3620577 0.00244444329292 nan nan nan
1183725387.69 59942.1019571 0.000785819080193 nan nan nan
1183647265.15 59965.8449902 0.00234455568716 nan nan nan
1183569142.61 59989.5911577 0.00296468520537 nan nan nan
1183491020.08 60013.3404602 0.00286039616913 nan nan nan
1183412897.54 60037.0928982 0.00183153909165 nan nan nan
1183334775.01 60060.8484725 -0.00179329770617 nan -inf nan
1183256652.47 60084.6071837 -0.00330037157983 nan -inf nan
1183178529.93 60108.3690323 -0.000932178809308 nan -inf nan
1183100407.4 60132.1340189 -0.00111074955203 nan -inf nan
1183022284.86 60155.9021443 -0.00209877546877 nan -inf nan
1182944162.32 60179.673409 0.000581886444706 nan nan nan
1182866039.79 60203.4478137 0.00257446244359 nan nan nan
1182787917.25 60227.225359 0.000592772383243 nan nan nan
1182709794.72 60251.0060454 -0.00101866677869 nan -inf nan
1182631672.18 60274.7898737 0.000202337454539 nan nan nan
1182553549.64 60298.5768444 0.00180981960148 nan nan nan
1182475427.11 60322.3669581 0.00245428900234 nan nan nan
1182397304.57 60346.1602156 0.00137015013024 nan nan nan
1182319182.03 60369.9566174 -0.00177020020783 nan -inf nan
1182241059.5 60393.7561641 -0.00391660118476 nan -inf nan
1182162936.96 60417.5588563 -0.00474420096725 nan -inf nan
1182084814.42 60441.3646948 -0.00446016760543 nan -inf nan
1182006691.89 60465.17368 -0.00106583000161 nan -inf nan
1181928569.35 60488.9858127 -0.000131402281113 nan -inf nan
1181850446.82 60512.8010934 -0.00305264419876 nan -inf nan
1181772324.28 60536.6195228 -0.00396174006164 nan -inf nan
1181694201.74 60560.4411015 -0.001444017631 nan -inf nan
1181616079.21 60584.2658302 0.00229559233412 nan nan nan
1181537956.67 60608.0937094 0.00411303993315 nan nan nan
1181459834.13 60631.9247397 0.00334657006897 nan nan nan
1181381711.6 60655.7589219 0.00222534732893 nan nan nan
1181303589.06 60679.5962565 0.00117819593288 nan nan nan
1181225466.53 60703.4367441 -0.000903107458726 nan -inf nan
1181147343.99 60727.2803855 -0.00486267823726 nan -inf nan
1181069221.45 60751.1271811 -0.00868122186512 nan -inf nan
1180991098.92 60774.9771317 -0.00889682862908 nan -inf nan
1180912976.38 60798.8302378 -0.00840619765222 nan -inf nan
1180834853.84 60822.6865001 -0.0054545905441 nan -inf nan
1180756731.31 60846.5459192 0.000325674511259 nan nan nan
1180678608.77 60870.4084957 0.00370110804215 nan nan nan
1180600486.23 60894.2742303 0.00420434726402 nan nan nan
1180522363.7 60918.1431236 0.00386773911305 nan nan nan
1180444241.16 60942.0151762 0.00667575281113 nan nan nan
1180366118.63 60965.8903888 0.0084615657106 nan nan nan
1180287996.09 60989.7687619 0.00325852446258 nan nan nan
1180209873.55 61013.6502962 -0.00283006043173 nan -inf nan
1180131751.02 61037.5349924 -0.00156430911738 nan -inf nan
1180053628.48 61061.422851 0.00427004368976 nan nan nan
1179975505.94 61085.3138727 0.00598117895424 nan nan nan
1179897383.41 61109.2080581 0.00279882224277 nan nan nan
1179819260.87 61133.1054078 6.69254804961e-05 nan nan nan
1179741138.34 61157.0059225 -0.000479619076941 nan -inf nan
1179663015.8 61180.9096028 0.00107124331407 nan nan nan
1179584893.26 61204.8164494 0.00236217910424 nan nan nan
1179506770.73 61228.7264628 0.00180778233334 nan nan nan
1179428648.19 61252.6396436 0.00303665758111 nan nan nan
1179350525.65 61276.5559926 0.0042767059058 nan nan nan
1179272403.12 61300.4755103 -0.000284523237497 nan -inf nan
1179194280.58 61324.3981974 -0.00633852137253 nan -inf nan
1179116158.05 61348.3240545 -0.00561221223325 nan -inf nan
1179038035.51 61372.2530823 -0.0024686246179 nan -inf nan
1178959912.97 61396.1852813 -0.00316670676693 nan -inf nan
1178881790.44 61420.1206522 -0.0034959372133 nan -inf nan
1178803667.9 61444.0591956 -0.00278343982063 nan -inf nan
1178725545.36 61468.0009122 -0.000581094995141 nan -inf nan
1178647422.83 61491.9458025 0.00475851399824 nan nan nan
1178569300.29 61515.8938673 0.00547330500558 nan nan nan
1178491177.75 61539.8451071 0.00115717458539 nan nan nan
1178413055.22 61563.7995226 0.000447595608421 nan nan nan
1178334932.68 61587.7571145 0.00350067275576 nan nan nan
1178256810.15 61611.7178832 0.00418646167964 nan nan nan
1178178687.61 61635.6818296 0.00252160592936 nan nan nan
1178100565.07 61659.6489541 0.00182844593655 nan nan nan
1178022442.54 61683.6192575 -0.00127033307217 nan -inf nan
1177944320.0 61707.5927404 -0.00428131595254 nan -inf nan
1177866197.46 61731.5694033 -0.0019156265771 nan -inf nan
1177788074.93 61755.549247 0.000237840984482 nan nan nan
1177709952.39 61779.5322721 -0.00101566920057 nan -inf nan
1177631829.86 61803.5184792 -0.000895457225852 nan -inf nan
1177553707.32 61827.5078689 0.00116424169391 nan nan nan
1177475584.78 61851.5004419 0.000448191130999 nan nan nan
1177397462.25 61875.4961988 -0.00129359250423 nan -inf nan
1177319339.71 61899.4951402 -0.000844914931804 nan -inf nan
1177241217.17 61923.4972668 0.000157688278705 nan nan nan
1177163094.64 61947.5025792 0.000262696878053 nan nan nan
1177084972.1 61971.5110781 0.0 nan nan nan
1177006849.57 61995.522764 0.0 nan nan nan
1176928727.03 62019.5376376 0.0 nan nan nan
1176850604.49 62043.5556996 0.0 nan nan nan
1176772481.96 62067.5769506 0.0 nan nan nan
1176694359.42 62091.6013912 0.0 nan nan nan
1176616236.88 62115.629022 0.0 nan nan nan
1176538114.35 62139.6598437 0.0 nan nan nan
1176459991.81 62163.6938569 0.0 nan nan nan
1176381869.27 62187.7310623 0.0 nan nan nan
1176303746.74 62211.7714605 0.0 nan nan nan
1176225624.2 62235.8150521 0.0 nan nan nan
1176147501.67 62259.8618378 0.0 nan nan nan
1176069379.13 62283.9118182 0.0 nan nan nan
1175991256.59 62307.9649939 0.0 nan nan nan
1175913134.06 62332.0213656 0.0 nan nan nan
1175835011.52 62356.0809339 0.0 nan nan nan
1175756888.98 62380.1436995 0.0 nan nan nan
1175678766.45 62404.2096629 0.0 nan nan nan
1175600643.91 62428.2788249 0.0 nan nan nan
1175522521.38 62452.3511861 0.0 nan nan nan
1175444398.84 62476.426747 0.0 nan nan nan
1175366276.3 62500.5055084 0.0 nan nan nan
1175288153.77 62524.5874708 0.0 nan nan nan
1175210031.23 62548.672635 0.0 nan nan nan
1175131908.69 62572.7610015 0.0 nan nan nan
1175053786.16 62596.852571 0.0 nan nan nan
1174975663.62 62620.9473442 0.0 nan nan nan
1174897541.09 62645.0453216 0.0 nan nan nan
1174819418.55 62669.1465039 0.0 nan nan nan
1174741296.01 62693.2508918 0.0 nan nan nan
1174663173.48 62717.3584859 0.0 nan nan nan
1174585050.94 62741.4692868 0.0 nan nan nan
1174506928.4 62765.5832951 0.0 nan nan nan
1174428805.87 62789.7005116 0.0 nan nan nan
1174350683.33 62813.8209368 0.0 nan nan nan
1174272560.79 62837.9445714 0.0 nan nan nan
1174194438.26 62862.0714161 0.0 nan nan nan
1174116315.72 62886.2014714 0.0 nan nan nan
1174038193.19 62910.334738 0.0 nan nan nan
1173960070.65 62934.4712166 0.0 nan nan nan
1173881948.11 62958.6109077 0.0 nan nan nan
1173803825.58 62982.7538121 0.0 nan nan nan
1173725703.04 63006.8999304 0.0 nan nan nan
