7.200000000000000000e+02 -7.471018170224799763e-06
7.200053850296176279e+02 -7.471018170224799763e-06
7.200107700592353694e+02 -7.471018170224799763e-06
7.200161550888529973e+02 -7.471018170224799763e-06
7.200215401184706252e+02 -7.471018170224799763e-06
7.200269251480883668e+02 -7.471018170224799763e-06
7.200323101777059946e+02 -7.471018170224799763e-06
7.200376952073236225e+02 -7.471018170224799763e-06
7.200430802369412504e+02 -7.471018170224799763e-06
7.200484652665589920e+02 -7.471018170224799763e-06
7.200538502961766198e+02 -7.471018170224799763e-06
7.200592353257942477e+02 -7.471018170224799763e-06
7.200646203554119893e+02 -7.471018170224799763e-06
7.200700053850296172e+02 -7.471018170224799763e-06
7.200753904146472451e+02 -7.471018170224799763e-06
7.200807754442649866e+02 -7.471018170224799763e-06
7.200861604738826145e+02 -7.471018170224799763e-06
7.200915455035002424e+02 -7.471018170224799763e-06
7.200969305331179839e+02 -7.471018170224799763e-06
7.201023155627356118e+02 -7.471018170224799763e-06
7.201077005923532397e+02 -7.471018170224799763e-06
7.201130856219708676e+02 -7.471018170224799763e-06
7.201184706515886091e+02 -7.471018170224799763e-06
7.201238556812062370e+02 -7.471018170224799763e-06
7.201292407108238649e+02 -7.471018170224799763e-06
7.201346257404416065e+02 -7.471018170224799763e-06
7.201400107700592343e+02 -7.471018170224799763e-06
7.201453957996768622e+02 -7.471018170224799763e-06
7.201507808292946038e+02 -7.471018170224799763e-06
7.201561658589122317e+02 -7.471018170224799763e-06
7.201615508885298595e+02 -7.471018170224799763e-06
7.201669359181476011e+02 -7.471018170224799763e-06
7.201723209477652290e+02 -7.471018170224799763e-06
7.201777059773828569e+02 -7.471018170224799763e-06
7.201830910070004848e+02 -7.471018170224799763e-06
7.201884760366182263e+02 -7.471018170224799763e-06
7.201938610662358542e+02 -7.471018170224799763e-06
7.201992460958534821e+02 -7.471018170224799763e-06
7.202046311254712236e+02 -7.471018170224799763e-06
7.202100161550888515e+02 -7.471018170224799763e-06
7.202154011847064794e+02 -7.471018170224799763e-06
7.202207862143242210e+02 -7.471018170224799763e-06
7.202261712439418488e+02 -7.471018170224799763e-06
7.202315562735594767e+02 -7.471018170224799763e-06
7.202369413031772183e+02 -7.471018170224799763e-06
7.202423263327948462e+02 -7.471018170224799763e-06
7.202477113624124740e+02 -7.471018170224799763e-06
7.202530963920301019e+02 -7.471018170224799763e-06
7.202584814216478435e+02 -7.471018170224799763e-06
7.202638664512654714e+02 -7.471018170224799763e-06
7.202692514808830992e+02 -7.471018170224799763e-06
7.202746365105008408e+02 -7.471018170224799763e-06
7.202800215401184687e+02 -7.471018170224799763e-06
7.202854065697360966e+02 -7.471018170224799763e-06
7.202907915993538381e+02 -7.471018170224799763e-06
7.202961766289714660e+02 -7.471018170224799763e-06
7.203015616585890939e+02 -7.471018170224799763e-06
7.203069466882068355e+02 -7.471018170224799763e-06
7.203123317178244633e+02 -7.471018170224799763e-06
7.203177167474420912e+02 -7.471018170224799763e-06
7.203231017770597191e+02 -7.471018170224799763e-06
7.203284868066774607e+02 -7.471018170224799763e-06
7.203338718362950885e+02 -7.471018170224799763e-06
7.203392568659127164e+02 -7.471018170224799763e-06
7.203446418955304580e+02 -7.471018170224799763e-06
7.203500269251480859e+02 -7.471018170224799763e-06
7.203554119547657137e+02 -7.471018170224799763e-06
7.203607969843834553e+02 -7.471018170224799763e-06
7.203661820140010832e+02 -7.471018170224799763e-06
7.203715670436187111e+02 -7.471018170224799763e-06
7.203769520732364526e+02 -7.471018170224799763e-06
7.203823371028540805e+02 -7.471018170224799763e-06
7.203877221324717084e+02 -7.471018170224799763e-06
7.203931071620893363e+02 -7.471018170224799763e-06
7.203984921917070778e+02 -7.471018170224799763e-06
7.204038772213247057e+02 -7.471018170224799763e-06
7.204092622509423336e+02 -7.471018170224799763e-06
7.204146472805600752e+02 -7.471018170224799763e-06
7.204200323101777030e+02 -7.471018170224799763e-06
7.204254173397953309e+02 -7.471018170224799763e-06
7.204308023694130725e+02 -7.471018170224799763e-06
7.204361873990307004e+02 -7.471018170224799763e-06
7.204415724286483282e+02 -7.471018170224799763e-06
7.204469574582660698e+02 -7.471018170224799763e-06
7.204523424878836977e+02 -7.471018170224799763e-06
7.204577275175013256e+02 -7.471018170224799763e-06
7.204631125471189534e+02 -7.471018170224799763e-06
7.204684975767366950e+02 -7.471018170224799763e-06
7.204738826063543229e+02 -7.471018170224799763e-06
7.204792676359719508e+02 -7.471018170224799763e-06
7.204846526655896923e+02 -7.471018170224799763e-06
7.204900376952073202e+02 -7.471018170224799763e-06
7.204954227248249481e+02 -7.471018170224799763e-06
7.205008077544426897e+02 -7.471018170224799763e-06
7.205061927840603175e+02 -7.471018170224799763e-06
7.205115778136779454e+02 -7.471018170224799763e-06
7.205169628432956870e+02 -7.471018170224799763e-06
7.205223478729133149e+02 -7.471018170224799763e-06
7.205277329025309427e+02 -7.471018170224799763e-06
7.205331179321485706e+02 -7.471018170224799763e-06
7.205385029617663122e+02 -7.471018170224799763e-06
7.205438879913839401e+02 -7.471018170224799763e-06
7.205492730210015679e+02 -7.471018170224799763e-06
7.205546580506193095e+02 -7.471018170224799763e-06
7.205600430802369374e+02 -7.471018170224799763e-06
7.205654281098545653e+02 -7.471018170224799763e-06
7.205708131394723068e+02 -7.471018170224799763e-06
7.205761981690899347e+02 -7.471018170224799763e-06
7.205815831987075626e+02 -7.471018170224799763e-06
7.205869682283253042e+02 -7.471018170224799763e-06
7.205923532579429320e+02 -7.471018170224799763e-06
7.205977382875605599e+02 -7.471018170224799763e-06
7.206031233171781878e+02 -7.471018170224799763e-06
7.206085083467959294e+02 -7.471018170224799763e-06
7.206138933764135572e+02 -7.471018170224799763e-06
7.206192784060311851e+02 -7.471018170224799763e-06
7.206246634356489267e+02 -7.471018170224799763e-06
7.206300484652665546e+02 -7.471018170224799763e-06
7.206354334948841824e+02 -7.471018170224799763e-06
7.206408185245019240e+02 -7.471018170224799763e-06
7.206462035541195519e+02 -7.471018170224799763e-06
7.206515885837371798e+02 -7.471018170224799763e-06
7.206569736133549213e+02 -7.471018170224799763e-06
7.206623586429725492e+02 -7.471018170224799763e-06
7.206677436725901771e+02 -7.471018170224799763e-06
7.206731287022079186e+02 -7.471018170224799763e-06
7.206785137318255465e+02 -7.471018170224799763e-06
7.206838987614431744e+02 -7.471018170224799763e-06
7.206892837910608023e+02 -7.471018170224799763e-06
7.206946688206785439e+02 -7.471018170224799763e-06
7.207000538502961717e+02 -7.471018170224799763e-06
7.207054388799137996e+02 -7.471018170224799763e-06
7.207108239095315412e+02 -7.471018170224799763e-06
7.207162089391491691e+02 -7.471018170224799763e-06
7.207215939687667969e+02 -7.471018170224799763e-06
7.207269789983845385e+02 -7.471018170224799763e-06
7.207323640280021664e+02 -7.471018170224799763e-06
7.207377490576197943e+02 -7.471018170224799763e-06
7.207431340872375358e+02 -7.471018170224799763e-06
7.207485191168551637e+02 -7.471018170224799763e-06
7.207539041464727916e+02 -7.471018170224799763e-06
7.207592891760904195e+02 -7.471018170224799763e-06
7.207646742057081610e+02 -7.471018170224799763e-06
7.207700592353257889e+02 -7.471018170224799763e-06
7.207754442649434168e+02 -7.471018170224799763e-06
7.207808292945611583e+02 -7.471018170224799763e-06
7.207862143241787862e+02 -7.471018170224799763e-06
7.207915993537964141e+02 -7.471018170224799763e-06
7.207969843834141557e+02 -7.471018170224799763e-06
7.208023694130317836e+02 -7.471018170224799763e-06
7.208077544426494114e+02 -7.471018170224799763e-06
7.208131394722671530e+02 -7.471018170224799763e-06
7.208185245018847809e+02 -7.471018170224799763e-06
7.208239095315024088e+02 -7.471018170224799763e-06
7.208292945611200366e+02 -7.471018170224799763e-06
7.208346795907377782e+02 -7.471018170224799763e-06
7.208400646203554061e+02 -7.471018170224799763e-06
7.208454496499730340e+02 -7.471018170224799763e-06
7.208508346795907755e+02 -7.471018170224799763e-06
7.208562197092084034e+02 -7.471018170224799763e-06
7.208616047388260313e+02 -7.471018170224799763e-06
7.208669897684437728e+02 -7.471018170224799763e-06
7.208723747980614007e+02 -7.471018170224799763e-06
7.208777598276790286e+02 -7.471018170224799763e-06
7.208831448572967702e+02 -7.471018170224799763e-06
7.208885298869143980e+02 -7.471018170224799763e-06
7.208939149165320259e+02 -7.471018170224799763e-06
7.208992999461496538e+02 -7.471018170224799763e-06
7.209046849757673954e+02 -7.471018170224799763e-06
7.209100700053850233e+02 -7.471018170224799763e-06
7.209154550350026511e+02 -7.471018170224799763e-06
7.209208400646203927e+02 -7.471018170224799763e-06
7.209262250942380206e+02 -7.471018170224799763e-06
7.209316101238556485e+02 -7.471018170224799763e-06
7.209369951534733900e+02 -7.471018170224799763e-06
7.209423801830910179e+02 -7.471018170224799763e-06
7.209477652127086458e+02 -7.471018170224799763e-06
7.209531502423263873e+02 -7.471018170224799763e-06
7.209585352719440152e+02 -7.471018170224799763e-06
7.209639203015616431e+02 -7.471018170224799763e-06
7.209693053311792710e+02 -7.471018170224799763e-06
7.209746903607970125e+02 -7.471018170224799763e-06
7.209800753904146404e+02 -7.471018170224799763e-06
7.209854604200322683e+02 -7.471018170224799763e-06
7.209908454496500099e+02 -7.471018170224799763e-06
7.209962304792676377e+02 -7.471018170224799763e-06
7.210016155088852656e+02 -7.471018170224799763e-06
7.210070005385030072e+02 -7.471018170224799763e-06
7.210123855681206351e+02 -7.471018170224799763e-06
7.210177705977382629e+02 -7.471018170224799763e-06
7.210231556273560045e+02 -7.471018170224799763e-06
7.210285406569736324e+02 -7.471018170224799763e-06
7.210339256865912603e+02 -7.471018170224799763e-06
7.210393107162088882e+02 -7.471018170224799763e-06
7.210446957458266297e+02 -7.471018170224799763e-06
7.210500807754442576e+02 -7.471018170224799763e-06
7.210554658050618855e+02 -7.471018170224799763e-06
7.210608508346796270e+02 -7.471018170224799763e-06
7.210662358642972549e+02 -7.471018170224799763e-06
7.210716208939148828e+02 -7.471018170224799763e-06
7.210770059235326244e+02 -7.471018170224799763e-06
7.210823909531502522e+02 -7.471018170224799763e-06
7.210877759827678801e+02 -7.471018170224799763e-06
7.210931610123856217e+02 -7.471018170224799763e-06
7.210985460420032496e+02 -7.471018170224799763e-06
7.211039310716208774e+02 -7.471018170224799763e-06
7.211093161012385053e+02 -7.471018170224799763e-06
7.211147011308562469e+02 -7.471018170224799763e-06
7.211200861604738748e+02 -7.471018170224799763e-06
7.211254711900915026e+02 -7.471018170224799763e-06
7.211308562197092442e+02 -7.471018170224799763e-06
7.211362412493268721e+02 -7.471018170224799763e-06
7.211416262789445000e+02 -7.471018170224799763e-06
7.211470113085622415e+02 -7.471018170224799763e-06
7.211523963381798694e+02 -7.471018170224799763e-06
7.211577813677974973e+02 -7.471018170224799763e-06
7.211631663974152389e+02 -7.471018170224799763e-06
7.211685514270328667e+02 -7.471018170224799763e-06
7.211739364566504946e+02 -7.471018170224799763e-06
7.211793214862681225e+02 -7.471018170224799763e-06
7.211847065158858641e+02 -7.471018170224799763e-06
7.211900915455034919e+02 -7.471018170224799763e-06
7.211954765751211198e+02 -7.471018170224799763e-06
7.212008616047388614e+02 -7.471018170224799763e-06
7.212062466343564893e+02 -7.471018170224799763e-06
7.212116316639741171e+02 -7.471018170224799763e-06
7.212170166935918587e+02 -7.471018170224799763e-06
7.212224017232094866e+02 -7.471018170224799763e-06
7.212277867528271145e+02 -7.471018170224799763e-06
7.212331717824448560e+02 -7.471018170224799763e-06
7.212385568120624839e+02 -7.471018170224799763e-06
7.212439418416801118e+02 -7.471018170224799763e-06
7.212493268712977397e+02 -7.471018170224799763e-06
7.212547119009154812e+02 -7.471018170224799763e-06
7.212600969305331091e+02 -7.471018170224799763e-06
7.212654819601507370e+02 -7.471018170224799763e-06
7.212708669897684786e+02 -7.471018170224799763e-06
7.212762520193861064e+02 -7.471018170224799763e-06
7.212816370490037343e+02 -7.471018170224799763e-06
7.212870220786214759e+02 -7.471018170224799763e-06
7.212924071082391038e+02 -7.471018170224799763e-06
7.212977921378567316e+02 -7.471018170224799763e-06
7.213031771674744732e+02 -7.471018170224799763e-06
7.213085621970921011e+02 -7.471018170224799763e-06
7.213139472267097290e+02 -7.471018170224799763e-06
7.213193322563273568e+02 -7.471018170224799763e-06
7.213247172859450984e+02 -7.471018170224799763e-06
7.213301023155627263e+02 -7.471018170224799763e-06
7.213354873451803542e+02 -7.471018170224799763e-06
7.213408723747980957e+02 -7.471018170224799763e-06
7.213462574044157236e+02 -7.471018170224799763e-06
7.213516424340333515e+02 -7.471018170224799763e-06
7.213570274636510931e+02 -7.471018170224799763e-06
7.213624124932687209e+02 -7.471018170224799763e-06
7.213677975228863488e+02 -7.471018170224799763e-06
7.213731825525040904e+02 -7.471018170224799763e-06
7.213785675821217183e+02 -7.471018170224799763e-06
7.213839526117393461e+02 -7.471018170224799763e-06
7.213893376413569740e+02 -7.471018170224799763e-06
7.213947226709747156e+02 -7.471018170224799763e-06
7.214001077005923435e+02 -7.471018170224799763e-06
7.214054927302099713e+02 -7.471018170224799763e-06
7.214108777598277129e+02 -7.471018170224799763e-06
7.214162627894453408e+02 -7.471018170224799763e-06
7.214216478190629687e+02 -7.471018170224799763e-06
7.214270328486807102e+02 -7.471018170224799763e-06
7.214324178782983381e+02 -7.471018170224799763e-06
7.214378029079159660e+02 -7.471018170224799763e-06
7.214431879375337076e+02 -7.471018170224799763e-06
7.214485729671513354e+02 -7.471018170224799763e-06
7.214539579967689633e+02 -7.471018170224799763e-06
7.214593430263865912e+02 -7.471018170224799763e-06
7.214647280560043328e+02 -7.471018170224799763e-06
7.214701130856219606e+02 -7.471018170224799763e-06
7.214754981152395885e+02 -7.471018170224799763e-06
7.214808831448573301e+02 -7.471018170224799763e-06
7.214862681744749580e+02 -7.471018170224799763e-06
7.214916532040925858e+02 -7.471018170224799763e-06
7.214970382337103274e+02 -7.471018170224799763e-06
7.215024232633279553e+02 -7.471018170224799763e-06
7.215078082929455832e+02 -7.471018170224799763e-06
7.215131933225633247e+02 -7.471018170224799763e-06
7.215185783521809526e+02 -7.471018170224799763e-06
7.215239633817985805e+02 -7.471018170224799763e-06
7.215293484114162084e+02 -7.471018170224799763e-06
7.215347334410339499e+02 -7.471018170224799763e-06
7.215401184706515778e+02 -7.471018170224799763e-06
7.215455035002692057e+02 -7.471018170224799763e-06
7.215508885298869473e+02 -7.471018170224799763e-06
7.215562735595045751e+02 -7.471018170224799763e-06
7.215616585891222030e+02 -7.471018170224799763e-06
7.215670436187399446e+02 -7.471018170224799763e-06
7.215724286483575725e+02 -7.471018170224799763e-06
7.215778136779752003e+02 -7.471018170224799763e-06
7.215831987075929419e+02 -7.471018170224799763e-06
7.215885837372105698e+02 -7.471018170224799763e-06
7.215939687668281977e+02 -7.471018170224799763e-06
7.215993537964458255e+02 -7.471018170224799763e-06
7.216047388260635671e+02 -7.471018170224799763e-06
7.216101238556811950e+02 -7.471018170224799763e-06
7.216155088852988229e+02 -7.471018170224799763e-06
7.216208939149165644e+02 -7.471018170224799763e-06
7.216262789445341923e+02 -7.471018170224799763e-06
7.216316639741518202e+02 -7.471018170224799763e-06
7.216370490037695618e+02 -7.471018170224799763e-06
7.216424340333871896e+02 -7.471018170224799763e-06
7.216478190630048175e+02 -7.471018170224799763e-06
7.216532040926225591e+02 -7.471018170224799763e-06
7.216585891222401870e+02 -7.471018170224799763e-06
7.216639741518578148e+02 -7.471018170224799763e-06
7.216693591814754427e+02 -7.471018170224799763e-06
7.216747442110931843e+02 -7.471018170224799763e-06
7.216801292407108122e+02 -7.471018170224799763e-06
7.216855142703284400e+02 -7.471018170224799763e-06
7.216908992999461816e+02 -7.471018170224799763e-06
7.216962843295638095e+02 -7.471018170224799763e-06
7.217016693591814374e+02 -7.471018170224799763e-06
7.217070543887991789e+02 -7.471018170224799763e-06
7.217124394184168068e+02 -7.471018170224799763e-06
7.217178244480344347e+02 -7.471018170224799763e-06
7.217232094776521762e+02 -7.471018170224799763e-06
7.217285945072698041e+02 -7.471018170224799763e-06
7.217339795368874320e+02 -7.471018170224799763e-06
7.217393645665050599e+02 -7.471018170224799763e-06
7.217447495961228014e+02 -7.471018170224799763e-06
7.217501346257404293e+02 -7.471018170224799763e-06
7.217555196553580572e+02 -7.471018170224799763e-06
7.217609046849757988e+02 -7.471018170224799763e-06
7.217662897145934267e+02 -7.471018170224799763e-06
7.217716747442110545e+02 -7.471018170224799763e-06
7.217770597738287961e+02 -7.471018170224799763e-06
7.217824448034464240e+02 -7.471018170224799763e-06
7.217878298330640519e+02 -7.471018170224799763e-06
7.217932148626817934e+02 -7.471018170224799763e-06
7.217985998922994213e+02 -7.471018170224799763e-06
7.218039849219170492e+02 -7.471018170224799763e-06
7.218093699515346771e+02 -7.471018170224799763e-06
7.218147549811524186e+02 -7.471018170224799763e-06
7.218201400107700465e+02 -7.471018170224799763e-06
7.218255250403876744e+02 -7.471018170224799763e-06
7.218309100700054159e+02 -7.471018170224799763e-06
7.218362950996230438e+02 -7.471018170224799763e-06
7.218416801292406717e+02 -7.471018170224799763e-06
7.218470651588584133e+02 -7.471018170224799763e-06
7.218524501884760411e+02 -7.471018170224799763e-06
7.218578352180936690e+02 -7.471018170224799763e-06
7.218632202477114106e+02 -7.471018170224799763e-06
7.218686052773290385e+02 -7.471018170224799763e-06
7.218739903069466664e+02 -7.471018170224799763e-06
7.218793753365644079e+02 -7.471018170224799763e-06
7.218847603661820358e+02 -7.471018170224799763e-06
7.218901453957996637e+02 -7.471018170224799763e-06
7.218955304254172916e+02 -7.471018170224799763e-06
7.219009154550350331e+02 -7.471018170224799763e-06
7.219063004846526610e+02 -7.471018170224799763e-06
7.219116855142702889e+02 -7.471018170224799763e-06
7.219170705438880304e+02 -7.471018170224799763e-06
7.219224555735056583e+02 -7.471018170224799763e-06
7.219278406031232862e+02 -7.471018170224799763e-06
7.219332256327410278e+02 -7.471018170224799763e-06
7.219386106623586556e+02 -7.471018170224799763e-06
7.219439956919762835e+02 -7.471018170224799763e-06
7.219493807215940251e+02 -7.471018170224799763e-06
7.219547657512116530e+02 -7.471018170224799763e-06
7.219601507808292808e+02 -7.471018170224799763e-06
7.219655358104469087e+02 -7.471018170224799763e-06
7.219709208400646503e+02 -7.471018170224799763e-06
7.219763058696822782e+02 -7.471018170224799763e-06
7.219816908992999061e+02 -7.471018170224799763e-06
7.219870759289176476e+02 -7.471018170224799763e-06
7.219924609585352755e+02 -7.471018170224799763e-06
7.219978459881529034e+02 -7.471018170224799763e-06
7.220032310177706449e+02 -6.354760770061899807e-06
7.220086160473882728e+02 2.817342397805400074e-06
7.220140010770059007e+02 3.478678560021600170e-06
7.220193861066236423e+02 9.669871876492999004e-07
7.220247711362412701e+02 1.410470212092199991e-06
7.220301561658588980e+02 -2.047338801068600252e-06
7.220355411954765259e+02 5.156363537694499740e-06
7.220409262250942675e+02 7.964769519186700917e-06
7.220463112547118953e+02 9.337500952275001131e-07
7.220516962843295232e+02 -3.629582704821299969e-06
7.220570813139472648e+02 -3.997745899470000100e-08
7.220624663435648927e+02 5.488521262157399362e-06
7.220678513731825205e+02 -2.780299877269100420e-06
7.220732364028002621e+02 -2.804936973119300144e-06
7.220786214324178900e+02 1.113446411858600147e-06
7.220840064620355179e+02 1.247700967686699930e-06
7.220893914916532594e+02 5.654460172190999761e-07
7.220947765212708873e+02 3.447868857604799794e-06
7.221001615508885152e+02 1.736575643483300139e-06
7.221055465805061431e+02 4.720979600952000020e-07
7.221109316101238846e+02 -1.632238852424900024e-06
7.221163166397415125e+02 -5.038035247150500329e-06
7.221217016693591404e+02 -8.413354936562999718e-07
7.221270866989768820e+02 2.789321338015500096e-06
7.221324717285945098e+02 3.786312204889600035e-06
7.221378567582121377e+02 1.172595539070299945e-06
7.221432417878298793e+02 -2.208661657679700167e-06
7.221486268174475072e+02 -5.621680265468299727e-06
7.221540118470651350e+02 -2.214736817041400204e-06
7.221593968766828766e+02 4.564884795025600003e-06
7.221647819063005045e+02 3.764481592004799978e-06
7.221701669359181324e+02 8.323308593585001334e-06
7.221755519655357602e+02 7.914059884800300364e-06
7.221809369951535018e+02 1.203659713158299960e-06
7.221863220247711297e+02 1.011004337540900096e-06
7.221917070543887576e+02 6.260918438514800183e-06
7.221970920840064991e+02 -3.543535282119199893e-06
7.222024771136241270e+02 -1.146378469125299973e-06
7.222078621432417549e+02 3.347262598756700455e-06
7.222132471728594965e+02 2.333562464475500352e-06
7.222186322024771243e+02 -2.738027089036999871e-07
7.222240172320947522e+02 8.363394219702000089e-07
7.222294022617124938e+02 -1.826804544584000199e-06
7.222347872913301217e+02 3.182348096149600405e-06
7.222401723209477495e+02 -5.920338893928000020e-07
7.222455573505653774e+02 -4.713644468791000039e-06
7.222509423801831190e+02 4.755677462314000232e-07
7.222563274098007469e+02 7.680704415866999449e-07
7.222617124394183747e+02 -2.043739863647199970e-06
7.222670974690361163e+02 -3.924285658622499888e-06
7.222724824986537442e+02 6.557692553075800452e-06
7.222778675282713721e+02 2.821179749350899813e-06
7.222832525578891136e+02 -5.409816914797500592e-06
7.222886375875067415e+02 -3.524415191347299843e-06
7.222940226171243694e+02 4.861732641850000425e-07
7.222994076467421110e+02 -3.710666566487400073e-06
7.223047926763597388e+02 -2.060548110850700002e-06
7.223101777059773667e+02 -3.054096199442900386e-06
7.223155627355949946e+02 -4.406372874420000154e-07
7.223209477652127362e+02 3.578984496978100325e-06
7.223263327948303640e+02 -3.818766950547900234e-06
7.223317178244479919e+02 -2.608662598415399954e-06
7.223371028540657335e+02 -7.058683489377999886e-07
7.223424878836833614e+02 -3.827184430391600297e-06
7.223478729133009892e+02 -3.695670703396400157e-06
7.223532579429187308e+02 -6.779017961645399353e-06
7.223586429725363587e+02 -2.938342671010599969e-06
7.223640280021539866e+02 -2.310029769314700059e-06
7.223694130317717281e+02 3.031162790438400326e-06
7.223747980613893560e+02 5.696755622678000309e-06
7.223801830910069839e+02 -2.436291830720800138e-06
7.223855681206246118e+02 -2.897111999665500001e-06
7.223909531502423533e+02 -3.680732651676100150e-06
7.223963381798599812e+02 1.403369830027800063e-06
7.224017232094776091e+02 3.185691172926200038e-06
7.224071082390953507e+02 -1.542006794419300042e-06
7.224124932687129785e+02 -5.606278410070000538e-07
7.224178782983306064e+02 1.434288781919000135e-07
7.224232633279483480e+02 -5.268623587255600616e-06
7.224286483575659759e+02 -6.464991361199500231e-06
7.224340333871836037e+02 -6.493215106254000716e-07
7.224394184168013453e+02 5.998789528622000201e-06
7.224448034464189732e+02 2.812348254900000114e-06
7.224501884760366011e+02 -2.752087345382099977e-06
7.224555735056542289e+02 1.591425946442000230e-07
7.224609585352719705e+02 -2.974339206598000359e-07
7.224663435648895984e+02 -1.888020881152000017e-07
7.224717285945072263e+02 -2.432549736077000274e-07
7.224771136241249678e+02 -1.659516902295799852e-06
7.224824986537425957e+02 -5.901217712035100427e-06
7.224878836833602236e+02 -3.012013354390199783e-06
7.224932687129779652e+02 -4.637486614594900041e-06
7.224986537425955930e+02 -4.880815863414500206e-06
7.225040387722132209e+02 -4.084042832607500219e-06
7.225094238018309625e+02 -4.292660275902800323e-06
7.225148088314485904e+02 -4.231690507968999705e-07
7.225201938610662182e+02 -6.397055904748000232e-07
7.225255788906838461e+02 4.302431923145100510e-06
7.225309639203015877e+02 3.227717808322799852e-06
7.225363489499192156e+02 -3.457183507194999804e-06
7.225417339795368434e+02 -3.602415708391000396e-07
7.225471190091545850e+02 3.077326266431799975e-06
7.225525040387722129e+02 5.514430563893099785e-06
7.225578890683898408e+02 1.846368851592000006e-06
7.225632740980075823e+02 -2.514683364573900016e-06
7.225686591276252102e+02 2.052877285688999887e-07
7.225740441572428381e+02 8.632753302679000213e-06
7.225794291868605796e+02 2.214446170289099872e-06
7.225848142164782075e+02 -6.171378839927400181e-06
7.225901992460958354e+02 -3.857300307084299954e-06
7.225955842757134633e+02 -2.586123332992200037e-06
7.226009693053312049e+02 -1.733229016359399885e-06
7.226063543349488327e+02 -3.229636019840000024e-08
7.226117393645664606e+02 8.184700232591000466e-07
7.226171243941842022e+02 1.940853527954599780e-06
7.226225094238018301e+02 4.963273443441799570e-06
7.226278944534194579e+02 3.900602403546300579e-06
7.226332794830371995e+02 3.334781658712700285e-06
7.226386645126548274e+02 6.299536816997100218e-06
7.226440495422724553e+02 1.158137934865499896e-06
7.226494345718901968e+02 -2.797493192647999875e-06
7.226548196015078247e+02 -7.286163383084000105e-07
7.226602046311254526e+02 1.213761364099399907e-06
7.226655896607430805e+02 2.359586026066399924e-06
7.226709746903608220e+02 -1.599082147909999976e-08
7.226763597199784499e+02 -6.194144337088099810e-06
7.226817447495960778e+02 -6.678095234998999902e-06
7.226871297792138193e+02 1.621990615788900059e-06
7.226925148088314472e+02 -2.159594248292999636e-06
7.226978998384490751e+02 -1.928060414058200045e-06
7.227032848680668167e+02 -3.719515222432800036e-06
7.227086698976844445e+02 -1.351148206267100011e-06
7.227140549273020724e+02 2.925422206291600259e-06
7.227194399569198140e+02 3.311496740878000055e-06
7.227248249865374419e+02 5.612156343621200363e-06
7.227302100161550698e+02 1.936905822521300269e-06
7.227355950457726976e+02 -2.226616610375899988e-06
7.227409800753904392e+02 -5.023987025587499867e-06
7.227463651050080671e+02 -8.021806209353799709e-06
7.227517501346256950e+02 -4.969010005717800246e-06
7.227571351642434365e+02 -7.588344791565299839e-06
7.227625201938610644e+02 -1.001329335398309888e-05
7.227679052234786923e+02 -3.907491955338199930e-06
7.227732902530964338e+02 1.592454871883399973e-06
7.227786752827140617e+02 -3.908419529599000458e-07
7.227840603123316896e+02 -1.925570296636500015e-06
7.227894453419494312e+02 -4.743401149596900746e-06
7.227948303715670590e+02 -6.572538273290199833e-06
7.228002154011846869e+02 -3.547430414607999841e-07
7.228056004308023148e+02 -6.388524879505400893e-06
7.228109854604200564e+02 8.623884606703000063e-07
7.228163704900376842e+02 2.361786661914199893e-06
7.228217555196553121e+02 2.414890868603700147e-06
7.228271405492730537e+02 5.810004382050800245e-06
7.228325255788906816e+02 4.320487915942100396e-06
7.228379106085083095e+02 -1.280679643172300086e-06
7.228432956381260510e+02 5.756278172015000813e-07
7.228486806677436789e+02 -2.077684687695400142e-06
7.228540656973613068e+02 -1.918011464867400037e-06
7.228594507269790483e+02 -8.684838260093000121e-07
7.228648357565966762e+02 1.190423617055100003e-06
7.228702207862143041e+02 2.211200705412800253e-06
7.228756058158319320e+02 4.420480672380500379e-06
7.228809908454496735e+02 3.043245422427900034e-06
7.228863758750673014e+02 5.775322255511699747e-06
7.228917609046849293e+02 6.215650486771000952e-07
7.228971459343026709e+02 -8.568918718095000203e-07
7.229025309639202987e+02 -1.679090349371700058e-06
7.229079159935379266e+02 5.406398540997000788e-06
7.229133010231556682e+02 1.399756888557300056e-06
7.229186860527732961e+02 1.267361403127699953e-06
7.229240710823909239e+02 -1.223871390651499864e-06
7.229294561120086655e+02 -1.769357429349800044e-06
7.229348411416262934e+02 5.358653141373999559e-07
7.229402261712439213e+02 -2.514802879437400198e-06
7.229456112008615492e+02 6.719730889592400380e-06
7.229509962304792907e+02 -1.791910080522899996e-06
7.229563812600969186e+02 -2.744816646600000037e-09
7.229617662897145465e+02 8.436348591926000339e-07
7.229671513193322880e+02 4.252365514408500472e-06
7.229725363489499159e+02 4.357547906679600078e-06
7.229779213785675438e+02 -5.329772598032800617e-06
7.229833064081852854e+02 -1.240743047687800090e-06
7.229886914378029132e+02 -3.789197102735700146e-06
7.229940764674205411e+02 -5.943177509950700206e-06
7.229994614970382827e+02 1.533118527932100000e-06
7.230048465266559106e+02 -1.095483752329000161e-06
7.230102315562735384e+02 3.161298642487299817e-06
7.230156165858911663e+02 -6.577488191673599736e-06
7.230210016155089079e+02 -6.274607325930000274e-07
7.230263866451265358e+02 -2.205653230191899839e-06
7.230317716747441636e+02 5.918396575520799816e-06
7.230371567043619052e+02 -4.735190738532899836e-06
7.230425417339795331e+02 2.537466483649000162e-07
7.230479267635971610e+02 -2.318341596249399969e-06
7.230533117932149025e+02 -1.635560981277100133e-06
7.230586968228325304e+02 -6.076418739476200510e-06
7.230640818524501583e+02 -3.195013551121000070e-07
7.230694668820678999e+02 3.168657759549399992e-06
7.230748519116855277e+02 1.050397561005399917e-06
7.230802369413031556e+02 -2.676245099692700271e-06
7.230856219709207835e+02 -3.135559862502999904e-06
7.230910070005385251e+02 1.937467183820000046e-07
7.230963920301561529e+02 2.810619244586299862e-06
7.231017770597737808e+02 -5.243994770294300307e-06
7.231071620893915224e+02 -4.654492286880000573e-06
7.231125471190091503e+02 1.697506744150900143e-06
7.231179321486267781e+02 6.186329841031799841e-06
7.231233171782445197e+02 -1.222791562200899970e-06
7.231287022078621476e+02 -4.309558011032600223e-06
7.231340872374797755e+02 1.042382385307999979e-05
7.231394722670975170e+02 3.521069846775100091e-06
7.231448572967151449e+02 -1.347278072350400033e-06
7.231502423263327728e+02 2.874493959825100268e-06
7.231556273559504007e+02 -1.327776112473999981e-07
7.231610123855681422e+02 -1.215077419670700123e-06
7.231663974151857701e+02 -7.051993551088400166e-06
7.231717824448033980e+02 1.778459620795000087e-07
7.231771674744211396e+02 2.249552769982100089e-06
7.231825525040387674e+02 -4.226125805327099965e-06
7.231879375336563953e+02 -3.754461761668900118e-06
7.231933225632741369e+02 -2.612009916997999644e-07
7.231987075928917648e+02 3.608523462681700196e-06
7.232040926225093926e+02 -2.915524953975799813e-06
7.232094776521271342e+02 1.118016292276800147e-06
7.232148626817447621e+02 1.509174021481000082e-07
7.232202477113623900e+02 2.859944252881999887e-07
7.232256327409801315e+02 -6.601895392358700311e-06
7.232310177705977594e+02 9.806042378970799704e-06
7.232364028002153873e+02 5.015525835350200159e-06
7.232417878298330152e+02 -2.058117928993999950e-07
7.232471728594507567e+02 7.233529632995200387e-06
7.232525578890683846e+02 4.017649358336599863e-06
7.232579429186860125e+02 2.034095250384799932e-06
7.232633279483037541e+02 -4.627458090800000139e-07
7.232687129779213819e+02 3.327522778252500256e-06
7.232740980075390098e+02 -3.805851338375000265e-06
7.232794830371567514e+02 4.848027308772800208e-06
7.232848680667743793e+02 -4.758074558418599930e-06
7.232902530963920071e+02 8.192084069025599462e-06
7.232956381260097487e+02 -5.243194983827500531e-06
7.233010231556273766e+02 -9.043812127414000028e-07
7.233064081852450045e+02 6.722435919583900218e-06
7.233117932148626323e+02 -1.750201601428700077e-06
7.233171782444803739e+02 -5.924816966630999877e-07
7.233225632740980018e+02 -2.444289785340000024e-06
7.233279483037156297e+02 3.999600166581699632e-06
7.233333333333333712e+02 -6.809034202106199854e-06
7.233387183629509991e+02 -3.564967299088099713e-06
7.233441033925686270e+02 2.890822816408900171e-06
7.233494884221863686e+02 -1.508315330398700046e-06
7.233548734518039964e+02 -4.109507092758000569e-07
7.233602584814216243e+02 -6.030320103835100231e-06
7.233656435110393659e+02 -1.192621935919299971e-06
7.233710285406569938e+02 -3.518640360648400276e-06
7.233764135702746216e+02 -4.280857163087899678e-06
7.233817985998922495e+02 -2.904721227297900148e-06
7.233871836295099911e+02 7.282038887262000039e-06
7.233925686591276190e+02 3.144073914611700221e-06
7.233979536887452468e+02 5.741294086025400321e-06
7.234033387183629884e+02 -2.336864053482100198e-06
7.234087237479806163e+02 -8.787051633614900497e-06
7.234141087775982442e+02 4.390548836035000517e-07
7.234194938072159857e+02 -5.909744613311500055e-06
7.234248788368336136e+02 1.028037399090200089e-06
7.234302638664512415e+02 -3.138912589731000083e-07
7.234356488960689830e+02 -3.392102561858899845e-06
7.234410339256866109e+02 -3.894636772661700374e-06
7.234464189553042388e+02 -1.749160065429700236e-06
7.234518039849218667e+02 -9.935414469501200894e-06
7.234571890145396083e+02 4.988842460251000492e-07
7.234625740441572361e+02 -6.962275605031200190e-06
7.234679590737748640e+02 1.719619562816700103e-06
7.234733441033926056e+02 5.693529555525599564e-06
7.234787291330102335e+02 4.098181086284399990e-06
7.234841141626278613e+02 3.786985263926500229e-06
7.234894991922456029e+02 -3.260503364497100218e-06
7.234948842218632308e+02 -6.177491749008400206e-06
7.235002692514808587e+02 -5.878146243524900204e-06
7.235056542810986002e+02 -4.619873702167699942e-06
7.235110393107162281e+02 -2.515087559381300077e-06
7.235164243403338560e+02 4.363124658284800507e-06
7.235218093699514839e+02 2.656480902210100029e-06
7.235271943995692254e+02 -1.570042094392700166e-06
7.235325794291868533e+02 -8.439938614440900942e-06
7.235379644588044812e+02 2.256084308514700126e-06
7.235433494884222227e+02 3.026426772099999968e-09
7.235487345180398506e+02 6.770978066079999619e-07
7.235541195476574785e+02 4.533795523350200338e-06
7.235595045772752201e+02 7.909220851146999976e-07
7.235648896068928480e+02 3.006693951373900378e-06
7.235702746365104758e+02 1.590918984782700082e-06
7.235756596661282174e+02 1.155768790239700038e-06
7.235810446957458453e+02 3.821598429665800177e-06
7.235864297253634732e+02 6.645895153114000543e-07
7.235918147549811010e+02 1.430396815366400073e-06
7.235971997845988426e+02 8.117565938610599692e-06
7.236025848142164705e+02 7.934769991396200422e-06
7.236079698438340984e+02 4.794629288384599708e-06
7.236133548734518399e+02 -1.930955988059999995e-08
7.236187399030694678e+02 2.191073969830200275e-06
7.236241249326870957e+02 4.734007447385099639e-06
7.236295099623048372e+02 7.841163792648000045e-06
7.236348949919224651e+02 3.976271543223400018e-06
7.236402800215400930e+02 3.652348102817000079e-06
7.236456650511578346e+02 6.856854008133300513e-06
7.236510500807754624e+02 8.829144797459000236e-07
7.236564351103930903e+02 2.412588455264400210e-06
7.236618201400107182e+02 7.892445311368000835e-06
7.236672051696284598e+02 8.287598511909000040e-07
7.236725901992460876e+02 1.011134990676100029e-06
7.236779752288637155e+02 -8.789260076115999979e-07
7.236833602584814571e+02 -4.981716346775600002e-06
7.236887452880990850e+02 -3.632210425738000058e-06
7.236941303177167129e+02 3.072597950656400135e-06
7.236995153473344544e+02 2.782264882609100024e-06
7.237049003769520823e+02 -3.811632247524000248e-06
7.237102854065697102e+02 -9.733996123425999884e-07
7.237156704361874517e+02 7.887830132575101205e-06
7.237210554658050796e+02 1.373816057824400008e-06
7.237264404954227075e+02 2.011301140221999736e-06
7.237318255250403354e+02 4.530432475894499855e-06
7.237372105546580769e+02 -2.258071751868900104e-06
7.237425955842757048e+02 -1.542784490257399903e-06
7.237479806138933327e+02 -9.199362467795000215e-07
7.237533656435110743e+02 1.926953866707000271e-07
7.237587506731287021e+02 -3.533533423492500041e-06
7.237641357027463300e+02 -3.035423019940800287e-06
7.237695207323640716e+02 -3.339372343417999854e-07
7.237749057619816995e+02 5.859763302140999927e-06
7.237802907915993273e+02 2.500442194676800269e-06
7.237856758212170689e+02 8.452600429942000315e-07
7.237910608508346968e+02 2.620291664660000099e-07
7.237964458804523247e+02 -1.051367432470600096e-06
7.238018309100699526e+02 1.561634713141200007e-06
7.238072159396876941e+02 -3.063082510759000207e-06
7.238126009693053220e+02 -1.146311994454499912e-06
7.238179859989229499e+02 2.658447049264199874e-06
7.238233710285406914e+02 2.363974227764600064e-06
7.238287560581583193e+02 1.214998122853800083e-06
7.238341410877759472e+02 -2.276276309285499711e-06
7.238395261173936888e+02 -2.353954119177499928e-06
7.238449111470113166e+02 6.357627099094000393e-07
7.238502961766289445e+02 5.240971771310599859e-06
7.238556812062466861e+02 7.068907903581199879e-06
7.238610662358643140e+02 7.673674480070799748e-06
7.238664512654819418e+02 5.144047406694199850e-06
7.238718362950995697e+02 1.088112610509099848e-06
7.238772213247173113e+02 3.130957464049500220e-06
7.238826063543349392e+02 5.336428406670999360e-06
7.238879913839525670e+02 6.254161238101099713e-06
7.238933764135703086e+02 5.886947259783200471e-06
7.238987614431879365e+02 2.577431754429100408e-06
7.239041464728055644e+02 -1.311579755383700003e-06
7.239095315024233059e+02 -7.835108900167001068e-07
7.239149165320409338e+02 5.531996666035500118e-06
7.239203015616585617e+02 -3.266293287195000186e-07
7.239256865912763033e+02 -5.554911404851499597e-06
7.239310716208939311e+02 -6.103979082640599643e-06
7.239364566505115590e+02 -3.357159350368699834e-06
7.239418416801291869e+02 -6.363360134702000944e-07
7.239472267097469285e+02 2.326567180868599937e-06
7.239526117393645563e+02 8.199258873045999602e-06
7.239579967689821842e+02 5.736107295772599833e-06
7.239633817985999258e+02 1.926707763745700289e-06
7.239687668282175537e+02 1.347249165879799926e-06
7.239741518578351815e+02 -2.988116164198000311e-06
7.239795368874529231e+02 -1.098856781414500023e-06
7.239849219170705510e+02 2.030049270642500162e-06
7.239903069466881789e+02 -2.908786259493000093e-07
7.239956919763059204e+02 -2.755464420130000100e-07
7.240010770059235483e+02 3.343163398857700081e-06
7.240064620355411762e+02 -2.592506445325000229e-07
7.240118470651588041e+02 -2.517025801569999912e-07
7.240172320947765456e+02 2.505052350647600419e-06
7.240226171243941735e+02 2.555184495249199940e-06
7.240280021540118014e+02 5.570505036587900498e-06
7.240333871836295430e+02 5.565179934107000531e-07
7.240387722132471708e+02 -4.246041531855000110e-07
7.240441572428647987e+02 3.883000217367100025e-06
7.240495422724825403e+02 5.782623303996400278e-06
7.240549273021001682e+02 3.813983907755300121e-06
7.240603123317177960e+02 2.006579806965299707e-06
7.240656973613355376e+02 -1.569198806768799984e-06
7.240710823909531655e+02 -4.947080073262300334e-06
7.240764674205707934e+02 -4.299265900210900232e-06
7.240818524501884212e+02 -1.450484405891900064e-06
7.240872374798061628e+02 -3.551418559234599838e-06
7.240926225094237907e+02 6.189896521795000136e-07
7.240980075390414186e+02 2.928643778084499998e-06
7.241033925686591601e+02 3.418815942162600052e-06
7.241087775982767880e+02 1.104770706839100092e-06
7.241141626278944159e+02 -2.465003761276699930e-06
7.241195476575121575e+02 3.297514821508600149e-06
7.241249326871297853e+02 4.480931186105900292e-06
7.241303177167474132e+02 9.872906353212000509e-07
7.241357027463651548e+02 3.688602516592700244e-06
7.241410877759827827e+02 8.466859392343800786e-06
7.241464728056004105e+02 3.134500844643899949e-06
7.241518578352180384e+02 4.321479033222699899e-06
7.241572428648357800e+02 1.192751986209099970e-06
7.241626278944534079e+02 -6.514892217831000640e-07
7.241680129240710357e+02 -8.069029197060400316e-06
7.241733979536887773e+02 -6.961264545663099937e-06
7.241787829833064052e+02 -8.766499997642999584e-07
7.241841680129240331e+02 1.907162723143300098e-06
7.241895530425417746e+02 -3.104769527168599796e-06
7.241949380721594025e+02 -6.280433422365300266e-06
7.242003231017770304e+02 -3.718895227303000023e-06
7.242057081313947720e+02 6.154139444166200163e-06
7.242110931610123998e+02 3.442135296642300180e-06
7.242164781906300277e+02 8.789170975650999788e-07
7.242218632202476556e+02 2.594383895179300162e-06
7.242272482498653972e+02 2.213057745830900323e-06
7.242326332794830250e+02 5.413149402917600272e-06
7.242380183091006529e+02 3.572749209209500261e-06
7.242434033387183945e+02 5.541509921805800336e-06
7.242487883683360224e+02 -3.334896835236500166e-06
7.242541733979536502e+02 2.876612650149999932e-08
7.242595584275713918e+02 2.265869141299199943e-06
7.242649434571890197e+02 -4.782830047018200639e-06
7.242703284868066476e+02 -2.396740470773700134e-06
7.242757135164243891e+02 3.945636247438100532e-06
7.242810985460420170e+02 3.369974843380000194e-07
7.242864835756596449e+02 2.145924471895000006e-06
7.242918686052773865e+02 3.367866971778699959e-06
7.242972536348950143e+02 6.621674787963199891e-06
7.243026386645126422e+02 -8.011350424277699557e-06
7.243080236941302701e+02 -7.755093339723799140e-06
7.243134087237480117e+02 5.597936767419899937e-06
7.243187937533656395e+02 -7.974208505540000091e-07
7.243241787829832674e+02 -3.616417851238000237e-07
7.243295638126010090e+02 3.575562206824000035e-07
7.243349488422186369e+02 -2.383779586267500425e-06
7.243403338718362647e+02 2.995048196987800124e-06
7.243457189014540063e+02 1.153948960930199955e-06
7.243511039310716342e+02 8.055375052796999680e-07
7.243564889606892621e+02 -8.256463825378000545e-07
7.243618739903070036e+02 8.924600180634499974e-06
7.243672590199246315e+02 5.381916606114699673e-06
7.243726440495422594e+02 2.435853483069899884e-06
7.243780290791598873e+02 -1.124820184954699903e-06
7.243834141087776288e+02 -5.680328396177000605e-07
7.243887991383952567e+02 -2.364834312416999990e-06
7.243941841680128846e+02 -5.876733456570000252e-07
7.243995691976306261e+02 2.960380620781800044e-06
7.244049542272482540e+02 -6.966815055064100091e-06
7.244103392568658819e+02 -8.244538427776899636e-06
7.244157242864836235e+02 -2.858890270273500082e-06
7.244211093161012514e+02 7.122112736042700201e-06
7.244264943457188792e+02 2.108422297225999717e-06
7.244318793753366208e+02 -1.441402405780000161e-08
7.244372644049542487e+02 5.913174562325000223e-07
7.244426494345718766e+02 -7.816495074170000106e-07
7.244480344641895044e+02 -1.246272455628000140e-06
7.244534194938072460e+02 -5.939805007884899901e-06
7.244588045234248739e+02 6.916683558036900205e-06
7.244641895530425018e+02 1.824112370642600078e-06
7.244695745826602433e+02 6.159810061275699751e-06
7.244749596122778712e+02 8.171304489152399537e-06
7.244803446418954991e+02 6.476546840907700234e-06
7.244857296715132406e+02 7.826880884759599753e-06
7.244911147011308685e+02 3.492632727604800212e-06
7.244964997307484964e+02 -1.586852588379499946e-06
7.245018847603662380e+02 5.328855532050799926e-06
7.245072697899838658e+02 -1.584858580464700012e-06
7.245126548196014937e+02 -2.600665419868800383e-06
7.245180398492191216e+02 4.049269252315399687e-06
7.245234248788368632e+02 6.992465410767900653e-06
7.245288099084544911e+02 -1.016164933978200091e-06
7.245341949380721189e+02 8.127864022619999816e-07
7.245395799676898605e+02 6.159111797813999668e-07
7.245449649973074884e+02 3.144684849705399860e-06
7.245503500269251163e+02 -1.227041950781799963e-06
7.245557350565428578e+02 6.266661384091699963e-06
7.245611200861604857e+02 -3.467501486606100286e-06
7.245665051157781136e+02 -8.931868601125000154e-07
7.245718901453958551e+02 1.981471226534500257e-06
7.245772751750134830e+02 -2.180906802945200312e-06
7.245826602046311109e+02 -8.747699383014000712e-06
7.245880452342487388e+02 -4.069774422944000591e-06
7.245934302638664803e+02 3.776839827639999848e-08
7.245988152934841082e+02 1.786296780302700055e-06
7.246042003231017361e+02 3.667430572369600042e-06
7.246095853527194777e+02 -6.633736628633999925e-07
7.246149703823371055e+02 1.511289799929399901e-06
7.246203554119547334e+02 7.762457682759999223e-08
7.246257404415724750e+02 -7.454896291152200568e-06
7.246311254711901029e+02 6.193398248058299863e-06
7.246365105008077308e+02 -4.561435922367800061e-06
7.246418955304254723e+02 4.412593657997599909e-06
7.246472805600431002e+02 2.538507379182600087e-06
7.246526655896607281e+02 -1.834378712321300169e-06
7.246580506192783560e+02 -2.163741845657000041e-06
7.246634356488960975e+02 1.418550935864900112e-06
7.246688206785137254e+02 4.139565442849300387e-06
7.246742057081313533e+02 8.022252277421000191e-07
7.246795907377490948e+02 -2.958995820118100154e-06
7.246849757673667227e+02 -1.052503395218000037e-06
7.246903607969843506e+02 -4.691789832003999775e-06
7.246957458266020922e+02 -1.838994366027199909e-06
7.247011308562197200e+02 -2.249864365781600138e-06
7.247065158858373479e+02 4.793477794787399768e-06
7.247119009154550895e+02 3.950383823262700266e-06
7.247172859450727174e+02 -8.699947133525000870e-07
7.247226709746903452e+02 7.487223316436199472e-06
7.247280560043079731e+02 4.575990612575199890e-06
7.247334410339257147e+02 4.301258182358799702e-06
7.247388260635433426e+02 -2.839524656994000211e-07
7.247442110931609704e+02 1.814660765728699950e-06
7.247495961227787120e+02 4.146945995752500825e-06
7.247549811523963399e+02 -3.751991548908000128e-07
7.247603661820139678e+02 1.180549367102699992e-06
7.247657512116317093e+02 4.734825733718499966e-06
7.247711362412493372e+02 2.562811234791200069e-06
7.247765212708669651e+02 6.791666039421199698e-06
7.247819063004847067e+02 1.540874114977500004e-06
7.247872913301023345e+02 -3.890284039217400388e-06
7.247926763597199624e+02 2.194412670531999919e-06
7.247980613893375903e+02 -1.361912352911499943e-06
7.248034464189553319e+02 7.825917341051199770e-06
7.248088314485729597e+02 -6.407027614420300534e-06
7.248142164781905876e+02 -7.990581324894000295e-07
7.248196015078083292e+02 3.951248882215900693e-06
7.248249865374259571e+02 3.285983746426399857e-06
7.248303715670435849e+02 5.310649275087399978e-06
7.248357565966613265e+02 -2.060093499689800134e-06
7.248411416262789544e+02 -1.204575804317999968e-07
7.248465266558965823e+02 6.564086606388999544e-07
7.248519116855143238e+02 2.229949738656900132e-06
7.248572967151319517e+02 -4.943681294066000493e-07
7.248626817447495796e+02 2.580115807521200054e-06
7.248680667743672075e+02 -9.219271917580000159e-07
7.248734518039849490e+02 -3.927116628906000019e-07
7.248788368336025769e+02 3.199715233460800038e-06
7.248842218632202048e+02 2.259681899718099950e-06
7.248896068928379464e+02 5.954012833037999535e-07
7.248949919224555742e+02 5.091890429156800427e-06
7.249003769520732021e+02 1.824366549236000107e-07
7.249057619816909437e+02 2.679620549271600309e-06
7.249111470113085716e+02 2.828818387219599876e-06
7.249165320409261994e+02 1.399946075200900004e-06
7.249219170705439410e+02 -1.079853424762700075e-06
7.249273021001615689e+02 1.762221804485599905e-06
7.249326871297791968e+02 2.611507974061000056e-07
7.249380721593968246e+02 5.185359252145099641e-06
7.249434571890145662e+02 2.140422046051799885e-06
7.249488422186321941e+02 1.620411891377199885e-06
7.249542272482498220e+02 -9.069948972939599627e-06
7.249596122778675635e+02 -9.576199507132001521e-07
7.249649973074851914e+02 3.523626298136600076e-06
7.249703823371028193e+02 -2.061479749752599994e-06
7.249757673667205609e+02 3.444485690336899928e-06
7.249811523963381887e+02 3.774686053061900066e-06
7.249865374259558166e+02 2.882726980254499926e-06
7.249919224555735582e+02 4.528239690734199571e-06
7.249973074851911861e+02 3.533702305006799916e-06
7.250026925148088139e+02 9.663144840888999080e-07
7.250080775444264418e+02 -6.080812460709000422e-07
7.250134625740441834e+02 -2.567934467507500423e-06
7.250188476036618113e+02 -2.258602181788599994e-06
7.250242326332794391e+02 -3.432839755706600269e-06
7.250296176628971807e+02 1.520119983558600044e-06
7.250350026925148086e+02 1.007611218796540096e-05
7.250403877221324365e+02 5.105345721535399575e-06
7.250457727517501780e+02 8.232940296457199629e-06
7.250511577813678059e+02 4.864790653115100204e-06
7.250565428109854338e+02 1.074879725282400052e-06
7.250619278406031754e+02 -6.688152983909000599e-07
7.250673128702208032e+02 -1.747518631765500022e-06
7.250726978998384311e+02 6.311426857148800558e-06
7.250780829294560590e+02 1.133288443443399853e-06
7.250834679590738006e+02 2.549054837509299995e-06
7.250888529886914284e+02 7.804967224197000094e-07
7.250942380183090563e+02 -2.111342315429200368e-06
7.250996230479267979e+02 4.945710114446000523e-07
7.251050080775444258e+02 -5.314728067626999597e-06
7.251103931071620536e+02 -1.655218775238800053e-06
7.251157781367797952e+02 3.536765001989500239e-06
7.251211631663974231e+02 1.897181018456399972e-06
7.251265481960150510e+02 -4.626607121817799922e-06
7.251319332256327925e+02 -5.498745470836900269e-06
7.251373182552504204e+02 -3.132862266363500190e-06
7.251427032848680483e+02 -5.641441517468500317e-06
7.251480883144856762e+02 -1.443724816271499960e-06
7.251534733441034177e+02 4.826232254309000752e-07
7.251588583737210456e+02 -8.384627588506000189e-07
7.251642434033386735e+02 -1.183048319037000026e-07
7.251696284329564151e+02 -3.293842959743299998e-06
7.251750134625740429e+02 -6.656409749534300782e-06
7.251803984921916708e+02 -3.863048727345400078e-06
7.251857835218094124e+02 -3.660786669402599829e-06
7.251911685514270403e+02 -5.906483307347000406e-06
7.251965535810446681e+02 -2.078426350271299946e-06
7.252019386106624097e+02 4.693388166847599916e-06
7.252073236402800376e+02 9.427912402802000724e-07
7.252127086698976655e+02 -2.982435129403300208e-06
7.252180936995152933e+02 -3.391094116391300279e-06
7.252234787291330349e+02 -3.603476415689500056e-06
7.252288637587506628e+02 -5.365397547277299963e-06
7.252342487883682907e+02 -6.582752074981700492e-06
7.252396338179860322e+02 -4.483002277429500552e-06
7.252450188476036601e+02 -6.537281824937100710e-06
7.252504038772212880e+02 -5.794743245282399764e-06
7.252557889068390296e+02 -2.367971461712700034e-06
7.252611739364566574e+02 2.169592271026000067e-06
7.252665589660742853e+02 1.686763113058600083e-06
7.252719439956920269e+02 -1.378262881623000068e-06
7.252773290253096548e+02 3.667842156625900053e-06
7.252827140549272826e+02 2.476019605714000026e-06
7.252880990845449105e+02 -1.547910758613399971e-06
7.252934841141626521e+02 2.672215477570700029e-06
7.252988691437802800e+02 1.867976549473700109e-06
7.253042541733979078e+02 1.684963619074500168e-06
7.253096392030156494e+02 4.982487803746400411e-06
7.253150242326332773e+02 7.526199424061000205e-07
7.253204092622509052e+02 6.076792950713999900e-07
7.253257942918686467e+02 1.746918899502999933e-06
7.253311793214862746e+02 -6.020454647658000303e-07
7.253365643511039025e+02 2.188548232848599891e-06
7.253419493807216440e+02 -1.161528829117499867e-06
7.253473344103392719e+02 1.151431958959000052e-07
7.253527194399568998e+02 1.143232023150000112e-08
7.253581044695745277e+02 -6.363921136991500958e-06
7.253634894991922692e+02 -4.671602170937499791e-06
7.253688745288098971e+02 -5.253749273060100059e-06
7.253742595584275250e+02 -8.525046136358299358e-06
7.253796445880452666e+02 -5.185848594283599608e-06
7.253850296176628945e+02 6.924146053490200409e-06
7.253904146472805223e+02 8.605007560971000548e-06
7.253957996768982639e+02 5.002092571252000119e-06
7.254011847065158918e+02 9.108240871674999730e-07
7.254065697361335197e+02 -3.285383122176200109e-06
7.254119547657512612e+02 2.053482027813099996e-06
7.254173397953688891e+02 6.097921758295399389e-06
7.254227248249865170e+02 5.028373393311700019e-06
7.254281098546041449e+02 3.092343474005700072e-06
7.254334948842218864e+02 9.464967549559000168e-07
7.254388799138395143e+02 -6.143795713395000220e-07
7.254442649434571422e+02 1.335735588049000067e-07
7.254496499730748837e+02 -3.712559997727499957e-06
7.254550350026925116e+02 -4.186307814293299367e-06
7.254604200323101395e+02 -2.346092077414400099e-06
7.254658050619278811e+02 -6.281469852845000946e-07
7.254711900915455089e+02 4.142096124635600429e-06
7.254765751211631368e+02 1.319378943574900085e-06
7.254819601507808784e+02 -5.402960193126999991e-07
7.254873451803985063e+02 -2.016562545884200191e-06
7.254927302100161342e+02 -9.145727472192000849e-07
7.254981152396337620e+02 3.725700448485000160e-07
7.255035002692515036e+02 2.987844279415599902e-06
7.255088852988691315e+02 1.201237025247100034e-06
7.255142703284867594e+02 2.288676139103499962e-06
7.255196553581045009e+02 5.382984885254000488e-07
7.255250403877221288e+02 1.922190100337300035e-06
7.255304254173397567e+02 -2.003503954671100085e-06
7.255358104469574982e+02 -4.856002805917599769e-06
7.255411954765751261e+02 1.273925960050400084e-06
7.255465805061927540e+02 -1.423288677007000092e-07
7.255519655358104956e+02 -2.375002943863200166e-06
7.255573505654281234e+02 -2.567130571712200118e-06
7.255627355950457513e+02 -3.638555508810600104e-06
7.255681206246633792e+02 -3.428076206482600123e-06
7.255735056542811208e+02 -3.109230602371199976e-06
7.255788906838987486e+02 -6.625443712093999778e-06
7.255842757135163765e+02 1.183872400820000092e-08
7.255896607431341181e+02 -2.194569150752500077e-06
7.255950457727517460e+02 3.877673071320000143e-06
7.256004308023693739e+02 1.331436890049399872e-06
7.256058158319871154e+02 -2.770526584215900086e-06
7.256112008616047433e+02 5.874675467694999957e-07
7.256165858912223712e+02 2.905549946448900023e-06
7.256219709208401127e+02 -3.339890273994399914e-06
7.256273559504577406e+02 3.731099306040099780e-06
7.256327409800753685e+02 7.080751146308999797e-07
7.256381260096929964e+02 1.003734129861799959e-06
7.256435110393107379e+02 4.734077869283099795e-06
7.256488960689283658e+02 -8.333935318231000022e-07
7.256542810985459937e+02 -4.521325851294499895e-06
7.256596661281637353e+02 -2.081322649690299856e-06
7.256650511577813631e+02 -1.785592845415500035e-06
7.256704361873989910e+02 -2.152692239773699863e-06
7.256758212170167326e+02 -2.514277518937600021e-06
7.256812062466343605e+02 -5.549050737829300599e-06
7.256865912762519883e+02 -3.643436567840400157e-06
7.256919763058697299e+02 -4.500827607186200762e-06
7.256973613354873578e+02 1.191291317721600161e-06
7.257027463651049857e+02 6.637952632353999557e-07
7.257081313947226135e+02 3.121957319627000258e-06
7.257135164243403551e+02 2.242442769126999826e-06
7.257189014539579830e+02 7.110752876317199770e-06
7.257242864835756109e+02 5.713146471022000091e-06
7.257296715131933524e+02 4.349285897893300424e-06
7.257350565428109803e+02 3.716762127035199808e-06
7.257404415724286082e+02 5.245407732196999206e-07
7.257458266020463498e+02 -5.598208920968900017e-06
7.257512116316639776e+02 5.109981517128999695e-06
7.257565966612816055e+02 3.607611541088799785e-06
7.257619816908993471e+02 2.637943985145500327e-06
7.257673667205169750e+02 -1.641759080123699953e-06
7.257727517501346028e+02 1.268115510415900080e-06
7.257781367797523444e+02 2.131629647817000256e-06
7.257835218093699723e+02 7.787157641111000844e-07
7.257889068389876002e+02 -1.989625159805300347e-06
7.257942918686052280e+02 -1.077822586843699935e-06
7.257996768982229696e+02 7.621400109930000743e-07
7.258050619278405975e+02 -1.472725352944300024e-06
7.258104469574582254e+02 4.247475329040999747e-07
7.258158319870759669e+02 -3.970741186688900426e-06
7.258212170166935948e+02 -6.599589280670000056e-06
7.258266020463112227e+02 4.231190613040999967e-07
7.258319870759289643e+02 -9.325937410069801348e-06
7.258373721055465921e+02 -4.390148848305400129e-06
7.258427571351642200e+02 -2.624165024593299967e-06
7.258481421647819616e+02 -1.896262300075400113e-06
7.258535271943995895e+02 -2.915472858244999924e-06
7.258589122240172173e+02 1.803353287531699969e-06
7.258642972536348452e+02 4.771805325342800521e-06
7.258696822832525868e+02 -2.066233539316399860e-06
7.258750673128702147e+02 -4.802492807987400736e-06
7.258804523424878425e+02 -4.756775435638699972e-06
7.258858373721055841e+02 6.402738129944000697e-07
7.258912224017232120e+02 -6.708538107675999498e-07
7.258966074313408399e+02 2.310977203159000237e-07
7.259019924609585814e+02 4.537073238832500246e-06
7.259073774905762093e+02 1.073249926397100059e-06
7.259127625201938372e+02 3.908891181708000166e-07
7.259181475498115788e+02 5.951873841502299863e-06
7.259235325794292066e+02 1.257969592431800122e-06
7.259289176090468345e+02 2.738312180113299796e-06
7.259343026386644624e+02 1.231137917721000016e-07
7.259396876682822040e+02 8.099253652419599489e-06
7.259450726978998318e+02 3.343757540291000071e-06
7.259504577275174597e+02 -6.874101589788600921e-06
7.259558427571352013e+02 -8.349376133017801012e-06
7.259612277867528292e+02 -2.179050948281200081e-06
7.259666128163704570e+02 4.651572482614999692e-06
7.259719978459881986e+02 -1.555118545259999921e-06
7.259773828756058265e+02 3.851211406406100363e-06
7.259827679052234544e+02 4.216149180335100059e-06
7.259881529348411959e+02 -2.525904349705100116e-06
7.259935379644588238e+02 -1.367575026615999924e-06
7.259989229940764517e+02 4.555683080863000038e-07
7.260043080236940796e+02 3.152288667032999928e-07
7.260096930533118211e+02 1.620588820358400064e-06
7.260150780829294490e+02 -1.043458010853930022e-05
7.260204631125470769e+02 2.738974367835599942e-06
7.260258481421648185e+02 1.477323126900529999e-05
7.260312331717824463e+02 -8.580849304271000133e-07
7.260366182014000742e+02 -9.638047575329601041e-06
7.260420032310178158e+02 4.552310961308800125e-06
7.260473882606354437e+02 -7.396239439503300238e-06
7.260527732902530715e+02 -9.397024922782999977e-07
7.260581583198708131e+02 -3.583557960146000264e-07
7.260635433494884410e+02 -2.406562082882300282e-06
7.260689283791060689e+02 3.412077705753999961e-07
7.260743134087236967e+02 -1.001163098777960051e-05
7.260796984383414383e+02 -1.006172853979430094e-05
7.260850834679590662e+02 1.094311833084700001e-06
7.260904684975766941e+02 -1.243593071022000149e-07
7.260958535271944356e+02 1.116838958813540034e-05
7.261012385568120635e+02 -1.555752561614799982e-06
7.261066235864296914e+02 5.125662011942900404e-06
7.261120086160474330e+02 1.549060016945799881e-06
7.261173936456650608e+02 -2.299530502873299935e-06
7.261227786752826887e+02 1.174571276550800047e-06
7.261281637049004303e+02 -5.317036823763599713e-06
7.261335487345180582e+02 4.679702095390400806e-06
7.261389337641356860e+02 -3.196342758637300064e-06
7.261443187937533139e+02 -1.174023409951610139e-05
7.261497038233710555e+02 -1.910516333210300093e-06
7.261550888529886834e+02 -4.538346989795099995e-06
7.261604738826063112e+02 2.139501126083400210e-06
7.261658589122240528e+02 -2.292007701495200150e-06
7.261712439418416807e+02 5.566301597989299903e-06
7.261766289714593086e+02 8.938961984124799761e-06
7.261820140010770501e+02 3.940568809335800126e-06
7.261873990306946780e+02 -1.179553599399599893e-06
7.261927840603123059e+02 2.953966396523899701e-06
7.261981690899300474e+02 -7.006031362565799771e-06
7.262035541195476753e+02 2.579326047237299837e-06
7.262089391491653032e+02 3.866770542339200328e-06
7.262143241787829311e+02 -3.924241943651800165e-06
7.262197092084006727e+02 -2.433785224961000036e-06
7.262250942380183005e+02 1.587342442228900108e-06
7.262304792676359284e+02 2.870900396254999976e-07
7.262358642972536700e+02 -6.328066138109000658e-06
7.262412493268712979e+02 2.405554261376099876e-06
7.262466343564889257e+02 3.538141378840300325e-06
7.262520193861066673e+02 -2.753734441852700331e-06
7.262574044157242952e+02 1.577276041728600097e-06
7.262627894453419231e+02 5.803012650436200056e-06
7.262681744749596646e+02 8.487412473373900752e-06
7.262735595045772925e+02 -2.861806895769899997e-06
7.262789445341949204e+02 8.490310413346000279e-07
7.262843295638125483e+02 4.940375611287800513e-06
7.262897145934302898e+02 1.400834761819900143e-06
7.262950996230479177e+02 -3.731345091151300358e-06
7.263004846526655456e+02 -1.087786353221399941e-06
7.263058696822832871e+02 4.921979988104000070e-07
7.263112547119009150e+02 7.693366414322500420e-06
7.263166397415185429e+02 1.384089706648200162e-06
7.263220247711362845e+02 -1.288771451612599997e-06
7.263274098007539124e+02 -1.229052648731999925e-06
7.263327948303715402e+02 -4.538741873032599771e-06
7.263381798599892818e+02 -5.058973715997099888e-06
7.263435648896069097e+02 -4.421721728633499746e-06
7.263489499192245376e+02 -4.216216795961899520e-06
7.263543349488421654e+02 1.130991339685599987e-06
7.263597199784599070e+02 1.780685891736399978e-06
7.263651050080775349e+02 -1.336441618007699967e-06
7.263704900376951628e+02 -8.549343944913999997e-06
7.263758750673129043e+02 6.747270982842000039e-07
7.263812600969305322e+02 6.431565142188700669e-06
7.263866451265481601e+02 -3.801495560004500214e-06
7.263920301561659016e+02 9.166366993851001125e-07
7.263974151857835295e+02 -9.773076156924000270e-07
7.264028002154011574e+02 -2.645005924714300320e-06
7.264081852450188990e+02 5.897834087207200539e-06
7.264135702746365268e+02 4.002745736217599922e-06
7.264189553042541547e+02 1.060187522844199917e-06
7.264243403338717826e+02 -3.162683785143500259e-06
7.264297253634895242e+02 -1.913413473663999958e-06
7.264351103931071520e+02 -3.222727738038499878e-06
7.264404954227247799e+02 2.388471526784800089e-06
7.264458804523425215e+02 3.299973683905999776e-07
7.264512654819601494e+02 5.022118427188600130e-06
7.264566505115777773e+02 3.572553273717700029e-06
7.264620355411955188e+02 -3.869469451712299870e-06
7.264674205708131467e+02 -6.148465354135000515e-07
7.264728056004307746e+02 2.249692944188000295e-06
7.264781906300485161e+02 5.919778461060200494e-06
7.264835756596661440e+02 6.233320528215999784e-07
7.264889606892837719e+02 -3.061223502674399939e-06
7.264943457189013998e+02 -1.703443180619499999e-06
7.264997307485191413e+02 -1.300212102937600167e-06
7.265051157781367692e+02 1.981460749871199883e-06
7.265105008077543971e+02 1.637398946718400167e-06
7.265158858373721387e+02 -2.409441394242700121e-06
7.265212708669897665e+02 -6.607173320183000432e-06
7.265266558966073944e+02 6.944758620099999983e-08
7.265320409262251360e+02 -2.963479001749000041e-07
7.265374259558427639e+02 3.337265937505800011e-06
7.265428109854603917e+02 3.978757853481600303e-06
7.265481960150781333e+02 5.652162249538899754e-06
7.265535810446957612e+02 4.016462262471999694e-07
7.265589660743133891e+02 -5.827528914499099939e-06
7.265643511039310170e+02 -2.111216836932499722e-06
7.265697361335487585e+02 -1.701854718203800175e-06
7.265751211631663864e+02 2.135094998044100308e-06
7.265805061927840143e+02 3.870478893949500244e-06
7.265858912224017558e+02 -2.833687358503600219e-06
7.265912762520193837e+02 -1.939796272522599921e-06
7.265966612816370116e+02 1.606292905696799976e-06
7.266020463112547532e+02 5.757905127781999272e-07
7.266074313408723810e+02 -1.323512143488999971e-06
7.266128163704900089e+02 5.063747288900500122e-06
7.266182014001077505e+02 -1.745233933200000014e-09
7.266235864297253784e+02 1.747033556413999929e-07
7.266289714593430062e+02 6.125709607085899599e-06
7.266343564889606341e+02 4.835697003177400421e-06
7.266397415185783757e+02 6.405313853901200348e-06
7.266451265481960036e+02 5.898622260107599879e-06
7.266505115778136314e+02 -1.624704734287200183e-06
7.266558966074313730e+02 -2.497481456598100004e-06
7.266612816370490009e+02 2.861416126763500343e-06
7.266666666666666288e+02 2.919099769790300417e-06
7.266720516962843703e+02 1.883129268959000214e-07
7.266774367259019982e+02 1.445605790686099877e-06
7.266828217555196261e+02 3.130215034704599929e-06
7.266882067851373677e+02 -3.421954338831100019e-06
7.266935918147549955e+02 -7.621060450209999448e-07
7.266989768443726234e+02 3.732541272023700034e-06
7.267043618739902513e+02 -2.515105155711900303e-06
7.267097469036079929e+02 1.189440582939999990e-08
7.267151319332256207e+02 8.193969026522999969e-07
7.267205169628432486e+02 4.356815331042100260e-06
7.267259019924609902e+02 4.286901595559900161e-06
7.267312870220786181e+02 2.726567790627200071e-06
7.267366720516962459e+02 4.199959392447200039e-06
7.267420570813139875e+02 4.238575077694999926e-07
7.267474421109316154e+02 -2.398121716681600174e-06
7.267528271405492433e+02 -7.519805491880000419e-08
7.267582121701669848e+02 3.341257777304000263e-06
7.267635971997846127e+02 2.478290442350999661e-07
7.267689822294022406e+02 1.387553218359000072e-06
7.267743672590198685e+02 4.389458889480100305e-06
7.267797522886376100e+02 2.704853658696300005e-06
7.267851373182552379e+02 3.810210325954100067e-06
7.267905223478728658e+02 2.731262355382600051e-06
7.267959073774906074e+02 2.381072710715300116e-06
7.268012924071082352e+02 3.663651052736500301e-06
7.268066774367258631e+02 2.257596044625000031e-06
7.268120624663436047e+02 2.500655739881300196e-06
7.268174474959612326e+02 -2.326124949541399987e-06
7.268228325255788604e+02 -3.674647608218699934e-06
7.268282175551966020e+02 9.875425662829500690e-06
7.268336025848142299e+02 1.454742292140850056e-05
7.268389876144318578e+02 9.310838336254500378e-06
7.268443726440495993e+02 1.039219478080680091e-05
7.268497576736672272e+02 1.010326283426620040e-05
7.268551427032848551e+02 6.661653370647799933e-06
7.268605277329024830e+02 5.576770282096799877e-06
7.268659127625202245e+02 6.628937440978400601e-06
7.268712977921378524e+02 3.586791746770700065e-06
7.268766828217554803e+02 6.440966768383200649e-06
7.268820678513732219e+02 4.433594808623100314e-06
7.268874528809908497e+02 2.180392236165099972e-06
7.268928379106084776e+02 3.966943018075400399e-06
7.268982229402262192e+02 6.023110827816500350e-06
7.269036079698438471e+02 4.061529362772300489e-06
7.269089929994614749e+02 4.966348828053099525e-06
7.269143780290792165e+02 2.878306599674400375e-06
7.269197630586968444e+02 -1.865299920013799948e-06
7.269251480883144723e+02 1.948906408904800216e-06
7.269305331179321001e+02 6.857034418467299472e-06
7.269359181475498417e+02 1.195130598283800117e-06
7.269413031771674696e+02 -6.589052410030000158e-08
7.269466882067850975e+02 4.677416646906999731e-07
7.269520732364028390e+02 1.652454284416700008e-06
7.269574582660204669e+02 3.380071479510100211e-06
7.269628432956380948e+02 3.637302204370699992e-06
7.269682283252558364e+02 1.439386301422200081e-06
7.269736133548734642e+02 -2.381230842610000021e-07
7.269789983844910921e+02 1.202044779864699944e-06
7.269843834141088337e+02 1.452558343621500105e-06
7.269897684437264616e+02 -3.197792669699600182e-06
7.269951534733440894e+02 -4.456691460140999938e-07
7.270005385029617173e+02 2.285567202887999708e-06
7.270059235325794589e+02 1.632716543080600087e-06
7.270113085621970868e+02 -1.076255250007000044e-07
7.270166935918147146e+02 4.272282392409699910e-06
7.270220786214324562e+02 7.917106090973000977e-06
7.270274636510500841e+02 1.436292525908800078e-06
7.270328486806677120e+02 1.241487856333500045e-06
7.270382337102854535e+02 2.300339317198099858e-06
7.270436187399030814e+02 4.697527635390000122e-06
7.270490037695207093e+02 2.562711163402600252e-06
7.270543887991384508e+02 -8.668690783400000938e-09
7.270597738287560787e+02 6.691857241075000155e-06
7.270651588583737066e+02 3.739087025725900209e-06
7.270705438879913345e+02 -2.069741966559900042e-06
7.270759289176090761e+02 -2.763253389860500013e-06
7.270813139472267039e+02 -2.647675676490999946e-06
7.270866989768443318e+02 1.241121985396199965e-06
7.270920840064620734e+02 6.728697145393399972e-06
7.270974690360797013e+02 5.553174196051200213e-06
7.271028540656973291e+02 9.043196777372000712e-07
7.271082390953150707e+02 -1.748546017353799972e-06
7.271136241249326986e+02 2.844923531868999778e-07
7.271190091545503265e+02 4.540182063104700056e-06
7.271243941841680680e+02 -1.727511498916900006e-06
7.271297792137856959e+02 -6.167150298766100564e-06
7.271351642434033238e+02 -3.377928975311500238e-06
7.271405492730209517e+02 -3.215082594779999846e-08
7.271459343026386932e+02 3.407740811450100097e-06
7.271513193322563211e+02 3.270261843681900087e-06
7.271567043618739490e+02 -2.374580283654799924e-06
7.271620893914916905e+02 2.357912542401600216e-06
7.271674744211093184e+02 5.569752977115800006e-06
7.271728594507269463e+02 3.768953504894999829e-07
7.271782444803446879e+02 1.717399040682099934e-06
7.271836295099623158e+02 4.536580935490699619e-06
7.271890145395799436e+02 3.535063726223400454e-06
7.271943995691976852e+02 3.992471182790600398e-06
7.271997845988153131e+02 3.607556986943000103e-07
7.272051696284329410e+02 -2.408285933310999996e-06
7.272105546580505688e+02 -1.238254779860900185e-06
7.272159396876683104e+02 9.253507481947000764e-07
7.272213247172859383e+02 4.429100031074100436e-06
7.272267097469035662e+02 -2.646488535516900171e-06
7.272320947765213077e+02 -1.762334445208799931e-06
7.272374798061389356e+02 1.023247212447199891e-06
7.272428648357565635e+02 1.221774848516900081e-06
7.272482498653743050e+02 1.966345748994899975e-06
7.272536348949919329e+02 -2.209993656188700179e-06
7.272590199246095608e+02 -2.460550190130499978e-06
7.272644049542273024e+02 2.411447803573399994e-06
7.272697899838449302e+02 2.402789323290199857e-06
7.272751750134625581e+02 3.896407779213800464e-06
7.272805600430801860e+02 6.451703624523300355e-06
7.272859450726979276e+02 7.092968805343700478e-06
7.272913301023155555e+02 6.107537931779200882e-06
7.272967151319331833e+02 2.064747257291000404e-06
7.273021001615509249e+02 3.830992259820299969e-06
7.273074851911685528e+02 2.112551080958199987e-06
7.273128702207861807e+02 6.528891890279500001e-06
7.273182552504039222e+02 8.162480918717700135e-06
7.273236402800215501e+02 8.386294327328000097e-07
7.273290253096391780e+02 5.920058536390099981e-06
7.273344103392569195e+02 9.376615330816500437e-06
7.273397953688745474e+02 5.070053410462799469e-06
7.273451803984921753e+02 5.229554447993099872e-06
7.273505654281098032e+02 -9.346310314420999859e-07
7.273559504577275447e+02 -1.529056286971399972e-06
7.273613354873451726e+02 3.860019226318699921e-06
7.273667205169628005e+02 4.976685311639099813e-06
7.273721055465805421e+02 4.629768802493000525e-06
7.273774905761981699e+02 6.520288614013499644e-06
7.273828756058157978e+02 6.117315001927099966e-06
7.273882606354335394e+02 -4.194291635073599600e-06
7.273936456650511673e+02 -2.705161331590300195e-06
7.273990306946687951e+02 2.417318570304000069e-06
7.274044157242865367e+02 6.565998253616999996e-07
7.274098007539041646e+02 1.187165366787200003e-06
7.274151857835217925e+02 1.304467488870499969e-06
7.274205708131394204e+02 3.045013393957900084e-06
7.274259558427571619e+02 2.887019248146000103e-06
7.274313408723747898e+02 4.265496917178999879e-06
7.274367259019924177e+02 7.489251641067800582e-06
7.274421109316101592e+02 -6.692931317139000758e-07
7.274474959612277871e+02 1.993656524199399937e-06
7.274528809908454150e+02 5.183834196382000198e-07
7.274582660204631566e+02 3.212003793373100236e-06
7.274636510500807844e+02 2.894012227781600225e-06
7.274690360796984123e+02 2.476909767533999975e-06
7.274744211093161539e+02 -3.432885503159700250e-06
7.274798061389337818e+02 -1.075479521840399887e-06
7.274851911685514096e+02 4.218986867199800328e-06
7.274905761981690375e+02 -4.536359114432400168e-06
7.274959612277867791e+02 -4.874417641921999824e-06
7.275013462574044070e+02 2.532870614258000147e-06
7.275067312870220348e+02 2.582528008562200124e-06
7.275121163166397764e+02 -4.741198355789999690e-08
7.275175013462574043e+02 2.358443558513000029e-07
7.275228863758750322e+02 2.684533736328700311e-06
7.275282714054927737e+02 -3.708440861513599942e-06
7.275336564351104016e+02 -2.852513640163499950e-06
7.275390414647280295e+02 3.324220800141100377e-06
7.275444264943457711e+02 -4.000713688132899654e-06
7.275498115239633989e+02 -1.527727162468799978e-06
7.275551965535810268e+02 4.079698337109600438e-06
7.275605815831986547e+02 -3.163703967420999916e-07
7.275659666128163963e+02 -1.975165510910200207e-06
7.275713516424340241e+02 -4.700101586809599745e-06
7.275767366720516520e+02 2.643099120284999728e-07
7.275821217016693936e+02 -9.494803750848199706e-06
7.275875067312870215e+02 6.306569699495999821e-07
7.275928917609046493e+02 5.801670916903900017e-06
7.275982767905223909e+02 3.859480640902200342e-06
7.276036618201400188e+02 -8.165603920948000798e-07
7.276090468497576467e+02 -5.834830079949000017e-07
7.276144318793753882e+02 8.483483990545700039e-06
7.276198169089930161e+02 6.948620099899699777e-06
7.276252019386106440e+02 6.280563475960100217e-06
7.276305869682282719e+02 8.861086666789000471e-07
7.276359719978460134e+02 -5.861325952052700077e-06
7.276413570274636413e+02 -1.569747790067300064e-06
7.276467420570812692e+02 -1.670079277716600045e-06
7.276521270866990108e+02 -4.724730346037700186e-06
7.276575121163166386e+02 -7.597493700881099886e-06
7.276628971459342665e+02 -1.196286362027899954e-06
7.276682821755520081e+02 1.791843012136499892e-06
7.276736672051696360e+02 -3.934770889442800625e-06
7.276790522347872638e+02 1.148280749092799897e-06
7.276844372644050054e+02 7.645941408865100371e-06
7.276898222940226333e+02 1.850588119532200021e-06
7.276952073236402612e+02 2.908686717792200042e-06
7.277005923532578890e+02 -1.402784611028900039e-06
7.277059773828756306e+02 -9.531918901763198723e-06
7.277113624124932585e+02 -1.562994633936499975e-06
7.277167474421108864e+02 -5.142022221481900012e-06
7.277221324717286279e+02 3.823545029233700284e-06
7.277275175013462558e+02 4.433931324413000174e-07
7.277329025309638837e+02 6.421935824247300391e-06
7.277382875605816253e+02 3.302412598591899944e-06
7.277436725901992531e+02 2.114443723404100287e-06
7.277490576198168810e+02 -1.165081184009270021e-05
7.277544426494346226e+02 -2.433210410308000363e-06
7.277598276790522505e+02 3.201719218197000092e-07
7.277652127086698783e+02 4.099437497640700856e-06
7.277705977382875062e+02 -4.896040572286599960e-06
7.277759827679052478e+02 7.462103057768999469e-07
7.277813677975228757e+02 3.146316948231000197e-06
7.277867528271405035e+02 3.900430705983400020e-06
7.277921378567582451e+02 7.626511486442599393e-06
7.277975228863758730e+02 3.874710133623000096e-06
7.278029079159935009e+02 -1.716017494992300049e-06
7.278082929456112424e+02 2.110396104567700116e-06
7.278136779752288703e+02 4.613699285777800101e-06
7.278190630048464982e+02 2.652644704617200065e-06
7.278244480344642398e+02 -3.644721039797600315e-06
7.278298330640818676e+02 1.051520077853000079e-07
7.278352180936994955e+02 6.922349257208300696e-06
7.278406031233171234e+02 2.154533249384299791e-06
7.278459881529348650e+02 -2.398974549556699836e-06
7.278513731825524928e+02 -4.285277725553900104e-06
7.278567582121701207e+02 5.112682423738900365e-06
7.278621432417878623e+02 -1.792768687012800184e-06
7.278675282714054902e+02 4.688546066298300555e-06
7.278729133010231180e+02 -1.722109456956000128e-06
7.278782983306408596e+02 7.794935318414000171e-07
7.278836833602584875e+02 -1.009351818305890056e-05
7.278890683898761154e+02 -2.897826520183999675e-07
7.278944534194938569e+02 2.476898036018600023e-06
7.278998384491114848e+02 4.740070141165299904e-06
7.279052234787291127e+02 -5.556107308721400050e-06
7.279106085083467406e+02 7.041232897342200285e-06
7.279159935379644821e+02 9.235890090090700502e-06
7.279213785675821100e+02 -4.950609993029400321e-06
7.279267635971997379e+02 2.945282389545100381e-06
7.279321486268174795e+02 -5.064980977987500364e-06
7.279375336564351073e+02 -6.076198293565600324e-06
7.279429186860527352e+02 -7.230702499084000398e-07
7.279483037156704768e+02 -7.887853653017600302e-06
7.279536887452881047e+02 -2.833131774587900040e-06
7.279590737749057325e+02 1.820027367123899960e-06
7.279644588045234741e+02 -1.687713694278000100e-06
7.279698438341411020e+02 2.385025396504000106e-06
7.279752288637587299e+02 -4.748909005632600543e-06
7.279806138933763577e+02 1.428319243064399890e-06
7.279859989229940993e+02 -1.730800602369900003e-06
7.279913839526117272e+02 -6.840016241700800004e-06
7.279967689822293551e+02 -3.052290277544199792e-06
7.280021540118470966e+02 2.226187832033500022e-06
7.280075390414647245e+02 1.135719928245399909e-06
7.280129240710823524e+02 3.984117466302999928e-07
7.280183091007000939e+02 -4.669609802386999744e-07
7.280236941303177218e+02 4.895662172889899574e-06
7.280290791599353497e+02 5.349103896626000447e-06
7.280344641895530913e+02 -3.190353104997700323e-06
7.280398492191707192e+02 -4.578544125982399986e-06
7.280452342487883470e+02 1.003696216648500130e-06
7.280506192784059749e+02 -3.440023089443499990e-06
7.280560043080237165e+02 -4.582843388188500230e-06
7.280613893376413444e+02 -7.978481241204100173e-06
7.280667743672589722e+02 -2.665873376953899864e-06
7.280721593968767138e+02 -2.696398593939199882e-06
7.280775444264943417e+02 -4.357355831982700058e-06
7.280829294561119696e+02 -9.827272008071998664e-07
7.280883144857297111e+02 -4.671163890535199822e-06
7.280936995153473390e+02 4.030639221002000241e-07
7.280990845449649669e+02 3.054502512857600049e-06
7.281044695745827084e+02 1.016627591571200018e-06
7.281098546042003363e+02 -2.402441434112600138e-06
7.281152396338179642e+02 -8.339993185234999693e-07
7.281206246634355921e+02 5.798806168555000338e-06
7.281260096930533336e+02 -8.690482579759999537e-08
7.281313947226709615e+02 -4.167636218347599883e-06
7.281367797522885894e+02 5.036880859033800136e-06
7.281421647819063310e+02 4.425160515381299951e-06
7.281475498115239589e+02 6.238301574217000995e-07
7.281529348411415867e+02 -3.281387211284400125e-06
7.281583198707593283e+02 1.512294552470200105e-06
7.281637049003769562e+02 5.492510559908000059e-06
7.281690899299945841e+02 -8.009504896779999878e-08
7.281744749596123256e+02 1.527991047404000039e-06
7.281798599892299535e+02 1.767005218100200036e-06
7.281852450188475814e+02 3.263557464038400074e-06
7.281906300484652093e+02 4.381646918050000197e-08
7.281960150780829508e+02 -1.461328567456300103e-06
7.282014001077005787e+02 -2.134287479797999953e-07
7.282067851373182066e+02 -3.196716160929299746e-06
7.282121701669359481e+02 2.567829209979000020e-07
7.282175551965535760e+02 -1.747119118036599943e-06
7.282229402261712039e+02 -1.757763400262600050e-06
7.282283252557889455e+02 2.202229761163900161e-06
7.282337102854065733e+02 -2.128662606505000071e-07
7.282390953150242012e+02 -2.118872712860900000e-06
7.282444803446419428e+02 -1.146405344461000068e-06
7.282498653742595707e+02 1.575214787409399964e-06
7.282552504038771986e+02 5.699313798595999995e-07
7.282606354334948264e+02 1.543135367582300173e-06
7.282660204631125680e+02 -7.264896808588000278e-07
7.282714054927301959e+02 -3.348410476234500102e-06
7.282767905223478238e+02 -5.514157663611999858e-07
7.282821755519655653e+02 4.701663521315600601e-06
7.282875605815831932e+02 2.935261508897699710e-06
7.282929456112008211e+02 -1.134082586365900034e-06
7.282983306408185626e+02 -1.918255455270600137e-06
7.283037156704361905e+02 1.082095194762399869e-06
7.283091007000538184e+02 -1.768091959050600065e-06
7.283144857296715600e+02 -1.553610559407499838e-06
7.283198707592891878e+02 1.192032352350999941e-07
7.283252557889068157e+02 -4.387836060066300329e-06
7.283306408185245573e+02 -1.890570988867000113e-07
7.283360258481421852e+02 5.173450230880000086e-06
7.283414108777598130e+02 2.325714717237200086e-06
7.283467959073774409e+02 1.281235593788099947e-06
7.283521809369951825e+02 8.950244585347999816e-07
7.283575659666128104e+02 4.770062691013299847e-06
7.283629509962304382e+02 2.257052160120100436e-06
7.283683360258481798e+02 4.177778125321600834e-06
7.283737210554658077e+02 2.004307477124100000e-06
7.283791060850834356e+02 3.086518250858500011e-06
7.283844911147011771e+02 3.476708198585099850e-06
7.283898761443188050e+02 1.505620090319900059e-06
7.283952611739364329e+02 -3.776381597080599857e-06
7.284006462035541745e+02 -3.728574377495400226e-06
7.284060312331718023e+02 -2.187283841369100052e-06
7.284114162627894302e+02 2.136794323358000033e-06
7.284168012924070581e+02 3.467979297244999886e-06
7.284221863220247997e+02 -1.889379719247999899e-07
7.284275713516424275e+02 -4.065903322707100020e-06
7.284329563812600554e+02 8.704642142549000208e-07
7.284383414108777970e+02 1.360110791789499907e-06
7.284437264404954249e+02 -1.400580337659899987e-06
7.284491114701130527e+02 4.106275274939799846e-06
7.284544964997307943e+02 1.695947582693599870e-06
7.284598815293484222e+02 -9.211868084279000482e-07
7.284652665589660501e+02 -1.354403991241300076e-06
7.284706515885837916e+02 2.878179511586600102e-06
7.284760366182014195e+02 6.210773947650800339e-06
7.284814216478190474e+02 -1.214787453980000033e-07
7.284868066774366753e+02 -9.633961604661000006e-07
7.284921917070544168e+02 3.691328503526700204e-06
7.284975767366720447e+02 4.338920448969400126e-06
7.285029617662896726e+02 5.734435255498800109e-06
7.285083467959074142e+02 7.249163706519900604e-06
7.285137318255250420e+02 1.474126009428999960e-06
7.285191168551426699e+02 -5.096838521006699534e-06
7.285245018847604115e+02 -1.388056506070999871e-06
7.285298869143780394e+02 -1.972742348621999973e-07
7.285352719439956672e+02 1.170130781277000087e-06
7.285406569736134088e+02 3.872318901498000341e-06
7.285460420032310367e+02 -1.702763024482100177e-06
7.285514270328486646e+02 -4.612837379427199664e-06
7.285568120624662924e+02 -5.136069500506000064e-07
7.285621970920840340e+02 -1.335286480950000209e-06
7.285675821217016619e+02 -1.565433541291300020e-06
7.285729671513192898e+02 2.634531883379100258e-06
7.285783521809370313e+02 7.260430129852500018e-06
7.285837372105546592e+02 5.628398883858999457e-06
7.285891222401722871e+02 6.499130150537300585e-06
7.285945072697900287e+02 4.072190085890500225e-06
7.285998922994076565e+02 1.590322364883000152e-07
7.286052773290252844e+02 -1.330189769615300017e-06
7.286106623586430260e+02 4.088233019322299968e-06
7.286160473882606539e+02 4.924521530606100347e-06
7.286214324178782817e+02 -5.248163656040000502e-08
7.286268174474959096e+02 1.732341644722100029e-06
7.286322024771136512e+02 4.430058777967599633e-06
7.286375875067312791e+02 8.004527881831899856e-06
7.286429725363489069e+02 3.048699484925300443e-06
7.286483575659666485e+02 5.840891961997500105e-06
7.286537425955842764e+02 -9.047461495817999374e-07
7.286591276252019043e+02 -6.467690726535000363e-07
7.286645126548196458e+02 3.271253278653699847e-06
7.286698976844372737e+02 -1.212741209361300141e-06
7.286752827140549016e+02 -1.629607257143800143e-06
7.286806677436726432e+02 4.551175069251699890e-06
7.286860527732902710e+02 2.735023007705800147e-06
7.286914378029078989e+02 3.399367989285599859e-06
7.286968228325255268e+02 -1.035851138745100049e-06
7.287022078621432684e+02 -4.744368744466999719e-06
7.287075928917608962e+02 -2.980454842637000089e-06
7.287129779213785241e+02 -2.746259742386000477e-07
7.287183629509962657e+02 1.993110737357300002e-06
7.287237479806138936e+02 -2.616615837944800270e-06
7.287291330102315214e+02 1.147015458182200120e-06
7.287345180398492630e+02 3.365764067425300133e-06
7.287399030694668909e+02 -2.846037832252600429e-06
7.287452880990845188e+02 3.212040238082099910e-06
7.287506731287022603e+02 8.257166874660500428e-06
7.287560581583198882e+02 -4.527012510632999986e-07
7.287614431879375161e+02 -2.315156934635500162e-06
7.287668282175551440e+02 3.305845898555000149e-06
7.287722132471728855e+02 8.062587021021999492e-07
7.287775982767905134e+02 -8.079493208837000508e-07
7.287829833064081413e+02 6.642215564511000827e-07
7.287883683360258829e+02 4.489634399573500728e-06
7.287937533656435107e+02 -5.914703348619599690e-06
7.287991383952611386e+02 -7.347668954116000111e-07
7.288045234248788802e+02 1.620328891504200020e-06
7.288099084544965081e+02 -4.227908729554900184e-06
7.288152934841141359e+02 1.751480010701700087e-06
7.288206785137318775e+02 2.104918737834399930e-06
7.288260635433495054e+02 7.550844906136999781e-07
7.288314485729671333e+02 -4.677875641325300224e-06
7.288368336025847611e+02 -6.690407494673199560e-06
7.288422186322025027e+02 -5.408057920769300495e-06
7.288476036618201306e+02 -2.917643189850000097e-07
7.288529886914377585e+02 -4.015206474044400290e-06
7.288583737210555000e+02 6.440465267025000074e-07
7.288637587506731279e+02 -1.975942835749700032e-06
7.288691437802907558e+02 3.174101686852799761e-06
7.288745288099084974e+02 -5.328340154754299835e-06
7.288799138395261252e+02 -2.768434832213300446e-06
7.288852988691437531e+02 -9.556771563730000096e-07
7.288906838987614947e+02 -1.958962051516599772e-06
7.288960689283791226e+02 -1.061513162531000100e-06
7.289014539579967504e+02 4.107327250053900098e-06
7.289068389876143783e+02 -2.954237130261899868e-06
7.289122240172321199e+02 2.074205652540499923e-06
7.289176090468497478e+02 5.692680100597700286e-06
7.289229940764673756e+02 3.194318881377200126e-06
7.289283791060851172e+02 1.662783855383699968e-06
7.289337641357027451e+02 -1.017678783548999981e-06
7.289391491653203730e+02 1.305569266582900064e-06
7.289445341949381145e+02 1.609981082453899997e-06
7.289499192245557424e+02 -2.351566775964100028e-06
7.289553042541733703e+02 -6.333917873976399834e-06
7.289606892837911118e+02 -6.610697010448800442e-06
7.289660743134087397e+02 2.455795151957999710e-07
7.289714593430263676e+02 4.355074073856900350e-06
7.289768443726439955e+02 -5.147479360273000348e-07
7.289822294022617371e+02 6.242426530195800176e-06
7.289876144318793649e+02 6.812220223890600892e-06
7.289929994614969928e+02 -2.697251745135599988e-06
7.289983844911147344e+02 6.264994408067000294e-07
7.290037695207323623e+02 3.476580973209800111e-06
7.290091545503499901e+02 7.092517476416999972e-07
7.290145395799677317e+02 2.077859204271899982e-06
7.290199246095853596e+02 2.548367273117199928e-06
7.290253096392029875e+02 -7.173890216680000294e-07
7.290306946688207290e+02 2.168138801287500005e-06
7.290360796984383569e+02 4.926384655258599890e-06
7.290414647280559848e+02 2.499606104002600261e-06
7.290468497576736127e+02 6.291074762782800249e-06
7.290522347872913542e+02 -2.549642850789800117e-06
7.290576198169089821e+02 1.737207682618900066e-06
7.290630048465266100e+02 -1.938815367805999940e-07
7.290683898761443515e+02 -1.204414567351000044e-07
7.290737749057619794e+02 4.688086335591999731e-07
7.290791599353796073e+02 -3.899262422352000146e-06
7.290845449649973489e+02 1.554888287143199921e-06
7.290899299946149767e+02 -9.981198766169999418e-08
7.290953150242326046e+02 3.662994794710000254e-06
7.291007000538503462e+02 -6.292120885841199986e-06
7.291060850834679741e+02 -1.001356442287000040e-07
7.291114701130856020e+02 2.386081696512000077e-06
7.291168551427032298e+02 2.704766923886000170e-06
7.291222401723209714e+02 5.080728441906000049e-07
7.291276252019385993e+02 7.346026184484700798e-06
7.291330102315562272e+02 7.190484337420000711e-07
7.291383952611739687e+02 -1.834055173439100040e-06
7.291437802907915966e+02 -9.832247357361800186e-06
7.291491653204092245e+02 2.743208842118299949e-06
7.291545503500269660e+02 5.908991303683000348e-07
7.291599353796445939e+02 5.512399166746100170e-06
7.291653204092622218e+02 1.884844766420200034e-06
7.291707054388799634e+02 2.329561702208699908e-06
7.291760904684975912e+02 2.268586200537799952e-06
7.291814754981152191e+02 2.264531477436999782e-06
7.291868605277329607e+02 -3.144939039303000206e-07
7.291922455573505886e+02 -5.307264706172800303e-06
7.291976305869682164e+02 -6.260129288250000443e-07
7.292030156165858443e+02 1.503605609113900106e-06
7.292084006462035859e+02 5.611148366408799968e-06
7.292137856758212138e+02 3.783005952511500352e-06
7.292191707054388417e+02 2.499369097145700016e-06
7.292245557350565832e+02 -6.086740787643599705e-06
7.292299407646742111e+02 -3.122951941283000215e-07
7.292353257942918390e+02 3.404044153107299921e-06
7.292407108239095805e+02 -8.542558635992801537e-06
7.292460958535272084e+02 3.863885280469999937e-08
7.292514808831448363e+02 9.466021417116700555e-06
7.292568659127624642e+02 -5.177294367715800405e-06
7.292622509423802057e+02 6.698468396296899902e-06
7.292676359719978336e+02 8.752847901836999511e-07
7.292730210016154615e+02 -3.497745551323000078e-06
7.292784060312332031e+02 4.518680688281900051e-06
7.292837910608508309e+02 3.297530464060899714e-06
7.292891760904684588e+02 -1.863387627919500143e-06
7.292945611200862004e+02 -6.131201227812299680e-06
7.292999461497038283e+02 1.744141352685699886e-06
7.293053311793214561e+02 -2.618039572944999976e-07
7.293107162089391977e+02 -1.499358474254200011e-06
7.293161012385568256e+02 -3.941439832241299928e-06
7.293214862681744535e+02 3.134214330745799900e-06
7.293268712977921950e+02 1.708274576125900131e-06
7.293322563274098229e+02 1.391072423577000091e-07
7.293376413570274508e+02 -6.574971910817999734e-06
7.293430263866450787e+02 -3.183007343903200035e-06
7.293484114162628202e+02 -6.967618753349999679e-07
7.293537964458804481e+02 5.785081143973499826e-06
7.293591814754980760e+02 3.099548127563400067e-06
7.293645665051158176e+02 -7.582386497281000072e-07
7.293699515347334454e+02 3.802724598941099877e-06
7.293753365643510733e+02 -2.156306556314999765e-06
7.293807215939688149e+02 4.825094361771800282e-06
7.293861066235864428e+02 2.721482821774400247e-06
7.293914916532040706e+02 -9.223756713912000471e-07
7.293968766828218122e+02 3.960788003667300227e-06
7.294022617124394401e+02 2.897643221933600121e-06
7.294076467420570680e+02 7.977934114545000233e-07
7.294130317716746958e+02 2.479507206019999919e-08
7.294184168012924374e+02 -4.866585495483399718e-06
7.294238018309100653e+02 -3.730753753080799936e-06
7.294291868605276932e+02 9.772970104810000497e-07
7.294345718901454347e+02 2.849164373874900343e-06
7.294399569197630626e+02 -5.426677524898199941e-06
7.294453419493806905e+02 -3.007258145390600023e-06
7.294507269789984321e+02 9.556743982375000970e-07
7.294561120086160599e+02 1.095337026147099948e-06
7.294614970382336878e+02 3.243824008666500182e-06
7.294668820678514294e+02 -2.845727786245400183e-06
7.294722670974690573e+02 -4.591628090864399924e-06
7.294776521270866851e+02 1.202991461302000128e-07
7.294830371567043130e+02 -1.932311671711800110e-06
7.294884221863220546e+02 3.979734023893400011e-06
7.294938072159396825e+02 1.867280340349000012e-07
7.294991922455573103e+02 2.272978154739299928e-06
7.295045772751750519e+02 6.097289831805299748e-06
7.295099623047926798e+02 7.550348714279500381e-06
7.295153473344103077e+02 6.565314142920000079e-07
7.295207323640280492e+02 1.262974125650199928e-06
7.295261173936456771e+02 3.336093038991099771e-06
7.295315024232633050e+02 9.431923188041000318e-07
7.295368874528810466e+02 -5.208213504202600355e-06
7.295422724824986744e+02 -4.693524599321000093e-06
7.295476575121163023e+02 -6.737822257271000833e-07
7.295530425417339302e+02 -3.947618155907400150e-06
7.295584275713516718e+02 -1.670716940766500004e-06
7.295638126009692996e+02 1.046345000295600116e-06
7.295691976305869275e+02 2.075694145388000039e-07
7.295745826602046691e+02 -1.330537653320599970e-06
7.295799676898222970e+02 -7.806141152461100902e-06
7.295853527194399248e+02 -5.490621404795400074e-06
7.295907377490576664e+02 3.338492169420100137e-06
7.295961227786752943e+02 6.124342266878100178e-06
7.296015078082929222e+02 3.297915767355400126e-06
7.296068928379106637e+02 -1.645608952365000195e-07
7.296122778675282916e+02 2.133879252939200012e-06
7.296176628971459195e+02 9.057745257693999360e-07
7.296230479267635474e+02 -8.160630660905999884e-07
7.296284329563812889e+02 -3.677872555619800313e-06
7.296338179859989168e+02 1.814580498023400073e-06
7.296392030156165447e+02 2.866917734209199970e-06
7.296445880452342863e+02 3.081008118525900133e-06
7.296499730748519141e+02 -1.252950762073000070e-07
7.296553581044695420e+02 2.412307900120099993e-06
7.296607431340872836e+02 3.078105191968899917e-06
7.296661281637049115e+02 1.444077703344999990e-07
7.296715131933225393e+02 5.057152188796400110e-06
7.296768982229402809e+02 5.938362753548600012e-06
7.296822832525579088e+02 4.178068852648499384e-06
7.296876682821755367e+02 -7.242402160523000177e-07
7.296930533117931645e+02 1.420396029471200069e-06
7.296984383414109061e+02 -9.496559953681000036e-07
7.297038233710285340e+02 -6.509407323322000081e-07
7.297092084006461619e+02 -1.611790855658200014e-06
7.297145934302639034e+02 1.853715995854200152e-06
7.297199784598815313e+02 2.625826400244299938e-06
7.297253634894991592e+02 4.115404536351800691e-06
7.297307485191169008e+02 5.011152256380700659e-06
7.297361335487345286e+02 3.370173501142099785e-06
7.297415185783521565e+02 2.370707425134700004e-06
7.297469036079698981e+02 6.632656780402300377e-06
7.297522886375875260e+02 2.884079966382500184e-06
7.297576736672051538e+02 -5.756213820828800343e-06
7.297630586968227817e+02 -1.556540355420000179e-07
7.297684437264405233e+02 1.111905418303200165e-06
7.297738287560581512e+02 1.440632518677400020e-06
7.297792137856757790e+02 -3.082807525168399921e-06
7.297845988152935206e+02 -4.657050546771199593e-06
7.297899838449111485e+02 -5.013361008043199684e-06
7.297953688745287764e+02 -4.200594059815400299e-06
7.298007539041465179e+02 -6.956638190147000517e-07
7.298061389337641458e+02 -2.740009344897799905e-06
7.298115239633817737e+02 1.354150716216999931e-06
7.298169089929995152e+02 5.858239083629899951e-06
7.298222940226171431e+02 7.942012631068999852e-07
7.298276790522347710e+02 1.113911893772900079e-06
7.298330640818523989e+02 4.064056188351299794e-06
7.298384491114701405e+02 -1.236570932789800156e-06
7.298438341410877683e+02 -7.778124016072900730e-06
7.298492191707053962e+02 -4.879048247100800730e-06
7.298546042003231378e+02 1.314421260755000175e-07
7.298599892299407657e+02 3.589642364493700195e-06
7.298653742595583935e+02 1.070825490518300214e-06
7.298707592891761351e+02 6.422178234782000013e-07
7.298761443187937630e+02 2.363182005130499755e-06
7.298815293484113909e+02 -2.770706782180899807e-06
7.298869143780291324e+02 -1.052682866346499997e-06
7.298922994076467603e+02 4.424354701692199820e-06
7.298976844372643882e+02 1.617395627665100100e-06
7.299030694668820161e+02 -2.736239314600400083e-06
7.299084544964997576e+02 2.506646578504300167e-06
7.299138395261173855e+02 7.792002018527999484e-07
7.299192245557350134e+02 -1.956995417608400326e-06
7.299246095853527549e+02 9.993001910431000666e-07
7.299299946149703828e+02 6.725608618367999770e-07
7.299353796445880107e+02 1.152992664445100228e-06
7.299407646742057523e+02 -2.685785740045000024e-06
7.299461497038233802e+02 -4.097931293724700307e-06
7.299515347334410080e+02 2.800461077576000152e-07
7.299569197630587496e+02 1.820329115598300043e-06
7.299623047926763775e+02 -2.718893092873000392e-07
7.299676898222940054e+02 -1.848781087951600105e-06
7.299730748519116332e+02 4.384253655749500297e-06
7.299784598815293748e+02 8.281363457742500533e-06
7.299838449111470027e+02 -6.851178835697000468e-07
7.299892299407646306e+02 -2.426117309665500183e-06
7.299946149703823721e+02 -3.644105470951600134e-06
7.300000000000000000e+02 1.649280056481099997e-06
