-1628.990417 0.007967 -0.000713
-1611.606109 0.005466 -0.000010
-1594.219773 0.000919 -0.000696
-1576.831410 -0.002994 -0.000979
-1559.441019 -0.006045 -0.001224
-1542.048599 -0.004399 -0.005832
-1524.654151 0.002033 -0.004100
-1507.257674 0.005745 -0.002542
-1489.859167 0.003570 -0.002218
-1472.458630 -0.001105 -0.004285
-1455.056064 -0.003928 -0.004498
-1437.651467 -0.004260 -0.005063
-1420.244839 -0.003451 -0.004317
-1402.836179 -0.000951 -0.000533
-1385.425489 0.000501 -0.001423
-1368.012766 -0.000060 -0.003219
-1350.598011 -0.001054 -0.001706
-1333.181224 -0.001107 -0.006028
-1315.762403 0.001998 -0.000843
-1298.341549 0.003758 -0.003621
-1280.918662 -0.000457 -0.002450
-1263.493740 -0.004465 -0.005492
-1246.066784 -0.002197 -0.002390
-1228.637794 0.000602 -0.002089
-1211.206768 -0.001895 -0.002889
-1193.773707 -0.004394 -0.002623
-1176.338610 -0.002024 -0.001480
-1158.901476 0.000758 -0.000972
-1141.462306 0.002149 -0.004593
-1124.021100 0.002957 -0.007260
-1106.577856 0.005248 -0.009877
-1089.132574 0.006242 -0.011391
-1071.685255 0.003858 -0.008796
-1054.235897 0.002540 -0.003164
-1036.784500 0.002942 -0.001017
-1019.331065 0.005695 -0.005008
-1001.875590 0.005593 -0.004195
-984.418075 0.003278 -0.000219
-966.958520 0.002796 -0.000340
-949.496925 0.001035 -0.000668
-932.033289 0.000444 -0.002416
-914.567612 0.002009 -0.000087
-897.099893 -0.000118 -0.000498
-879.630132 -0.004418 -0.001906
-862.158329 -0.005200 -0.005097
-844.684484 -0.007446 -0.007950
-827.208595 -0.007161 -0.004469
-809.730663 -0.001514 -0.002280
-792.250688 -0.000221 -0.001375
-774.768668 -0.002070 -0.001499
-757.284604 -0.003624 -0.001824
-739.798495 -0.002354 -0.000534
-722.310341 0.002540 -0.000807
-704.820142 0.007226 -0.002546
-687.327897 0.008928 -0.008048
-669.833605 0.005422 -0.004956
-652.337267 -0.000917 -0.001689
-634.838882 -0.004063 -0.002945
-617.338450 -0.004263 -0.000239
-599.835970 -0.004985 -0.002008
-582.331442 -0.001878 -0.001056
-564.824866 0.001357 -0.001728
-547.316241 -0.001123 -0.001249
-529.805567 -0.002761 -0.002665
-512.292844 0.000376 -0.001515
-494.778071 0.004843 -0.003349
-477.261247 0.004920 -0.003307
-459.742373 -0.000418 -0.004139
-442.221449 -0.002957 -0.000413
-424.698473 0.000999 -0.003459
-407.173445 0.004422 -0.007322
-389.646365 0.007264 -0.009691
-372.117234 0.008135 -0.010227
-354.586049 0.003419 -0.004295
-337.052812 0.000987 -0.000745
-319.517521 0.005363 -0.008151
-301.980176 0.009417 -0.014332
-284.440777 0.005263 -0.003769
-266.899324 -0.002112 -0.002895
-249.355816 -0.002914 -0.003974
-231.810252 0.001446 -0.000888
-214.262633 0.001951 -0.002272
-196.712958 -0.001326 -0.000030
-179.161227 -0.000219 -0.000785
-161.607440 0.002497 -0.001579
-144.051595 0.004572 -0.004166
-126.493693 0.007742 -0.006514
-108.933733 0.009962 -0.008239
-91.371715 0.016242 -0.013094
-73.807638 0.024487 -0.019181
-56.241503 0.030508 -0.026499
-38.673309 0.039274 -0.036190
-21.103055 0.041744 -0.038624
-3.530741 0.032899 -0.028782
14.043633 0.022419 -0.018341
31.620068 0.018807 -0.015031
49.198564 0.020829 -0.016840
66.779121 0.018856 -0.016731
84.361740 0.015311 -0.015275
101.946421 0.014092 -0.013733
119.533164 0.010886 -0.007390
137.121970 0.007532 -0.003647
154.712839 0.005881 -0.000951
172.305772 0.001368 -0.000028
189.900769 -0.002663 -0.000446
207.497830 -0.003287 -0.003226
225.096956 -0.005888 -0.002820
242.698146 -0.005639 -0.002426
260.301402 -0.001449 -0.000077
277.906724 0.002457 -0.002433
295.514112 0.004870 -0.007495
313.123566 0.004262 -0.002660
330.735087 0.001823 -0.001224
348.348675 -0.003049 -0.000743
365.964331 -0.003840 -0.000479
383.582054 -0.000544 -0.000006
401.201846 0.000112 -0.004893
418.823706 -0.001485 -0.007678
436.447636 -0.002481 -0.005509
454.073635 -0.000768 -0.004236
471.701703 0.000278 -0.002300
489.331842 -0.002359 -0.002797
506.964051 -0.005914 -0.000328
524.598330 -0.005582 -0.001756
542.234681 -0.003317 -0.000859
559.873104 -0.003176 -0.001831
577.513598 -0.003396 -0.002680
595.156165 -0.003627 -0.004027
612.800804 -0.004412 -0.005213
630.447517 -0.003907 -0.005275
648.096302 -0.000373 -0.001141
665.747162 0.003090 -0.008132
683.400095 0.001903 -0.009479
701.055103 0.003656 -0.008532
718.712186 0.008092 -0.011845
736.371344 0.006099 -0.009618
754.032578 0.002612 -0.003704
771.695887 0.002679 -0.000369
789.361273 0.001716 -0.001876
807.028735 -0.003180 -0.003447
824.698275 -0.003316 -0.003462
842.369892 0.000747 -0.001080
860.043586 0.000864 -0.002256
877.719359 0.003276 -0.003389
895.397210 0.005814 -0.005911
913.077140 0.001100 -0.001597
930.759149 -0.005404 -0.003077
948.443238 -0.004321 -0.005523
966.129407 0.002887 -0.001339
983.817656 0.005402 -0.001278
1001.507986 0.005114 -0.000966
1019.200397 0.005698 -0.000617
1036.894889 0.006020 -0.000359
1054.591463 0.008442 -0.000663
1072.290120 0.007076 -0.001667
1089.990858 0.002848 -0.001749
1107.693680 0.005769 -0.004628
1125.398585 0.009485 -0.005317
1143.105574 0.006039 -0.001615
1160.814646 -0.001513 -0.000921
1178.525803 -0.005904 -0.004833
1196.239045 -0.004200 -0.006490
1213.954372 -0.002270 -0.004228
1231.671784 -0.000985 -0.001917
1249.391282 -0.000733 -0.001520
1267.112866 -0.001213 -0.001333
1284.836537 -0.000411 -0.000045
1302.562295 -0.000682 -0.000214
1320.290140 -0.001373 -0.001652
1338.020073 -0.002679 -0.002409
1355.752094 -0.004441 -0.000472
1373.486203 -0.004325 -0.003794
1391.222401 -0.005819 -0.006165
1408.960688 -0.006476 -0.007073
1426.701065 -0.002061 -0.005661
1444.443531 -0.003636 -0.006075
1462.188088 -0.007241 -0.007460
1479.934736 -0.003180 -0.001806
1497.683474 0.000633 -0.001726
1515.434304 0.003855 -0.003621
1533.187226 0.004996 -0.002441
1550.942239 0.001511 -0.002658
1568.699346 -0.001319 -0.004418
1586.458545 -0.002022 -0.003832
1604.219837 -0.000998 -0.006247
