-1588.525303 0.005600 -0.006471
-1571.755234 0.001247 -0.006471
-1554.983281 0.003491 -0.006471
-1538.209439 0.009248 -0.006471
-1521.433711 0.008671 -0.006471
-1504.656095 -0.000591 -0.006471
-1487.876594 -0.005539 -0.006471
-1471.095202 -0.000294 -0.006471
-1454.311923 0.000324 -0.006471
-1437.526757 -0.002570 -0.006471
-1420.739700 -0.000704 -0.006471
-1403.950754 -0.004857 -0.006471
-1387.159918 -0.013159 -0.006471
-1370.367195 -0.008381 -0.006471
-1353.572579 0.002835 -0.006471
-1336.776074 0.005672 -0.006471
-1319.977679 0.000726 -0.006471
-1303.177391 -0.007180 -0.006471
-1286.375212 -0.013386 -0.006471
-1269.571141 -0.014987 -0.006471
-1252.765180 -0.008328 -0.006471
-1235.957325 0.006072 -0.006471
-1219.147577 0.013496 -0.006471
-1202.335938 0.011780 -0.006471
-1185.522404 0.006704 -0.006471
-1168.706976 -0.004686 -0.006471
-1151.889654 -0.008008 -0.006471
-1135.070440 0.001871 -0.006471
-1118.249329 0.004827 -0.006471
-1101.426323 -0.000568 -0.006471
-1084.601425 0.002308 -0.006471
-1067.774628 0.009606 -0.006471
-1050.945936 0.006155 -0.006471
-1034.115347 -0.000672 -0.006471
-1017.282864 -0.002607 -0.006471
-1000.448482 0.002357 -0.006471
-983.612203 0.012847 -0.006471
-966.774029 0.014218 -0.006471
-949.933954 0.007535 -0.006471
-933.091982 0.003062 -0.006471
-916.248111 0.000447 -0.006471
-899.402343 -0.001564 -0.006471
-882.554674 -0.005115 -0.006471
-865.705106 -0.005885 -0.006471
-848.853640 0.001861 -0.006471
-832.000272 0.003524 -0.006471
-815.145004 -0.005479 -0.006471
-798.287835 -0.009183 -0.006471
-781.428767 -0.007417 -0.006471
-764.567796 -0.008885 -0.006471
-747.704923 -0.008686 -0.006471
-730.840150 -0.003460 -0.006471
-713.973472 -0.001312 -0.006471
-697.104892 0.001695 -0.006471
-680.234409 0.010249 -0.006471
-663.362025 0.012979 -0.006471
-646.487736 0.001463 -0.006471
-629.611542 -0.008198 -0.006471
-612.733446 -0.005117 -0.006471
-595.853444 0.000617 -0.006471
-578.971536 0.001685 -0.006471
-562.087724 0.000522 -0.006471
-545.202008 0.002199 -0.006471
-528.314384 -0.001510 -0.006471
-511.424854 -0.005627 -0.006471
-494.533419 -0.001747 -0.006471
-477.640076 0.001895 -0.006471
-460.744825 0.000045 -0.006471
-443.847667 -0.002560 -0.006471
-426.948604 0.001653 -0.006471
-410.047630 0.002866 -0.006471
-393.144747 -0.001922 -0.006471
-376.239959 -0.002734 -0.006471
-359.333258 -0.000209 -0.006471
-342.424649 0.001668 -0.006471
-325.514130 -0.001654 -0.006471
-308.601702 -0.009741 -0.006471
-291.687363 -0.015158 -0.006471
-274.771112 -0.010922 -0.006471
-257.852953 -0.006574 -0.006471
-240.932880 -0.012760 -0.006471
-224.010896 -0.021592 -0.006471
-207.086999 -0.021805 -0.006471
-190.161193 -0.018018 -0.006471
-173.233472 -0.014352 -0.006471
-156.303837 -0.001447 -0.006471
-139.372292 0.013640 -0.006471
-122.438831 0.023690 -0.006471
-105.503455 0.037157 -0.006471
-88.566166 0.060292 -0.006471
-71.626964 0.088875 -0.006471
-54.685845 0.112071 -0.006471
-37.742811 0.119482 -0.006471
-20.797864 0.107544 -0.006471
-3.850998 0.082969 -0.006471
13.097784 0.061515 -0.006471
30.048482 0.055614 -0.006471
47.001095 0.050631 -0.006471
63.955628 0.030408 -0.006471
80.912077 0.007487 -0.006471
97.870443 -0.004657 -0.006471
114.830729 -0.004977 -0.006471
131.792933 -0.000816 -0.006471
148.757056 -0.005245 -0.006471
165.723096 -0.010589 -0.006471
182.691058 -0.013031 -0.006471
199.660940 -0.016159 -0.006471
216.632739 -0.007308 -0.006471
233.606461 0.004983 -0.006471
250.582104 0.002828 -0.006471
267.559668 -0.001369 -0.006471
284.539151 0.005573 -0.006471
301.520559 0.009172 -0.006471
318.503888 0.005807 -0.006471
335.489137 0.003763 -0.006471
352.476311 -0.000155 -0.006471
369.465409 -0.003338 -0.006471
386.456430 -0.001200 -0.006471
403.449372 0.003933 -0.006471
420.444240 0.010393 -0.006471
437.441033 0.010262 -0.006471
454.439748 0.007041 -0.006471
471.440391 0.010182 -0.006471
488.442959 0.008480 -0.006471
505.447452 -0.000058 -0.006471
522.453870 -0.006316 -0.006471
539.462215 -0.005933 -0.006471
556.472488 0.000681 -0.006471
573.484685 0.002280 -0.006471
590.498812 -0.006623 -0.006471
607.514866 -0.013430 -0.006471
624.532849 -0.007688 -0.006471
641.552757 -0.000218 -0.006471
658.574596 -0.000350 -0.006471
675.598364 0.000660 -0.006471
692.624060 0.008295 -0.006471
709.651687 0.009242 -0.006471
726.681244 -0.002490 -0.006471
743.712731 -0.005757 -0.006471
760.746147 -0.002135 -0.006471
777.781495 -0.007398 -0.006471
794.818775 -0.009083 -0.006471
811.857984 -0.003301 -0.006471
828.899128 0.003156 -0.006471
845.942203 0.010462 -0.006471
862.987212 0.011525 -0.006471
880.034150 0.000221 -0.006471
897.083025 -0.010591 -0.006471
914.133832 -0.003715 -0.006471
931.186572 0.004964 -0.006471
948.241248 -0.001122 -0.006471
965.297858 -0.003563 -0.006471
982.356403 -0.003123 -0.006471
999.416881 -0.009820 -0.006471
1016.479297 -0.009934 -0.006471
1033.543649 -0.002847 -0.006471
1050.609935 0.003494 -0.006471
1067.678159 0.005264 -0.006471
1084.748320 0.002924 -0.006471
1101.820419 0.002611 -0.006471
1118.894453 0.002514 -0.006471
1135.970426 0.003472 -0.006471
1153.048338 0.009012 -0.006471
1170.128186 0.014281 -0.006471
1187.209975 0.010664 -0.006471
1204.293704 -0.000262 -0.006471
1221.379371 -0.002378 -0.006471
1238.466977 0.004436 -0.006471
1255.556524 0.004954 -0.006471
1272.648013 -0.001315 -0.006471
1289.741441 -0.004258 -0.006471
1306.836809 0.001483 -0.006471
1323.934121 0.007323 -0.006471
1341.033374 0.003634 -0.006471
1358.134567 0.000408 -0.006471
1375.237705 0.004938 -0.006471
1392.342786 0.006218 -0.006471
1409.449809 0.001720 -0.006471
1426.558774 0.002554 -0.006471
1443.669685 0.005163 -0.006471
1460.782540 0.001616 -0.006471
1477.897338 -0.000699 -0.006471
1495.014082 0.000567 -0.006471
1512.132771 -0.002693 -0.006471
1529.253406 -0.009102 -0.006471
