-2229.638145 0.000000 0.000000
-2212.328009 0.000000 0.000000
-2195.015858 0.000000 0.000000
-2177.701693 0.000000 0.000000
-2160.385513 0.000000 0.000000
-2143.067318 0.000000 0.000000
-2125.747107 0.000000 0.000000
-2108.424881 0.000000 0.000000
-2091.100638 0.000000 0.000000
-2073.774379 0.000000 0.000000
-2056.446103 0.000000 0.000000
-2039.115810 -0.006249 -0.007032
-2021.783499 -0.025405 -0.030178
-2004.449170 -0.031052 -0.042788
-1987.112823 -0.008330 -0.009721
-1969.774457 0.006697 -0.005940
-1952.434073 0.007149 -0.015506
-1935.091668 0.014688 -0.017054
-1917.747244 0.017247 -0.017322
-1900.400800 0.007664 -0.005473
-1883.052336 -0.000833 -0.003531
-1865.701851 -0.007913 -0.013198
-1848.349345 -0.003274 -0.000545
-1830.994817 0.001811 -0.013155
-1813.638267 0.000671 -0.008840
-1796.279695 0.006254 -0.009508
-1778.919101 0.012476 -0.024716
-1761.556484 0.024308 -0.037880
-1744.191843 0.028573 -0.031435
-1726.825179 0.028226 -0.030338
-1709.456491 0.028405 -0.040031
-1692.085779 0.007011 -0.007765
-1674.713042 -0.011500 -0.021419
-1657.338279 -0.013898 -0.020189
-1639.961492 -0.017662 -0.015218
-1622.582679 -0.014124 -0.020772
-1605.201840 0.002148 -0.003007
-1587.818974 0.011318 -0.010651
-1570.434081 0.002480 -0.001339
-1553.047162 -0.009658 -0.015398
-1535.658215 -0.019870 -0.023001
-1518.267240 -0.019182 -0.030302
-1500.874237 -0.017431 -0.027580
-1483.479205 -0.029497 -0.033671
-1466.082144 -0.027334 -0.027729
-1448.683054 -0.007489 -0.007980
-1431.281935 0.001971 -0.000091
-1413.878785 -0.001299 -0.002775
-1396.473605 -0.000988 -0.000226
-1379.066394 0.008403 -0.016608
-1361.657153 0.016272 -0.019500
-1344.245880 0.011152 -0.007456
-1326.832575 0.001619 -0.000032
-1309.417238 0.000489 -0.006139
-1291.999869 0.001363 -0.000108
-1274.580466 -0.003403 -0.005374
-1257.159031 -0.011161 -0.004017
-1239.735562 -0.002848 -0.001052
-1222.310059 0.015225 -0.028432
-1204.882522 0.008012 -0.022932
-1187.452950 -0.003672 -0.006027
-1170.021344 0.006752 -0.008564
-1152.587702 0.012915 -0.036226
-1135.152024 -0.000228 -0.007359
-1117.714310 -0.007411 -0.004720
-1100.274560 -0.001655 -0.005121
-1082.832773 -0.007501 -0.011509
-1065.388949 -0.015335 -0.027151
-1047.943088 -0.005507 -0.016175
-1030.495189 0.015211 -0.014038
-1013.045251 0.020673 -0.026914
-995.593275 -0.001608 -0.000683
-978.139260 -0.017164 -0.021593
-960.683206 -0.009980 -0.009227
-943.225113 0.000257 -0.004058
-925.764979 0.002358 -0.000374
-908.302805 0.005371 -0.003034
-890.838590 0.008791 -0.009543
-873.372335 0.001637 -0.002163
-855.904037 0.000382 -0.002101
-838.433699 0.008632 -0.006773
-820.961318 0.015399 -0.024132
-803.486894 0.013789 -0.008286
-786.010428 -0.008291 -0.009105
-768.531919 -0.029980 -0.043942
-751.051366 -0.016510 -0.028152
-733.568769 0.001026 -0.001831
-716.084128 -0.006064 -0.000074
-698.597442 -0.010620 -0.009694
-681.108711 -0.002078 -0.000175
-663.617935 0.004107 -0.008674
-646.125113 -0.002409 -0.002026
-628.630245 -0.006382 -0.000426
-611.133331 0.005157 -0.017118
-593.634370 0.009441 -0.013547
-576.133362 0.008742 -0.010867
-558.630307 0.013625 -0.013744
-541.125203 0.008770 -0.004103
-523.618051 0.001333 -0.004177
-506.108851 0.004804 -0.000645
-488.597602 0.004185 -0.001460
-471.084304 -0.000242 -0.008559
-453.568955 -0.000030 -0.014074
-436.051557 -0.003981 -0.009415
-418.532109 -0.015215 -0.007698
-401.010610 -0.021422 -0.022531
-383.487059 -0.005540 -0.013264
-365.961458 0.006197 -0.000450
-348.433804 0.000739 -0.003294
-330.904098 0.004862 -0.004587
-313.372340 0.005286 -0.012411
-295.838529 -0.010473 -0.009993
-278.302665 -0.007202 -0.007119
-260.764747 0.003709 -0.003081
-243.224775 -0.001805 -0.001236
-225.682749 -0.000637 -0.005885
-208.138668 0.005490 -0.007937
-190.592532 0.002544 -0.000019
-173.044340 -0.006429 -0.004604
-155.494093 -0.003104 -0.001217
-137.941790 0.007053 -0.010534
-120.387430 0.009395 -0.007418
-102.831013 0.001559 -0.000013
-85.272539 -0.006562 -0.008497
-67.712008 0.006542 -0.013102
-50.149418 0.015046 -0.025331
-32.584770 0.004615 -0.005401
-15.018064 -0.000533 -0.001514
2.550701 0.012882 -0.004550
20.121526 0.032427 -0.033914
37.694411 0.036100 -0.038504
55.269356 0.031508 -0.033214
72.846361 0.024617 -0.035955
90.425427 0.009924 -0.015990
108.006554 0.003297 -0.003208
125.589743 0.001893 -0.005546
143.174994 -0.010958 -0.009627
160.762307 -0.021358 -0.032042
178.351682 -0.018826 -0.034208
195.943121 -0.008759 -0.013361
213.536623 0.000294 -0.004602
231.132189 0.002665 -0.011612
248.729819 0.002526 -0.012881
266.329513 0.001988 -0.002886
283.931273 0.002628 -0.002245
301.535097 0.001928 -0.000711
319.140987 -0.001887 -0.000752
336.748943 -0.004682 -0.001736
354.358965 -0.009549 -0.008948
371.971054 -0.006420 -0.003066
389.585210 0.007054 -0.008502
407.201433 0.011157 -0.010240
424.819724 -0.002079 -0.002644
442.440083 -0.014448 -0.010810
460.062511 -0.009403 -0.003369
477.687007 -0.018335 -0.024557
495.313573 -0.036427 -0.037335
512.942208 -0.024091 -0.008328
530.572913 -0.007737 -0.001281
548.205688 -0.009607 -0.009096
565.840534 -0.003465 -0.006333
583.477451 0.009755 -0.009839
601.116440 0.005262 -0.003935
618.757500 -0.009474 -0.019262
636.400632 -0.012177 -0.021310
654.045837 -0.001931 -0.005206
671.693115 0.008796 -0.011938
689.342465 0.006655 -0.009836
706.993890 -0.005861 -0.000108
724.647388 -0.006519 -0.006407
742.302961 0.002228 -0.003456
759.960608 0.004578 -0.004895
777.620331 0.003931 -0.011235
795.282128 0.004875 -0.014492
812.946002 0.008170 -0.015261
830.611952 0.012672 -0.015115
848.279978 0.005732 -0.005469
865.950081 -0.001050 -0.004411
883.622261 -0.000329 -0.007568
901.296519 -0.004396 -0.003036
918.972855 -0.005294 -0.010070
936.651269 -0.008938 -0.015555
954.331762 -0.008119 -0.012323
972.014334 0.009510 -0.015753
989.698986 0.019821 -0.029274
1007.385717 0.016840 -0.021800
1025.074528 0.013662 -0.011915
1042.765420 0.005246 -0.001807
1060.458393 -0.001544 -0.008112
1078.153447 0.003101 -0.003752
1095.850583 0.002834 -0.001622
1113.549801 -0.005170 -0.014488
1131.251101 -0.003438 -0.005593
1148.954484 0.008122 -0.011108
1166.659950 0.009417 -0.012175
1184.367499 -0.002560 -0.003014
1202.077132 -0.005455 -0.004308
1219.788850 0.005694 -0.004060
1237.502652 0.004334 -0.000952
1255.218539 -0.017302 -0.020731
1272.936511 -0.023316 -0.029411
1290.656569 -0.005589 -0.001170
1308.378714 0.009847 -0.023405
1326.102944 0.019301 -0.037292
1343.829261 0.008877 -0.009871
1361.557666 -0.008882 -0.006822
1379.288158 -0.010252 -0.011230
1397.020738 -0.017125 -0.016060
1414.755406 -0.004708 -0.004954
1432.492162 0.025571 -0.027330
1450.231008 0.012364 -0.010348
1467.971943 -0.014314 -0.011390
1485.714968 -0.009525 -0.010403
1503.460083 -0.000749 -0.011544
1521.207289 0.000000 0.000000
1538.956585 0.000000 0.000000
1556.707972 0.000000 0.000000
1574.461451 0.000000 0.000000
1592.217023 0.000000 0.000000
1609.974686 0.000000 0.000000
