-2541.757611 0.000000 0.000000
-2522.047787 0.000000 0.000000
-2502.335349 0.000000 0.000000
-2482.620297 0.000000 0.000000
-2462.902629 0.000000 0.000000
-2443.182346 0.000000 0.000000
-2423.459447 0.000000 0.000000
-2403.733932 0.000000 0.000000
-2384.005799 0.000000 0.000000
-2364.275049 0.000000 0.000000
-2344.541680 0.000000 0.000000
-2324.805693 0.001158 -0.001221
-2305.067087 0.005749 -0.002213
-2285.325861 0.015034 -0.003616
-2265.582014 0.028490 -0.022585
-2245.835547 0.024354 -0.018528
-2226.086459 -0.012626 -0.008167
-2206.334749 -0.032554 -0.039503
-2186.580417 -0.020232 -0.012701
-2166.823461 -0.020297 -0.019443
-2147.063883 -0.018875 -0.023898
-2127.301680 0.005201 -0.001773
-2107.536854 0.014491 -0.021531
-2087.769402 -0.003760 -0.000731
-2067.999325 -0.009309 -0.009827
-2048.226621 -0.002599 -0.009600
-2028.451292 0.001531 -0.001285
-2008.673335 0.011897 -0.012734
-1988.892751 0.016958 -0.006758
-1969.109538 0.015035 -0.016175
-1949.323697 0.004542 -0.000199
-1929.535227 -0.013466 -0.019643
-1909.744128 -0.025070 -0.034365
-1889.950398 -0.038089 -0.037488
-1870.154038 -0.036305 -0.025514
-1850.355046 -0.010997 -0.006627
-1830.553422 0.013372 -0.008754
-1810.749167 0.025604 -0.026462
-1790.942278 0.026852 -0.032084
-1771.132756 0.022023 -0.025602
-1751.320601 0.007970 -0.008240
-1731.505811 -0.001933 -0.000363
-1711.688386 0.001752 -0.000488
-1691.868326 0.004118 -0.002941
-1672.045629 0.003227 -0.007914
-1652.220297 -0.009129 -0.005040
-1632.392327 -0.022901 -0.022246
-1612.561720 -0.016182 -0.008873
-1592.728475 -0.016900 -0.021166
-1572.892591 -0.025623 -0.042617
-1553.054068 -0.007529 -0.023283
-1533.212906 0.006666 -0.001904
-1513.369103 -0.009859 -0.026661
-1493.522660 -0.008539 -0.023403
-1473.673575 0.002299 -0.005964
-1453.821849 0.001721 -0.011784
-1433.967480 0.018079 -0.020119
-1414.110469 0.027414 -0.022133
-1394.250815 0.016747 -0.016250
-1374.388516 0.003622 -0.002305
-1354.523573 -0.003379 -0.007570
-1334.655986 0.002221 -0.001029
-1314.785752 0.000915 -0.002022
-1294.912873 -0.014650 -0.028472
-1275.037348 -0.006416 -0.007718
-1255.159175 0.018776 -0.022680
-1235.278355 0.027100 -0.044853
-1215.394887 0.021864 -0.018667
-1195.508770 0.008556 -0.000913
-1175.620004 -0.011928 -0.013625
-1155.728589 -0.006136 -0.009745
-1135.834523 0.018416 -0.014191
-1115.937807 0.003674 -0.000298
-1096.038439 -0.014091 -0.016299
-1076.136420 0.008333 -0.009590
-1056.231748 0.020508 -0.014271
-1036.324423 0.010108 -0.000192
-1016.414445 0.014989 -0.008043
-996.501813 0.026627 -0.029313
-976.586527 0.024778 -0.035829
-956.668586 0.018885 -0.024265
-936.747989 0.017695 -0.028913
-916.824737 0.004213 -0.015485
-896.898827 -0.008400 -0.011569
-876.970261 -0.000150 -0.006406
-857.039037 -0.010018 -0.011081
-837.105155 -0.031085 -0.047339
-817.168614 -0.038260 -0.049839
-797.229414 -0.040333 -0.043343
-777.287554 -0.001875 -0.000139
-757.343034 0.041811 -0.048810
-737.395853 0.014144 -0.015926
-717.446011 -0.017580 -0.028364
-697.493507 -0.002560 -0.003269
-677.538341 -0.013593 -0.014453
-657.580511 -0.041760 -0.058152
-637.620019 -0.030381 -0.027879
-617.656862 -0.005794 -0.001248
-597.691040 0.001205 -0.001506
-577.722554 0.004745 -0.001598
-557.751402 0.007821 -0.004871
-537.777584 -0.002424 -0.001069
-517.801099 0.003902 -0.003331
-497.821947 0.017226 -0.020077
-477.840127 -0.011665 -0.018905
-457.855639 -0.043955 -0.048093
-437.868482 -0.048078 -0.048322
-417.878656 -0.028742 -0.033013
-397.886160 0.005703 -0.004521
-377.890993 0.024990 -0.019381
-357.893156 0.032046 -0.029518
-337.892647 0.012800 -0.014755
-317.889466 -0.020383 -0.017106
-297.883613 -0.013580 -0.009712
-277.875086 0.001396 -0.003255
-257.863886 0.002418 -0.005962
-237.850011 0.015057 -0.004916
-217.833462 0.014565 -0.014728
-197.814238 0.005438 -0.001458
-177.792338 0.008545 -0.007840
-157.767762 0.007602 -0.014620
-137.740509 0.003659 -0.012773
-117.710578 0.002390 -0.004959
-97.677969 0.001977 -0.007780
-77.642683 0.003917 -0.004324
-57.604717 0.008702 -0.002139
-37.564071 0.007088 -0.008757
-17.520746 0.013537 -0.023862
2.525261 0.046950 -0.077772
22.573948 0.062426 -0.104760
42.625317 0.028253 -0.059153
62.679368 0.009783 -0.030471
82.736102 0.029136 -0.040590
102.795519 0.043329 -0.062521
122.857620 0.047851 -0.062080
142.922405 0.030475 -0.029864
162.989876 0.018999 -0.024979
183.060032 0.032586 -0.039543
203.132873 0.021869 -0.016259
223.208402 0.014569 -0.029012
243.286617 0.030433 -0.036325
263.367520 0.020615 -0.030383
283.451111 0.008040 -0.018446
303.537391 0.014452 -0.022794
323.626360 0.010227 -0.013927
343.718018 0.006090 -0.004688
363.812368 0.011012 -0.006944
383.909407 -0.004925 -0.009059
404.009139 -0.025765 -0.035930
424.111562 -0.019869 -0.029413
444.216678 -0.013570 -0.017799
464.324486 -0.012238 -0.013335
484.434989 0.009406 -0.010602
504.548185 0.041587 -0.053377
524.664076 0.041230 -0.048558
544.782662 0.006081 -0.007808
564.903944 -0.012340 -0.004270
585.027922 -0.012003 -0.004733
605.154597 -0.005918 -0.005184
625.283969 0.004449 -0.005985
645.416039 0.002195 -0.007568
665.550808 -0.007928 -0.001433
685.688275 -0.009499 -0.007377
705.828442 -0.003648 -0.001865
725.971309 -0.002833 -0.003432
746.116877 -0.004257 -0.002493
766.265146 0.001208 -0.005031
786.416116 0.016199 -0.017287
806.569789 0.031653 -0.043087
826.726165 0.017864 -0.033901
846.885243 -0.024240 -0.013593
867.047026 -0.040948 -0.041160
887.211513 -0.016272 -0.022080
907.378705 0.008764 -0.005282
927.548603 0.010512 -0.012952
947.721206 0.018366 -0.012820
967.896516 0.035890 -0.034175
988.074534 0.025349 -0.029289
1008.255259 0.001389 -0.000915
1028.438692 -0.014481 -0.009502
1048.624834 -0.023911 -0.021830
1068.813685 -0.022743 -0.038869
1089.005246 -0.022329 -0.024207
1109.199517 -0.025970 -0.017041
1129.396500 -0.032582 -0.029422
1149.596193 -0.043642 -0.067526
1169.798599 -0.024557 -0.038775
1190.003718 0.017405 -0.030208
1210.211549 0.028757 -0.042877
1230.422095 0.011586 -0.008159
1250.635354 -0.013857 -0.019009
1270.851328 -0.027794 -0.041496
1291.070018 -0.010702 -0.012425
1311.291423 0.011647 -0.008357
1331.515545 0.020505 -0.030735
1351.742384 0.023509 -0.043352
1371.971940 0.008505 -0.009479
1392.204215 -0.007139 -0.007454
1412.439208 0.000625 -0.009473
1432.676920 0.003454 -0.007978
1452.917352 -0.000638 -0.002061
1473.160504 0.000000 0.000000
1493.406376 0.000000 0.000000
1513.654971 0.000000 0.000000
1533.906287 0.000000 0.000000
1554.160325 0.000000 0.000000
1574.417087 0.000000 0.000000
1594.676572 0.000000 0.000000
1614.938781 0.000000 0.000000
1635.203714 0.000000 0.000000
1655.471373 0.000000 0.000000
1675.741758 0.000000 0.000000
1696.014869 0.000000 0.000000
1716.290706 0.000000 0.000000
1736.569272 0.000000 0.000000
1756.850565 0.000000 0.000000
1777.134586 0.000000 0.000000
1797.421337 0.000000 0.000000
1817.710817 0.000000 0.000000
1838.003027 0.000000 0.000000
