-1680.340202 0.000256 -0.000395
-1662.311046 0.000905 -0.000008
-1644.279709 0.001254 -0.000223
-1626.246191 0.001124 -0.000095
-1608.210491 0.000582 -0.000104
-1590.172608 0.000047 -0.000390
-1572.132544 0.000678 -0.000775
-1554.090297 0.001028 -0.000501
-1536.045866 0.000348 -0.000120
-1517.999252 0.000431 -0.000732
-1499.950454 0.000357 -0.000303
-1481.899471 -0.000300 -0.001179
-1463.846304 0.000355 -0.000918
-1445.790951 0.000484 -0.000006
-1427.733413 -0.000903 -0.000267
-1409.673688 -0.001590 -0.001030
-1391.611778 -0.001680 -0.001238
-1373.547680 -0.001942 -0.000256
-1355.481395 -0.001802 -0.000010
-1337.412923 -0.001314 -0.000664
-1319.342263 -0.001123 -0.000704
-1301.269414 -0.000430 -0.000726
-1283.194377 0.001170 -0.002007
-1265.117150 0.002071 -0.002025
-1247.037734 0.001841 -0.001653
-1228.956127 0.001703 -0.000935
-1210.872331 0.001789 -0.000269
-1192.786343 0.000970 -0.000274
-1174.698165 -0.000895 -0.001693
-1156.607795 -0.002339 -0.003466
-1138.515233 -0.002681 -0.002572
-1120.420478 -0.002177 -0.001005
-1102.323531 -0.001042 -0.000592
-1084.224390 -0.000120 -0.001105
-1066.123056 -0.000237 -0.000941
-1048.019528 -0.001194 -0.001218
-1029.913806 -0.001915 -0.003027
-1011.805889 -0.001094 -0.002694
-993.695776 -0.000313 -0.000112
-975.583469 -0.001255 -0.000904
-957.468965 -0.001320 -0.001785
-939.352265 0.000039 -0.001247
-921.233368 0.000930 -0.000007
-903.112274 0.001295 -0.001095
-884.988982 0.001418 -0.001749
-866.863492 0.000853 -0.001460
-848.735804 0.000331 -0.001396
-830.605918 0.001282 -0.001871
-812.473832 0.001792 -0.001935
-794.339546 0.001247 -0.001486
-776.203061 0.000964 -0.001035
-758.064375 0.000055 -0.000175
-739.923488 -0.000679 -0.000948
-721.780401 -0.000329 -0.000434
-703.635111 -0.000020 -0.000526
-685.487620 -0.000327 -0.000310
-667.337926 -0.000346 -0.001079
-649.186030 0.000431 -0.000347
-631.031931 0.000562 -0.002250
-612.875627 0.000279 -0.002180
-594.717120 0.000554 -0.002857
-576.556409 0.001022 -0.002811
-558.393493 0.001921 -0.002101
-540.228371 0.002601 -0.002096
-522.061044 0.002287 -0.002806
-503.891511 0.002023 -0.004853
-485.719772 0.002596 -0.005977
-467.545826 0.003110 -0.005534
-449.369673 0.002936 -0.005622
-431.191312 0.003350 -0.006816
-413.010743 0.004528 -0.008398
-394.827966 0.005070 -0.009832
-376.642979 0.004853 -0.010259
-358.455784 0.004984 -0.009307
-340.266379 0.005812 -0.007604
-322.074765 0.006053 -0.006859
-303.880939 0.005859 -0.006918
-285.684903 0.005888 -0.007298
-267.486656 0.005186 -0.006397
-249.286197 0.004188 -0.005276
-231.083526 0.004278 -0.006134
-212.878643 0.004938 -0.006560
-194.671547 0.004444 -0.004759
-176.462237 0.003695 -0.004472
-158.250714 0.004039 -0.004009
-140.036977 0.003949 -0.003047
-121.821026 0.003943 -0.004906
-103.602860 0.005158 -0.008760
-85.382478 0.006373 -0.010337
-67.159881 0.008864 -0.014563
-48.935068 0.011326 -0.019482
-30.708038 0.009875 -0.017709
-12.478791 0.007091 -0.013282
5.752672 0.006089 -0.011226
23.986354 0.005876 -0.009986
42.222253 0.005173 -0.007747
60.460371 0.004141 -0.005020
78.700708 0.002903 -0.003294
96.943265 0.001750 -0.002259
115.188041 0.001655 -0.002494
133.435037 0.001452 -0.001910
151.684253 0.000498 -0.000284
169.935690 0.000420 -0.000302
188.189349 0.000797 -0.000500
206.445230 0.000475 -0.000285
224.703332 0.000374 -0.000054
242.963657 0.000430 -0.000076
261.226205 -0.000134 -0.000658
279.490977 -0.000222 -0.001152
297.757972 0.000366 -0.000131
316.027191 0.000843 -0.000861
334.298635 0.000936 -0.000279
352.572304 0.000582 -0.001410
370.848198 0.000380 -0.000603
389.126318 0.000145 -0.001243
407.406664 -0.000282 -0.000625
425.689237 -0.000668 -0.000843
443.974037 -0.000671 -0.000867
462.261064 -0.000140 -0.000142
480.550319 -0.000151 -0.000511
498.841802 -0.000919 -0.000231
517.135514 -0.001461 -0.000571
535.431455 -0.001102 -0.000586
553.729625 -0.000216 -0.000586
572.030026 0.000264 -0.000330
590.332656 -0.000364 -0.000263
608.637517 -0.001178 -0.001315
626.944609 -0.000614 -0.000600
645.253933 -0.000039 -0.000049
663.565489 -0.000246 -0.000227
681.879276 -0.000296 -0.000033
700.195297 -0.000264 -0.000360
718.513551 -0.000265 -0.000206
736.834038 0.000098 -0.000706
755.156759 0.001054 -0.000314
773.481715 0.001509 -0.000790
791.808905 0.000655 -0.000335
810.138330 0.000468 -0.000891
828.469991 0.001053 -0.002540
846.803888 0.000032 -0.002844
865.140021 -0.000754 -0.001107
883.478392 -0.000363 -0.000068
901.818999 -0.000233 -0.000717
920.161844 -0.000054 -0.000522
938.506927 0.000516 -0.000864
956.854248 0.000775 -0.001501
975.203808 -0.000137 -0.001500
993.555608 -0.000701 -0.001113
1011.909647 -0.000569 -0.001060
1030.265926 -0.000985 -0.001516
1048.624446 -0.000629 -0.001105
1066.985207 0.000306 -0.000148
1085.348209 -0.000434 -0.000254
1103.713452 -0.001675 -0.002144
1122.080938 -0.000585 -0.003441
1140.450666 0.001320 -0.001208
1158.822637 0.001070 -0.000924
1177.196852 0.000605 -0.001183
1195.573310 0.001746 -0.000383
1213.952013 0.002321 -0.000041
1232.332960 0.000964 -0.001235
1250.716152 0.000052 -0.001663
1269.101590 0.000565 -0.000350
1287.489273 -0.000265 -0.000942
1305.879203 -0.001823 -0.003026
1324.271379 -0.001717 -0.002059
1342.665802 -0.000836 -0.000211
1361.062473 -0.000610 -0.000260
1379.461392 -0.000465 -0.000240
1397.862559 -0.000349 -0.000573
1416.265974 -0.001353 -0.000323
1434.671639 -0.002041 -0.000617
1453.079553 -0.001056 -0.000014
1471.489718 0.000725 -0.001340
1489.902132 0.001580 -0.002577
1508.316798 0.000669 -0.001737
1526.733714 0.000067 -0.001194
1545.152882 0.000819 -0.002300
1563.574303 0.001588 -0.003777
1581.997975 0.001743 -0.003191
1600.423901 0.001534 -0.002291
1618.852079 0.001483 -0.001509
1637.282512 0.001660 -0.001471
1655.715198 0.001283 -0.000433
1674.150139 0.000318 -0.002357
