     1        1.2       16.      2.37E-04  9.11E-04  3.42E-03 -3.32E-03   65536
     2        1.2       14.      2.16E-04  7.69E-04  2.67E-03 -2.44E-03   65536
     3        1.2       14.      2.19E-04  7.81E-04  2.83E-03 -2.97E-03   65536
     4        1.2       13.      2.03E-04  8.04E-04  3.14E-03 -2.35E-03   65536
     5        1.2       10.      1.57E-04  7.85E-04  2.64E-03 -2.64E-03   65536
     6        1.2       6.4      9.78E-05  7.50E-04  2.41E-03 -2.60E-03   65536
     7        1.2      0.70      1.07E-05  8.38E-04  2.74E-03 -2.75E-03   65536
     8        1.2      -5.1     -7.77E-05  8.93E-04  2.75E-03 -3.26E-03   65536
     9        1.2      -8.1     -1.24E-04  8.42E-04  2.65E-03 -2.76E-03   65536
    10        1.2      -8.2     -1.25E-04  7.65E-04  2.75E-03 -2.72E-03   65536
    11        1.2      -9.6     -1.46E-04  6.91E-04  2.06E-03 -2.72E-03   65536
    12        1.2      -11.     -1.65E-04  6.90E-04  2.05E-03 -2.73E-03   65536
    13        1.2      -7.7     -1.17E-04  6.74E-04  2.77E-03 -2.46E-03   65536
    14        1.2      -6.2     -9.39E-05  6.76E-04  2.22E-03 -2.66E-03   65536
    15        1.2      -6.1     -9.36E-05  6.72E-04  2.37E-03 -2.54E-03   65536
    16        1.2      -2.8     -4.21E-05  6.78E-04  2.67E-03 -2.39E-03   65536
    17        1.2      0.20      3.09E-06  7.24E-04  2.53E-03 -2.40E-03   65536
    18        1.2       2.3      3.44E-05  7.47E-04  2.46E-03 -2.57E-03   65536
    19        1.2       6.3      9.62E-05  7.12E-04  2.42E-03 -2.23E-03   65536
    20        1.2       10.      1.55E-04  6.85E-04  2.86E-03 -1.96E-03   65536
    21        1.2       12.      1.82E-04  6.61E-04  2.53E-03 -1.99E-03   65536
    22        1.2       11.      1.65E-04  6.57E-04  2.23E-03 -2.64E-03   65536
    23        1.2       7.2      1.10E-04  6.56E-04  2.39E-03 -3.00E-03   65536
    24        1.2       4.8      7.37E-05  6.78E-04  2.46E-03 -2.52E-03   65536
    25        1.2       3.5      5.39E-05  6.79E-04  2.52E-03 -2.58E-03   65536
    26        1.2      0.17      2.64E-06  7.02E-04  2.42E-03 -2.35E-03   65536
    27        1.2      -5.1     -7.72E-05  7.53E-04  2.24E-03 -2.81E-03   65536
    28        1.2      -8.6     -1.31E-04  7.91E-04  2.88E-03 -2.69E-03   65536
    29        1.2      -11.     -1.64E-04  7.72E-04  2.43E-03 -2.95E-03   65536
    30        1.2      -13.     -1.93E-04  7.43E-04  2.14E-03 -2.87E-03   65536
    31        1.2      -11.     -1.75E-04  7.04E-04  2.16E-03 -2.47E-03   65536
    32        1.2      -9.2     -1.40E-04  6.86E-04  2.12E-03 -2.88E-03   65536
    33        1.2      -7.5     -1.15E-04  7.05E-04  2.14E-03 -2.98E-03   65536
    34        1.2      -4.7     -7.17E-05  7.01E-04  2.23E-03 -2.40E-03   65536
    35        1.2      -1.5     -2.35E-05  7.11E-04  2.62E-03 -2.43E-03   65536
    36        1.2       1.7      2.54E-05  7.32E-04  2.53E-03 -2.64E-03   65536
    37        1.2       3.8      5.75E-05  7.23E-04  2.57E-03 -2.45E-03   65536
    38        1.2       5.4      8.30E-05  7.11E-04  2.92E-03 -2.57E-03   65536
    39        1.2       7.5      1.14E-04  6.67E-04  2.19E-03 -2.28E-03   65536
    40        1.2       7.6      1.16E-04  6.40E-04  2.36E-03 -2.43E-03   65536
    41        1.2       8.4      1.28E-04  6.31E-04  2.06E-03 -2.79E-03   65536
    42        1.2       8.3      1.27E-04  6.50E-04  2.35E-03 -2.33E-03   65536
    43        1.2       4.8      7.35E-05  6.38E-04  2.48E-03 -2.04E-03   65536
    44        1.2       2.2      3.37E-05  6.81E-04  2.43E-03 -2.30E-03   65536
    45        1.2      6.76E-02  1.03E-06  7.21E-04  2.31E-03 -2.33E-03   65536
    46        1.2      -3.0     -4.63E-05  6.97E-04  2.26E-03 -2.69E-03   65536
    47        1.2      -5.5     -8.39E-05  6.86E-04  2.27E-03 -2.90E-03   65536
    48        1.2      -6.8     -1.04E-04  6.78E-04  2.59E-03 -2.60E-03   65536
    49        1.2      -6.7     -1.02E-04  6.10E-04  2.18E-03 -2.37E-03   65536
    50        1.2      -5.7     -8.68E-05  6.34E-04  2.48E-03 -2.45E-03   65536
    51        1.2      -5.6     -8.60E-05  7.04E-04  2.28E-03 -2.99E-03   65536
    52        1.2      -5.8     -8.86E-05  7.19E-04  2.28E-03 -2.67E-03   65536
    53        1.2      -4.0     -6.16E-05  7.52E-04  2.63E-03 -2.85E-03   65536
    54        1.2     -0.58     -8.78E-06  7.62E-04  3.32E-03 -2.88E-03   65536
    55        1.2       3.7      5.60E-05  7.56E-04  3.51E-03 -2.90E-03   65536
    56        1.2       6.1      9.25E-05  7.78E-04  3.23E-03 -3.09E-03   65536
    57        1.2       5.7      8.74E-05  7.50E-04  2.41E-03 -2.75E-03   65536
    58        1.2       5.4      8.31E-05  6.91E-04  2.41E-03 -2.34E-03   65536
    59        1.2       5.3      8.12E-05  7.00E-04  2.59E-03 -2.18E-03   65536
    60        1.2       4.7      7.20E-05  7.34E-04  2.51E-03 -2.52E-03   65536
    61        1.2       5.1      7.82E-05  7.74E-04  2.93E-03 -2.41E-03   65536
    62        1.2       5.7      8.74E-05  7.57E-04  2.94E-03 -2.30E-03   65536
    63        1.2       4.5      6.83E-05  7.29E-04  2.81E-03 -2.33E-03   65536
    64        1.2       1.9      2.92E-05  7.29E-04  2.40E-03 -2.33E-03   65536
    65        1.2     -0.91     -1.39E-05  7.08E-04  2.60E-03 -2.12E-03   65536
    66        1.2      -3.4     -5.22E-05  6.86E-04  2.94E-03 -2.27E-03   65536
    67        1.2      -5.3     -8.11E-05  6.86E-04  2.30E-03 -2.55E-03   65536
    68        1.2      -6.1     -9.24E-05  6.97E-04  2.27E-03 -3.06E-03   65536
    69        1.2      -6.1     -9.23E-05  6.77E-04  2.34E-03 -2.79E-03   65536
    70        1.2      -5.8     -8.86E-05  6.48E-04  2.13E-03 -2.42E-03   65536
    71        1.2      -5.4     -8.27E-05  6.53E-04  2.23E-03 -2.51E-03   65536
    72        1.2      -4.7     -7.22E-05  6.59E-04  2.50E-03 -2.66E-03   65536
    73        1.2      -3.0     -4.65E-05  6.72E-04  2.22E-03 -2.38E-03   65536
    74        1.2      -1.1     -1.64E-05  6.71E-04  2.30E-03 -2.16E-03   65536
    75        1.2      0.39      5.93E-06  6.62E-04  2.55E-03 -2.30E-03   65536
    76        1.2       1.1      1.66E-05  6.84E-04  2.16E-03 -2.49E-03   65536
    77        1.2       1.6      2.52E-05  6.91E-04  2.34E-03 -2.56E-03   65536
    78        1.2       1.6      2.51E-05  7.06E-04  2.22E-03 -3.05E-03   65536
    79        1.2       1.9      2.86E-05  7.04E-04  2.32E-03 -2.67E-03   65536
    80        1.2       3.4      5.14E-05  7.36E-04  2.74E-03 -2.51E-03   65536
    81        1.2       3.0      4.61E-05  7.70E-04  3.17E-03 -2.41E-03   65536
    82        1.2      0.32      4.94E-06  7.65E-04  2.96E-03 -2.58E-03   65536
    83        1.2     -0.60     -9.19E-06  7.24E-04  2.81E-03 -2.20E-03   65536
    84        1.2      0.22      3.35E-06  6.92E-04  2.76E-03 -2.36E-03   65536
    85        1.2      0.15      2.23E-06  6.88E-04  2.66E-03 -2.10E-03   65536
    86        1.2      5.87E-02  8.95E-07  7.02E-04  2.49E-03 -2.15E-03   65536
    87        1.2     -0.69     -1.06E-05  7.27E-04  2.57E-03 -2.67E-03   65536
    88        1.2      -2.5     -3.84E-05  7.41E-04  3.23E-03 -2.79E-03   65536
    89        1.2      -3.1     -4.70E-05  7.03E-04  3.24E-03 -2.66E-03   65536
    90        1.2      -1.8     -2.75E-05  6.83E-04  2.54E-03 -2.27E-03   65536
    91        1.2     -0.28     -4.30E-06  6.71E-04  2.72E-03 -2.34E-03   65536
    92        1.2      0.53      8.13E-06  6.92E-04  2.45E-03 -2.56E-03   65536
    93        1.2       1.0      1.56E-05  7.14E-04  2.94E-03 -2.60E-03   65536
    94        1.2       1.9      2.92E-05  6.72E-04  2.85E-03 -2.93E-03   65536
    95        1.2       2.6      4.04E-05  6.94E-04  2.43E-03 -2.72E-03   65536
    96        1.2       2.3      3.51E-05  7.27E-04  2.27E-03 -2.22E-03   65536
    97        1.2       1.4      2.18E-05  7.25E-04  2.74E-03 -2.80E-03   65536
    98        1.2     -0.15     -2.22E-06  6.96E-04  3.16E-03 -2.66E-03   65536
    99        1.2      -1.7     -2.53E-05  7.36E-04  2.86E-03 -2.90E-03   65536
   100        1.2      -2.5     -3.76E-05  7.62E-04  2.48E-03 -2.51E-03   65536
   101        1.2      -3.4     -5.25E-05  7.89E-04  2.66E-03 -3.00E-03   65536
   102        1.2      -4.2     -6.36E-05  7.49E-04  2.77E-03 -3.27E-03   65536
   103        1.2      -3.8     -5.74E-05  7.24E-04  2.69E-03 -2.45E-03   65536
   104        1.2      -2.2     -3.36E-05  7.44E-04  2.51E-03 -2.83E-03   65536
   105        1.2     -0.76     -1.16E-05  7.18E-04  2.26E-03 -2.34E-03   65536
   106        1.2     -0.90     -1.37E-05  7.08E-04  2.20E-03 -2.45E-03   65536
   107        1.2      -1.6     -2.38E-05  7.18E-04  2.55E-03 -2.66E-03   65536
   108        1.2      -1.5     -2.23E-05  6.99E-04  2.38E-03 -2.81E-03   65536
   109        1.2      -1.2     -1.88E-05  7.00E-04  2.30E-03 -2.55E-03   65536
   110        1.2     -0.51     -7.73E-06  6.80E-04  2.44E-03 -2.80E-03   65536
   111        1.2     -0.31     -4.80E-06  6.39E-04  2.43E-03 -2.63E-03   65536
   112        1.2      -1.4     -2.17E-05  6.38E-04  2.15E-03 -2.34E-03   65536
   113        1.2      -1.6     -2.39E-05  6.76E-04  2.20E-03 -2.52E-03   65536
   114        1.2     -0.89     -1.36E-05  6.89E-04  2.36E-03 -3.00E-03   65536
   115        1.2     -0.27     -4.12E-06  6.67E-04  2.94E-03 -2.90E-03   65536
   116        1.2      0.46      6.96E-06  6.38E-04  2.58E-03 -2.31E-03   65536
   117        1.2      0.30      4.65E-06  6.71E-04  2.27E-03 -2.88E-03   65536
   118        1.2      0.18      2.68E-06  6.97E-04  2.41E-03 -2.66E-03   65536
   119        1.2      0.77      1.18E-05  7.04E-04  2.75E-03 -2.65E-03   65536
   120        1.2      1.22E-02  1.85E-07  6.86E-04  3.90E-03 -2.37E-03   65536
   121        1.2      -1.2     -1.82E-05  6.45E-04  2.79E-03 -2.60E-03   65536
   122        1.2      -1.1     -1.67E-05  6.59E-04  2.42E-03 -2.07E-03   65536
   123        1.2      -1.1     -1.72E-05  6.73E-04  2.53E-03 -2.66E-03   65536
   124        1.2      -1.1     -1.63E-05  6.50E-04  1.99E-03 -2.55E-03   65536
   125        1.2     -0.28     -4.30E-06  6.17E-04  2.37E-03 -2.22E-03   65536
   126        1.2      0.46      7.09E-06  6.38E-04  2.36E-03 -2.50E-03   65536
   127        1.2      0.36      5.45E-06  6.46E-04  2.41E-03 -2.19E-03   65536
   128        1.2      2.24E-02  3.42E-07  6.10E-04  2.39E-03 -2.29E-03   65536
   129        1.2      0.54      8.27E-06  5.86E-04  2.28E-03 -1.99E-03   65536
   130        1.2      0.78      1.19E-05  6.12E-04  1.97E-03 -2.21E-03   65536
   131        1.2       1.2      1.83E-05  6.26E-04  2.43E-03 -2.18E-03   65536
   132        1.2       1.4      2.18E-05  5.87E-04  2.21E-03 -2.09E-03   65536
   133        1.2      0.26      3.96E-06  5.99E-04  1.99E-03 -2.15E-03   65536
   134        1.2     -0.64     -9.74E-06  5.94E-04  2.14E-03 -2.62E-03   65536
   135        1.2      -1.3     -1.96E-05  5.79E-04  1.96E-03 -2.45E-03   65536
   136        1.2      -2.3     -3.54E-05  5.93E-04  2.10E-03 -2.28E-03   65536
   137        1.2      -1.3     -1.99E-05  5.88E-04  2.09E-03 -2.20E-03   65536
   138        1.2      0.90      1.38E-05  5.84E-04  2.01E-03 -2.02E-03   65536
   139        1.2      0.67      1.02E-05  5.86E-04  2.03E-03 -1.98E-03   65536
   140        1.2      -1.6     -2.38E-05  5.69E-04  2.00E-03 -2.16E-03   65536
   141        1.2      -3.0     -4.51E-05  5.67E-04  2.23E-03 -2.10E-03   65536
   142        1.2      -1.8     -2.71E-05  5.96E-04  2.46E-03 -2.19E-03   65536
   143        1.2      0.22      3.37E-06  5.95E-04  2.59E-03 -2.01E-03   65536
   144        1.2       1.2      1.77E-05  5.86E-04  2.09E-03 -2.26E-03   65536
   145        1.2       1.2      1.77E-05  5.80E-04  2.49E-03 -2.30E-03   65536
   146        1.2      0.57      8.71E-06  5.67E-04  2.36E-03 -2.82E-03   65536
   147        1.2     -0.24     -3.64E-06  5.93E-04  2.50E-03 -2.35E-03   65536
   148        1.2      -1.1     -1.70E-05  5.81E-04  2.37E-03 -2.28E-03   65536
   149        1.2      -1.2     -1.78E-05  5.92E-04  2.06E-03 -2.03E-03   65536
   150        1.2     -0.52     -7.91E-06  5.82E-04  1.84E-03 -2.26E-03   65536
   151        1.2      5.55E-02  8.47E-07  5.75E-04  2.05E-03 -2.15E-03   65536
   152        1.2     -0.10     -1.56E-06  6.01E-04  2.10E-03 -2.12E-03   65536
   153        1.2      -1.2     -1.89E-05  6.13E-04  1.96E-03 -2.25E-03   65536
   154        1.2      -1.2     -1.76E-05  5.81E-04  2.00E-03 -2.28E-03   65536
   155        1.2      0.17      2.52E-06  5.70E-04  2.38E-03 -2.40E-03   65536
   156        1.2      0.31      4.70E-06  5.52E-04  2.10E-03 -2.06E-03   65536
   157        1.2      6.38E-02  9.74E-07  5.60E-04  2.15E-03 -2.02E-03   65536
   158        1.2      0.71      1.09E-05  5.60E-04  1.83E-03 -1.96E-03   65536
   159        1.2       1.0      1.58E-05  5.71E-04  2.20E-03 -2.19E-03   65536
   160        1.2      0.66      1.01E-05  6.05E-04  2.29E-03 -2.25E-03   65536
   161        1.2      0.17      2.56E-06  6.01E-04  2.17E-03 -1.99E-03   65536
   162        1.2     -0.87     -1.33E-05  6.07E-04  2.18E-03 -2.65E-03   65536
   163        1.2     -0.94     -1.44E-05  5.90E-04  2.08E-03 -2.24E-03   65536
   164        1.2      0.31      4.77E-06  5.81E-04  2.14E-03 -1.93E-03   65536
   165        1.2       1.0      1.54E-05  6.10E-04  2.45E-03 -2.04E-03   65536
   166        1.2       1.3      1.91E-05  6.16E-04  2.18E-03 -2.02E-03   65536
   167        1.2       1.5      2.33E-05  5.89E-04  2.63E-03 -2.36E-03   65536
   168        1.2       1.5      2.26E-05  5.94E-04  2.27E-03 -2.52E-03   65536
   169        1.2       1.1      1.65E-05  6.15E-04  2.21E-03 -2.25E-03   65536
   170        1.2       1.1      1.61E-05  6.05E-04  2.23E-03 -2.18E-03   65536
   171        1.2       1.2      1.86E-05  6.20E-04  2.17E-03 -2.16E-03   65536
   172        1.2       1.0      1.54E-05  6.27E-04  2.14E-03 -2.53E-03   65536
   173        1.2      5.44E-02  8.30E-07  5.88E-04  2.29E-03 -2.75E-03   65536
   174        1.2     -0.49     -7.55E-06  6.01E-04  2.18E-03 -2.35E-03   65536
   175        1.2     -8.50E-02 -1.30E-06  6.21E-04  2.15E-03 -2.34E-03   65536
   176        1.2      0.39      5.97E-06  6.64E-04  2.35E-03 -2.75E-03   65536
   177        1.2      0.64      9.82E-06  6.45E-04  2.45E-03 -2.76E-03   65536
   178        1.2      4.04E-02  6.16E-07  6.27E-04  2.30E-03 -2.41E-03   65536
   179        1.2     -0.47     -7.22E-06  6.39E-04  2.31E-03 -2.51E-03   65536
   180        1.2     -0.77     -1.18E-05  6.39E-04  2.54E-03 -2.20E-03   65536
   181        1.2      -1.7     -2.57E-05  6.43E-04  2.45E-03 -2.75E-03   65536
   182        1.2      -1.6     -2.42E-05  6.38E-04  2.51E-03 -2.17E-03   65536
   183        1.2      0.32      4.88E-06  6.55E-04  2.24E-03 -2.21E-03   65536
   184        1.2       1.6      2.51E-05  6.68E-04  2.74E-03 -2.73E-03   65536
   185        1.2       1.7      2.57E-05  8.08E-04  3.13E-03 -3.31E-03   65536
