freq[Hz],vel[km/s],flux[Jy/beam],noise[Jy/beam],tau,tau_noise
1391196919.07 6294.28328914 0.0 nan nan nan
1391118800.5 6311.47165581 0.0 nan nan nan
1391040681.92 6328.66195303 0.0 nan nan nan
1390962563.35 6345.85418111 0.0 nan nan nan
1390884444.77 6363.04834039 0.0 nan nan nan
1390806326.2 6380.24443118 0.0 nan nan nan
1390728207.62 6397.44245382 0.0 nan nan nan
1390650089.05 6414.64240862 0.0 nan nan nan
1390571970.47 6431.84429592 0.0 nan nan nan
1390493851.9 6449.04811603 0.0 nan nan nan
1390415733.32 6466.2538693 0.0 nan nan nan
1390337614.75 6483.46155603 0.0 nan nan nan
1390259496.17 6500.67117656 0.0 nan nan nan
1390181377.6 6517.88273122 0.0 nan nan nan
1390103259.02 6535.09622032 0.0 nan nan nan
1390025140.45 6552.3116442 0.0 nan nan nan
1389947021.87 6569.52900318 0.0 nan nan nan
1389868903.3 6586.74829759 0.0 nan nan nan
1389790784.72 6603.96952775 0.0 nan nan nan
1389712666.15 6621.19269399 0.0 nan nan nan
1389634547.57 6638.41779664 0.0 nan nan nan
1389556429.0 6655.64483603 0.0 nan nan nan
1389478310.42 6672.87381247 0.0 nan nan nan
1389400191.85 6690.10472631 -0.000279178842902 nan -inf nan
1389322073.27 6707.33757785 -0.000592091295402 nan -inf nan
1389243954.7 6724.57236744 -0.000878038350493 nan -inf nan
1389165836.12 6741.80909539 -0.000735131616239 nan -inf nan
1389087717.55 6759.04776204 -8.88847280294e-05 nan -inf nan
1389009598.97 6776.28836772 -0.00094359164359 nan -inf nan
1388931480.4 6793.53091274 -0.00247098272666 nan -inf nan
1388853361.82 6810.77539743 -0.0015077785356 nan -inf nan
1388775243.25 6828.02182213 0.000717181130312 nan nan nan
1388697124.67 6845.27018717 0.00150189094711 nan nan nan
1388619006.1 6862.52049286 0.0014847679995 nan nan nan
1388540887.52 6879.77273953 0.000400683202315 nan nan nan
1388462768.95 6897.02692753 -0.00140783493407 nan -inf nan
1388384650.37 6914.28305716 -0.000844574999064 nan -inf nan
1388306531.8 6931.54112876 0.0013988816645 nan nan nan
1388228413.22 6948.80114266 0.00145094783511 nan nan nan
1388150294.65 6966.06309918 -0.000112003763206 nan -inf nan
1388072176.07 6983.32699866 6.35228934698e-05 nan nan nan
1387994057.5 7000.59284141 0.00106640427839 nan nan nan
1387915938.92 7017.86062778 0.000729068065993 nan nan nan
1387837820.35 7035.13035808 0.000230141871725 nan nan nan
1387759701.77 7052.40203265 0.000123506732052 nan nan nan
1387681583.2 7069.67565182 -0.000693632347975 nan -inf nan
1387603464.62 7086.9512159 -0.00117456144653 nan -inf nan
1387525346.05 7104.22872524 -0.00111047038808 nan -inf nan
1387447227.47 7121.50818015 -0.000891449511983 nan -inf nan
1387369108.9 7138.78958098 0.000356309989002 nan nan nan
1387290990.32 7156.07292804 0.00166067224927 nan nan nan
1387212871.75 7173.35822166 0.00225996645167 nan nan nan
1387134753.17 7190.64546219 0.00209654471837 nan nan nan
1387056634.6 7207.93464993 0.000893240328878 nan nan nan
1386978516.02 7225.22578523 0.000293785211397 nan nan nan
1386900397.45 7242.5188684 0.00128567940556 nan nan nan
1386822278.87 7259.81389979 0.00133616710082 nan nan nan
1386744160.3 7277.11087972 0.000603511696681 nan nan nan
1386666041.72 7294.40980852 8.89671500772e-05 nan nan nan
1386587923.15 7311.71068652 -0.000204352138098 nan -inf nan
1386509804.57 7329.01351404 0.000617770594545 nan nan nan
1386431686.0 7346.31829143 0.00129949464463 nan nan nan
1386353567.42 7363.625019 0.00085054471856 nan nan nan
1386275448.85 7380.93369708 -0.00082555890549 nan -inf nan
1386197330.27 7398.24432602 -0.00141809810884 nan -inf nan
1386119211.7 7415.55690613 -0.000299322651699 nan -inf nan
1386041093.13 7432.87143774 0.00045025307918 nan nan nan
1385962974.55 7450.1879212 -0.000179554743227 nan -inf nan
1385884855.98 7467.50635682 -0.00150540552568 nan -inf nan
1385806737.4 7484.82674493 -3.64877050743e-05 nan -inf nan
1385728618.83 7502.14908588 0.00201418343931 nan nan nan
1385650500.25 7519.47337998 0.000482097850181 nan nan nan
1385572381.68 7536.79962756 -0.00155888008885 nan -inf nan
1385494263.1 7554.12782897 -0.00135059549939 nan -inf nan
1385416144.53 7571.45798452 -0.000849341857247 nan -inf nan
1385338025.95 7588.79009456 -0.00197286903858 nan -inf nan
1385259907.38 7606.1241594 -0.00204021134414 nan -inf nan
1385181788.8 7623.46017938 -0.000163001721376 nan -inf nan
1385103670.23 7640.79815484 0.00136741122697 nan nan nan
1385025551.65 7658.1380861 0.00170605978929 nan nan nan
1384947433.08 7675.47997349 0.000683024525642 nan nan nan
1384869314.5 7692.82381734 -0.000204226729693 nan -inf nan
1384791195.93 7710.16961799 -0.000958194257692 nan -inf nan
1384713077.35 7727.51737576 -0.000748266349547 nan -inf nan
1384634958.78 7744.867091 0.000353840558091 nan nan nan
1384556840.2 7762.21876402 -7.50908220652e-05 nan -inf nan
1384478721.63 7779.57239516 -0.00103604770266 nan -inf nan
1384400603.05 7796.92798475 -0.00114470464177 nan -inf nan
1384322484.48 7814.28553313 -0.000961911049671 nan -inf nan
1384244365.9 7831.64504062 -0.00107540423051 nan -inf nan
1384166247.33 7849.00650756 -0.000650863919873 nan -inf nan
1384088128.75 7866.36993428 0.000240672641667 nan nan nan
1384010010.18 7883.73532111 0.00122278381605 nan nan nan
1383931891.6 7901.10266838 0.00204835971817 nan nan nan
1383853773.03 7918.47197642 0.0015221410431 nan nan nan
1383775654.45 7935.84324557 -2.10235011764e-05 nan -inf nan
1383697535.88 7953.21647616 -0.00177224201616 nan -inf nan
1383619417.3 7970.59166852 -0.00191690307111 nan -inf nan
1383541298.73 7987.96882299 -0.000185134806088 nan -inf nan
1383463180.15 8005.34793988 0.000411304761656 nan nan nan
1383385061.58 8022.72901955 -0.000103462400148 nan -inf nan
1383306943.0 8040.11206232 2.21436930588e-05 nan nan nan
1383228824.43 8057.49706852 -9.89121908788e-05 nan -inf nan
1383150705.85 8074.88403848 -6.67525455356e-07 nan -inf nan
1383072587.28 8092.27297254 0.00127781229094 nan nan nan
1382994468.7 8109.66387104 0.00179665978067 nan nan nan
1382916350.13 8127.0567343 0.000795264262706 nan nan nan
1382838231.55 8144.45156265 -0.000703008612618 nan -inf nan
1382760112.98 8161.84835644 -0.00135737587698 nan -inf nan
1382681994.4 8179.24711599 -0.000732255110051 nan -inf nan
1382603875.83 8196.64784163 -0.00034238822991 nan -inf nan
1382525757.25 8214.05053371 -0.000661774654873 nan -inf nan
1382447638.68 8231.45519255 -0.0012476881966 nan -inf nan
1382369520.1 8248.86181848 -0.00129735039081 nan -inf nan
1382291401.53 8266.27041185 -0.000298624741845 nan -inf nan
1382213282.95 8283.68097298 -0.000573138298932 nan -inf nan
1382135164.38 8301.0935022 -0.00100751663558 nan -inf nan
1382057045.8 8318.50799986 0.000226269825362 nan nan nan
1381978927.23 8335.92446628 0.000467013189336 nan nan nan
1381900808.65 8353.3429018 -0.000825977360364 nan -inf nan
1381822690.08 8370.76330676 -0.00133431947324 nan -inf nan
1381744571.5 8388.18568148 0.000225576543016 nan nan nan
1381666452.93 8405.6100263 0.00190908461809 nan nan nan
1381588334.35 8423.03634155 0.00184619589709 nan nan nan
1381510215.78 8440.46462758 0.000755159649998 nan nan nan
1381432097.2 8457.8948847 0.000816994288471 nan nan nan
1381353978.63 8475.32711327 0.00136243470479 nan nan nan
1381275860.05 8492.76131361 0.00041095141205 nan nan nan
1381197741.48 8510.19748606 0.000166659607203 nan nan nan
1381119622.91 8527.63563094 0.000904722313862 nan nan nan
1381041504.33 8545.07574861 0.000996758695692 nan nan nan
1380963385.76 8562.51783938 0.001234344556 nan nan nan
1380885267.18 8579.9619036 0.00138439098373 nan nan nan
1380807148.61 8597.40794161 0.00141727831215 nan nan nan
1380729030.03 8614.85595372 0.00139023247175 nan nan nan
1380650911.46 8632.30594029 0.000921267550439 nan nan nan
1380572792.88 8649.75790165 0.00129508622922 nan nan nan
1380494674.31 8667.21183812 0.000998234143481 nan nan nan
1380416555.73 8684.66775006 -0.000436493341113 nan -inf nan
1380338437.16 8702.12563778 -0.000296486250591 nan -inf nan
1380260318.58 8719.58550164 -1.25474471133e-05 nan -inf nan
1380182200.01 8737.04734195 -0.000437336042523 nan -inf nan
1380104081.43 8754.51115907 0.000309236405883 nan nan nan
1380025962.86 8771.97695332 0.000502765411511 nan nan nan
1379947844.28 8789.44472504 -0.000173506647116 nan -inf nan
1379869725.71 8806.91447457 -0.000576433958486 nan -inf nan
1379791607.13 8824.38620224 -0.00226608105004 nan -inf nan
1379713488.56 8841.85990838 -0.00280223693699 nan -inf nan
1379635369.98 8859.33559334 -0.00126843329053 nan -inf nan
1379557251.41 8876.81325746 -0.000282342982246 nan -inf nan
1379479132.83 8894.29290105 0.000204061245313 nan nan nan
1379401014.26 8911.77452448 0.00122516450938 nan nan nan
1379322895.68 8929.25812806 0.00263929273933 nan nan nan
1379244777.11 8946.74371213 0.00125734345056 nan nan nan
1379166658.53 8964.23127704 -0.00118420121726 nan -inf nan
1379088539.96 8981.72082312 -0.00134750688449 nan -inf nan
1379010421.38 8999.2123507 -0.00130947132129 nan -inf nan
1378932302.81 9016.70586012 6.81566307321e-05 nan nan nan
1378854184.23 9034.20135173 0.00137071136851 nan nan nan
1378776065.66 9051.69882585 0.000265241891611 nan nan nan
1378697947.08 9069.19828282 -7.42202610127e-05 nan -inf nan
1378619828.51 9086.69972299 -0.000319801736623 nan -inf nan
1378541709.93 9104.20314668 -0.000725109595805 nan -inf nan
1378463591.36 9121.70855423 4.90223392262e-05 nan nan nan
1378385472.78 9139.21594599 2.90043535642e-05 nan nan nan
1378307354.21 9156.72532229 -0.0011843952816 nan -inf nan
1378229235.63 9174.23668346 -0.00155323196668 nan -inf nan
1378151117.06 9191.75002985 -0.000697525101714 nan -inf nan
1378072998.48 9209.26536178 0.000204265874345 nan nan nan
1377994879.91 9226.78267961 0.000657677650452 nan nan nan
1377916761.33 9244.30198367 0.000950944144279 nan nan nan
1377838642.76 9261.82327429 0.000512646220159 nan nan nan
1377760524.18 9279.34655181 -0.000261446693912 nan -inf nan
1377682405.61 9296.87181658 -0.000266984279733 nan -inf nan
1377604287.03 9314.39906892 -0.000476287619676 nan -inf nan
1377526168.46 9331.92830918 4.44299948867e-05 nan nan nan
1377448049.88 9349.4595377 0.000701366283465 nan nan nan
1377369931.31 9366.99275481 0.000802890630439 nan nan nan
1377291812.73 9384.52796085 0.00134986068588 nan nan nan
1377213694.16 9402.06515616 0.00185197987594 nan nan nan
1377135575.58 9419.60434109 0.00125564902555 nan nan nan
1377057457.01 9437.14551596 -0.000730903237127 nan -inf nan
1376979338.43 9454.68868111 -0.00131832691841 nan -inf nan
1376901219.86 9472.23383689 -0.000248911092058 nan -inf nan
1376823101.28 9489.78098364 0.00086793344235 nan nan nan
1376744982.71 9507.33012169 0.00127148756292 nan nan nan
1376666864.13 9524.88125138 0.000293271790724 nan nan nan
1376588745.56 9542.43437305 -8.95748962648e-06 nan -inf nan
1376510626.98 9559.98948704 0.000449444836704 nan nan nan
1376432508.41 9577.54659369 0.000869969138876 nan nan nan
1376354389.83 9595.10569333 0.000379726756364 nan nan nan
1376276271.26 9612.66678632 -0.00169146223925 nan -inf nan
1376198152.68 9630.22987298 -0.00151501141954 nan -inf nan
1376120034.11 9647.79495366 0.000157107802806 nan nan nan
1376041915.54 9665.3620287 0.000724501907825 nan nan nan
1375963796.96 9682.93109843 0.000845183676574 nan nan nan
1375885678.39 9700.5021632 0.000822917034384 nan nan nan
1375807559.81 9718.07522335 0.000756068038754 nan nan nan
1375729441.24 9735.65027921 -0.000286161841359 nan -inf nan
1375651322.66 9753.22733112 -0.00104262540117 nan -inf nan
1375573204.09 9770.80637944 -0.000448085542303 nan -inf nan
1375495085.51 9788.38742448 0.0 nan nan nan
1375416966.94 9805.97046661 0.0 nan nan nan
1375338848.36 9823.55550615 0.0 nan nan nan
1375260729.79 9841.14254345 0.0 nan nan nan
1375182611.21 9858.73157884 0.0 nan nan nan
1375104492.64 9876.32261267 0.0 nan nan nan
1375026374.06 9893.91564528 0.0 nan nan nan
1374948255.49 9911.51067701 0.0 nan nan nan
1374870136.91 9929.1077082 0.0 nan nan nan
1374792018.34 9946.70673919 0.0 nan nan nan
1374713899.76 9964.30777032 0.0 nan nan nan
1374635781.19 9981.91080194 0.0 nan nan nan
1374557662.61 9999.51583438 0.0 nan nan nan
1374479544.04 10017.122868 0.0 nan nan nan
1374401425.46 10034.7319031 0.0 nan nan nan
1374323306.89 10052.34294 0.0 nan nan nan
1374245188.31 10069.9559792 0.0 nan nan nan
1374167069.74 10087.5710209 0.0 nan nan nan
1374088951.16 10105.1880654 0.0 nan nan nan
