freq[Hz],vel[km/s],flux[Jy/beam],noise[Jy/beam],tau,tau_noise
1399446319.1 4489.97544374 0.0 nan nan nan
1399368200.98 4506.9616614 0.0 nan nan nan
1399290082.85 4523.94977565 0.0 nan nan nan
1399211964.73 4540.93978679 0.0 nan nan nan
1399133846.6 4557.93169515 0.0 nan nan nan
1399055728.48 4574.92550103 0.0 nan nan nan
1398977610.36 4591.92120477 0.0 nan nan nan
1398899492.23 4608.91880667 0.0 nan nan nan
1398821374.11 4625.91830706 0.0 nan nan nan
1398743255.98 4642.91970625 0.0 nan nan nan
1398665137.86 4659.92300457 0.0 nan nan nan
1398587019.74 4676.92820232 -0.000200478592888 nan -inf nan
1398508901.61 4693.93529983 -0.000665330386255 nan -inf nan
1398430783.49 4710.94429742 -0.00106756144669 nan -inf nan
1398352665.36 4727.9551954 -0.00168082013261 nan -inf nan
1398274547.24 4744.96799409 -0.00140227819793 nan -inf nan
1398196429.12 4761.98269382 0.000481580238556 nan nan nan
1398118310.99 4778.99929489 0.00111136410851 nan nan nan
1398040192.87 4796.01779764 0.000937108125072 nan nan nan
1397962074.74 4813.03820237 0.00158200750593 nan nan nan
1397883956.62 4830.06050941 0.00171958655119 nan nan nan
1397805838.5 4847.08471908 0.00134713831358 nan nan nan
1397727720.37 4864.11083169 0.000918789650314 nan nan nan
1397649602.25 4881.13884757 0.00101205590181 nan nan nan
1397571484.12 4898.16876702 0.00130998995155 nan nan nan
1397493366.0 4915.20059038 9.57272714004e-05 nan nan nan
1397415247.88 4932.23431797 -0.00144126429223 nan -inf nan
1397337129.75 4949.26995009 -0.000316767487675 nan -inf nan
1397259011.63 4966.30748707 0.00125563575421 nan nan nan
1397180893.5 4983.34692923 -0.00013030442642 nan -inf nan
1397102775.38 5000.3882769 -0.00147763371933 nan -inf nan
1397024657.26 5017.43153038 -0.000380661396775 nan -inf nan
1396946539.13 5034.47669 0.000517349340953 nan nan nan
1396868421.01 5051.52375607 0.000108388790977 nan nan nan
1396790302.88 5068.57272893 -0.000780763919465 nan -inf nan
1396712184.76 5085.62360889 -0.0010253819637 nan -inf nan
1396634066.64 5102.67639626 -0.000788842444308 nan -inf nan
1396555948.51 5119.73109137 -0.00133383902721 nan -inf nan
1396477830.39 5136.78769454 -0.00115707493387 nan -inf nan
1396399712.26 5153.84620609 0.000560480635613 nan nan nan
1396321594.14 5170.90662634 0.00115619658027 nan nan nan
1396243476.02 5187.96895561 -0.00066730834078 nan -inf nan
1396165357.89 5205.03319422 -0.00129137327895 nan -inf nan
1396087239.77 5222.09934249 0.000222126342123 nan nan nan
1396009121.64 5239.16740074 0.000945567444433 nan nan nan
1395931003.52 5256.23736929 0.000438131653937 nan nan nan
1395852885.4 5273.30924846 -0.00111466820817 nan -inf nan
1395774767.27 5290.38303858 -0.00141209724825 nan -inf nan
1395696649.15 5307.45873996 0.000911398441531 nan nan nan
1395618531.03 5324.53635293 0.00235453527421 nan nan nan
1395540412.9 5341.6158778 0.00189976545516 nan nan nan
1395462294.78 5358.6973149 0.00091971247457 nan nan nan
1395384176.65 5375.78066455 -0.000115705435746 nan -inf nan
1395306058.53 5392.86592706 -0.000843150657602 nan -inf nan
1395227940.41 5409.95310277 -0.0017396111507 nan -inf nan
1395149822.28 5427.04219199 -0.00186648499221 nan -inf nan
1395071704.16 5444.13319505 -0.00108232931234 nan -inf nan
1394993586.03 5461.22611226 -0.0015714057954 nan -inf nan
1394915467.91 5478.32094394 -0.00231784628704 nan -inf nan
1394837349.79 5495.41769043 -0.00185914663598 nan -inf nan
1394759231.66 5512.51635203 -0.00115646037739 nan -inf nan
1394681113.54 5529.61692908 -9.0849789558e-05 nan -inf nan
1394602995.41 5546.71942189 0.000816118379589 nan nan nan
1394524877.29 5563.82383078 0.000343117280863 nan nan nan
1394446759.17 5580.93015609 -0.000486850854941 nan -inf nan
1394368641.04 5598.03839812 9.24635969568e-05 nan nan nan
1394290522.92 5615.14855721 0.00183906429447 nan nan nan
1394212404.79 5632.26063367 0.00285810069181 nan nan nan
1394134286.67 5649.37462782 0.00166552991141 nan nan nan
1394056168.55 5666.49054 -0.00100188795477 nan -inf nan
1393978050.42 5683.60837052 -0.00228779297322 nan -inf nan
1393899932.3 5700.7281197 -0.00144475651905 nan -inf nan
1393821814.17 5717.84978787 0.000254420738202 nan nan nan
1393743696.05 5734.97337534 0.00139197113458 nan nan nan
1393665577.93 5752.09888245 0.000861263368279 nan nan nan
1393587459.8 5769.22630952 -0.00044027750846 nan -inf nan
1393509341.68 5786.35565686 -0.000802529859357 nan -inf nan
1393431223.55 5803.4869248 0.00137245177757 nan nan nan
1393353105.43 5820.62011367 0.00332114123739 nan nan nan
1393274987.31 5837.75522378 0.00264644646086 nan nan nan
1393196869.18 5854.89225546 0.00116809806786 nan nan nan
1393118751.06 5872.03120904 0.000199198140763 nan nan nan
1393040632.93 5889.17208483 0.00014008913422 nan nan nan
1392962514.81 5906.31488317 -0.000342632149113 nan -inf nan
1392884396.69 5923.45960436 5.91750722378e-06 nan nan nan
1392806278.56 5940.60624875 0.00130596105009 nan nan nan
1392728160.44 5957.75481664 0.000881545827724 nan nan nan
1392650042.31 5974.90530837 -0.000702073448338 nan -inf nan
1392571924.19 5992.05772425 -0.000631529837847 nan -inf nan
1392493806.07 6009.21206462 0.000948908331338 nan nan nan
1392415687.94 6026.3683298 0.000525290670339 nan nan nan
1392337569.82 6043.5265201 -0.000480604765471 nan -inf nan
1392259451.69 6060.68663586 0.000768223137129 nan nan nan
1392181333.57 6077.84867739 0.000962916412391 nan nan nan
1392103215.45 6095.01264503 -0.00098941125907 nan -inf nan
1392025097.32 6112.17853909 -0.00136349373497 nan -inf nan
1391946979.2 6129.34635991 -0.00129960244521 nan -inf nan
1391868861.07 6146.5161078 -0.00123741629068 nan -inf nan
1391790742.95 6163.68778309 0.00116840796545 nan nan nan
1391712624.83 6180.8613861 0.0026156976819 nan nan nan
1391634506.7 6198.03691716 0.00146756356116 nan nan nan
1391556388.58 6215.2143766 -0.000595181598328 nan -inf nan
1391478270.45 6232.39376474 -0.00185633823276 nan -inf nan
1391400152.33 6249.57508189 -0.00155944842845 nan -inf nan
1391322034.21 6266.7583284 -0.000976454117335 nan -inf nan
1391243916.08 6283.94350458 -0.000227625627303 nan -inf nan
1391165797.96 6301.13061075 -0.000112818481284 nan -inf nan
1391087679.83 6318.31964725 0.000190410006326 nan nan nan
1391009561.71 6335.5106144 -8.61939042807e-05 nan -inf nan
1390931443.59 6352.70351253 -0.00150164472871 nan -inf nan
1390853325.46 6369.89834195 -0.000887919741217 nan -inf nan
1390775207.34 6387.09510299 0.0002506232413 nan nan nan
1390697089.21 6404.29379599 0.000710183056071 nan nan nan
1390618971.09 6421.49442126 0.00119855673984 nan nan nan
1390540852.97 6438.69697914 0.000903674634174 nan nan nan
1390462734.84 6455.90146994 -0.000810663972516 nan -inf nan
1390384616.72 6473.10789399 -0.00245432090014 nan -inf nan
1390306498.59 6490.31625162 -0.00227421475574 nan -inf nan
1390228380.47 6507.52654316 -0.00140138634015 nan -inf nan
1390150262.35 6524.73876893 -0.000111571192974 nan -inf nan
1390072144.22 6541.95292925 -0.000101611891296 nan -inf nan
1389994026.1 6559.16902446 -0.000413377885707 nan -inf nan
1389915907.97 6576.38705488 0.00141262426041 nan nan nan
1389837789.85 6593.60702083 0.00169409730006 nan nan nan
1389759671.73 6610.82892265 0.000196720080567 nan nan nan
1389681553.6 6628.05276065 -0.000774389831349 nan -inf nan
1389603435.48 6645.27853517 -0.0011399370851 nan -inf nan
1389525317.35 6662.50624653 -0.000863841327373 nan -inf nan
1389447199.23 6679.73589505 3.9359787479e-05 nan nan nan
1389369081.11 6696.96748108 0.000441395677626 nan nan nan
1389290962.98 6714.20100492 -3.75453673769e-05 nan -inf nan
1389212844.86 6731.43646691 0.000827362411655 nan nan nan
1389134726.73 6748.67386738 0.00175560452044 nan nan nan
1389056608.61 6765.91320666 0.000324451015331 nan nan nan
1388978490.49 6783.15448506 -0.000818103319034 nan -inf nan
1388900372.36 6800.39770292 1.28335923364e-05 nan nan nan
1388822254.24 6817.64286056 0.000399843789637 nan nan nan
1388744136.12 6834.88995831 0.000262104556896 nan nan nan
1388666017.99 6852.13899651 -0.000434511573985 nan -inf nan
1388587899.87 6869.38997547 -0.000175931025296 nan -inf nan
1388509781.74 6886.64289552 0.00188384624198 nan nan nan
1388431663.62 6903.897757 0.00201297085732 nan nan nan
1388353545.5 6921.15456022 0.000977271352895 nan nan nan
1388275427.37 6938.41330553 0.000182099596714 nan nan nan
1388197309.25 6955.67399323 -0.000653159222566 nan -inf nan
1388119191.12 6972.93662368 -0.000543391564861 nan -inf nan
1388041073.0 6990.20119718 0.000190759994439 nan nan nan
1387962954.88 7007.46771407 -0.000196735694772 nan -inf nan
1387884836.75 7024.73617468 -0.00106949883047 nan -inf nan
1387806718.63 7042.00657933 -0.000711308268365 nan -inf nan
1387728600.5 7059.27892836 -0.000448764185421 nan -inf nan
1387650482.38 7076.55322209 -0.000420794007368 nan -inf nan
1387572364.26 7093.82946085 9.93847497739e-05 nan nan nan
1387494246.13 7111.10764497 0.000900722923689 nan nan nan
1387416128.01 7128.38777478 0.00170990568586 nan nan nan
1387338009.88 7145.66985061 0.00163873436395 nan nan nan
1387259891.76 7162.95387278 0.00111403898336 nan nan nan
1387181773.64 7180.23984162 0.000245153554715 nan nan nan
1387103655.51 7197.52775747 -0.000658196746372 nan -inf nan
1387025537.39 7214.81762065 0.000295551144518 nan nan nan
1386947419.26 7232.10943149 0.00122651131824 nan nan nan
1386869301.14 7249.40319032 0.000701448821928 nan nan nan
1386791183.02 7266.69889747 0.000129001360619 nan nan nan
1386713064.89 7283.99655327 -0.000280810490949 nan -inf nan
1386634946.77 7301.29615804 -0.000345157983247 nan -inf nan
1386556828.64 7318.59771212 -0.000168050319189 nan -inf nan
1386478710.52 7335.90121584 0.00068291160278 nan nan nan
1386400592.4 7353.20666953 0.00190850929357 nan nan nan
1386322474.27 7370.51407351 0.00233635492623 nan nan nan
1386244356.15 7387.82342812 0.00217707082629 nan nan nan
1386166238.02 7405.13473368 0.000554229831323 nan nan nan
1386088119.9 7422.44799053 -0.00200279452838 nan -inf nan
1386010001.78 7439.763199 -0.00186773727182 nan -inf nan
1385931883.65 7457.08035941 -0.000627459725365 nan -inf nan
1385853765.53 7474.39947209 -0.00109048804734 nan -inf nan
1385775647.4 7491.72053738 -0.00217431969941 nan -inf nan
1385697529.28 7509.04355561 -0.00309890718199 nan -inf nan
1385619411.16 7526.3685271 -0.00258141104132 nan -inf nan
1385541293.03 7543.69545219 -0.000498947978485 nan -inf nan
1385463174.91 7561.0243312 0.00132538937032 nan nan nan
1385385056.78 7578.35516448 0.00151817535516 nan nan nan
1385306938.66 7595.68795234 0.000388197368011 nan nan nan
1385228820.54 7613.02269512 -0.000184864955372 nan -inf nan
1385150702.41 7630.35939314 0.000922882405575 nan nan nan
1385072584.29 7647.69804675 0.000523640890606 nan nan nan
1384994466.16 7665.03865627 -0.00117687764578 nan -inf nan
1384916348.04 7682.38122204 -0.000669857254252 nan -inf nan
1384838229.92 7699.72574437 9.2502188636e-05 nan nan nan
1384760111.79 7717.07222361 0.000436788250227 nan nan nan
1384681993.67 7734.42066009 0.000812605605461 nan nan nan
1384603875.54 7751.77105413 0.000483001989778 nan nan nan
1384525757.42 7769.12340607 -0.000919672078453 nan -inf nan
1384447639.3 7786.47771624 -0.000765959150158 nan -inf nan
1384369521.17 7803.83398497 0.00187532836571 nan nan nan
1384291403.05 7821.1922126 0.00229236576706 nan nan nan
1384213284.92 7838.55239945 0.000561567838304 nan nan nan
1384135166.8 7855.91454585 0.000133152265335 nan nan nan
1384057048.68 7873.27865214 0.000495451735333 nan nan nan
1383978930.55 7890.64471866 -7.86727759987e-05 nan -inf nan
1383900812.43 7908.01274572 -0.000539809698239 nan -inf nan
1383822694.3 7925.38273367 -0.000205461168662 nan -inf nan
1383744576.18 7942.75468283 0.0 nan nan nan
1383666458.06 7960.12859354 0.0 nan nan nan
1383588339.93 7977.50446613 0.0 nan nan nan
1383510221.81 7994.88230094 0.0 nan nan nan
1383432103.68 8012.26209829 0.0 nan nan nan
1383353985.56 8029.64385851 0.0 nan nan nan
1383275867.44 8047.02758195 0.0 nan nan nan
1383197749.31 8064.41326893 0.0 nan nan nan
1383119631.19 8081.80091978 0.0 nan nan nan
1383041513.06 8099.19053485 0.0 nan nan nan
1382963394.94 8116.58211445 0.0 nan nan nan
1382885276.82 8133.97565893 0.0 nan nan nan
1382807158.69 8151.37116861 0.0 nan nan nan
1382729040.57 8168.76864384 0.0 nan nan nan
1382650922.44 8186.16808493 0.0 nan nan nan
1382572804.32 8203.56949224 0.0 nan nan nan
1382494686.2 8220.97286608 0.0 nan nan nan
1382416568.07 8238.3782068 0.0 nan nan nan
1382338449.95 8255.78551472 0.0 nan nan nan
