#freq[Hz] vel[km/s] flux[Jy/beam] noise[Jy/beam] tau tau_noise
1359662744.64 13393.2442106 0.000545785471331 0.000218265179494 0.00602167384815 0.00240377963354
1359584616.01 13411.2414497 -0.000104195947642 0.000775260126865 -0.00114548759496 0.008564345307
1359506487.38 13429.2407574 -0.000115042821562 0.000149527996422 -0.00126465831409 0.001646145601
1359428358.75 13447.242134 0.000184242875548 0.000305482695645 0.00202870771951 0.00336593432051
1359350230.12 13465.2455798 0.000630060385447 0.000689982761655 0.00695472277201 0.00761868277536
1359272101.5 13483.2510953 0.000906416098587 0.000714154660112 0.0100205150638 0.00788664034044
1359193972.87 13501.2586807 0.000610151328146 0.000454331497923 0.00673422127777 0.00501012604744
1359115844.24 13519.2683365 -6.38069905108e-05 0.000235422830467 -0.000701623653196 0.00259298401382
1359037715.61 13537.2800629 -0.000565236725379 0.000213927752184 -0.00619829238892 0.00235595473058
1358959586.98 13555.2938604 -0.000383020844311 6.26896993383e-05 -0.00420433636438 0.000689817638634
1358881458.35 13573.3097293 0.0001104358671 0.000560389429436 0.0012155207875 0.00618329908668
1358803329.72 13591.32767 0.000235040002735 0.00095358374575 0.00258876202657 0.0105447165117
1358725201.09 13609.3476827 0.000201681104954 0.000639957343816 0.00222093433028 0.00706435399826
1358647072.47 13627.369768 2.94920318993e-05 3.39206299775e-05 0.000324461725746 0.000373192811265
1358568943.84 13645.393926 -0.000112774199806 0.000459979417616 -0.00123973495382 0.00507256653226
1358490815.21 13663.4201573 5.35467188456e-05 0.000137762291731 0.000589181526848 0.00151651932867
1358412686.58 13681.4484621 2.00463655347e-05 0.000361534173508 0.000220532122341 0.00398476461982
1358334557.95 13699.4788408 2.65732414846e-05 0.000381233500532 0.000292345450296 0.00420234389306
1358256429.32 13717.5112937 0.00020104595751 0.000155757009952 0.00221393226915 0.00171477930137
1358178300.69 13735.5458213 -6.51404989185e-05 0.000329844904814 -0.000716281702857 0.00363485561511
1358100172.06 13753.5824238 -0.00054476596415 0.000386231114647 -0.00597448262351 0.00425755012261
1358022043.44 13771.6211017 -0.000555985490791 0.000271182603884 -0.00609715351915 0.00298743664124
1357943914.81 13789.6618553 -0.000312946678605 0.000125962196917 -0.0034364674783 0.00138653104464
1357865786.18 13807.7046849 -0.000206290133065 0.000586661541772 -0.00226659800549 0.00647412415594
1357787657.55 13825.749591 -0.000143117213156 0.000395556188546 -0.00157303566897 0.00436056786003
1357709528.92 13843.7965738 -1.50040104927e-05 0.00023896287725 -0.000165028840339 0.00263202600173
1357631400.29 13861.8456337 3.9004109567e-05 0.000381376195811 0.000429132961925 0.00420392013662
1357553271.66 13879.8967711 0.000100309174741 7.75498786552e-05 0.00110399902653 0.000853404146195
1357475143.03 13897.9499864 0.00021987161017 0.000271242516916 0.00242149287767 0.00298809764996
1357397014.4 13916.0052799 0.000173482709215 8.56635529159e-06 0.00191011374789 9.42334019496e-05
1357318885.78 13934.0626519 0.00012763479026 0.000234198615438 0.00140495508397 0.00257948291182
1357240757.15 13952.1221028 9.08537476789e-05 0.000250348143901 0.000999880904744 0.00275760062199
1357162628.52 13970.183633 2.09171776078e-05 4.05104431475e-05 0.000230113117543 0.000445709714387
1357084499.89 13988.2472429 -0.000102470381535 0.000270163629283 -0.00112652810872 0.00297619456127
1357006371.26 14006.3129328 -0.000163031392731 0.000707238232465 -0.00179172122297 0.00780996095272
1356928242.63 14024.380703 -8.15658495412e-05 0.000614397283941 -0.000896813079567 0.0067812430116
1356850114.0 14042.4505539 -0.000247016520007 0.000168902127508 -0.0027134696482 0.00185963279442
1356771985.37 14060.5224859 -0.000482805713546 0.000313460276495 -0.00529675690994 0.00345398657212
1356693856.75 14078.5964994 -0.000434660585597 0.000141150053267 -0.00476982471473 0.00155384158385
1356615728.12 14096.6725946 -0.000223982468015 0.000432290320019 -0.00246075227525 0.00476648745137
1356537599.49 14114.750772 -4.06410545111e-05 0.000461185445146 -0.000446947215353 0.00508590025527
1356459470.86 14132.8310319 0.000150604813825 4.77304272764e-06 0.00165801005833 5.25043211874e-05
1356381342.23 14150.9133747 0.00023116004013 0.000342275294642 0.00254597315256 0.00377209585616
1356303213.6 14168.9978007 0.000258862331975 0.000401440610453 0.00285151878052 0.0044255808315
1356225084.97 14187.0843103 0.000487854413223 0.000169398065877 0.0053807952143 0.00186509823087
1356146956.34 14205.1729039 0.000334022392053 0.000284542023255 0.00368097590933 0.00313483930872
1356068827.72 14223.2635818 -4.69244914711e-05 1.36552467049e-05 -0.000516031056817 0.000150217487723
1355990699.09 14241.3563444 -8.01578280516e-05 0.000250120163706 -0.000881338762646 0.00275508594325
1355912570.46 14259.4511919 -0.000149901039549 0.000250996701925 -0.00164753694503 0.00276475441428
1355834441.83 14277.5481249 -0.000273203477263 0.000383162669936 -0.00300070146558 0.00422365413461
1355756313.2 14295.6471437 1.06501975097e-05 0.000444019811521 0.000117157859091 0.00489613542144
1355678184.57 14313.7482485 0.000455717236036 0.000492534998107 0.0050254456918 0.00543256025273
1355600055.94 14331.8514399 0.000419455202064 0.000422206937433 0.00462463807017 0.00465504762405
1355521927.31 14349.956718 0.000255852559349 0.0004475581539 0.00281831762477 0.00493524859334
1355443798.69 14368.0640834 0.00027544979821 0.000560460712351 0.00303451685175 0.00618408805456
1355365670.06 14386.1735364 0.000115106173325 1.6532560864e-05 0.00126695744576 0.000181872881485
1355287541.43 14404.2850772 -0.000451477360912 0.000489957033357 -0.00495391020717 0.00540404885955
1355209412.8 14422.3987064 -0.000757380621508 0.0009097784958 -0.0082965910998 0.0100578742416
1355131284.17 14440.5144241 -0.000281469867332 0.000159726890124 -0.00309135429133 0.00175852344722
1355053155.54 14458.6322309 -8.71682059369e-05 0.000419429276962 -0.000958381244223 0.00462435157508
1354975026.91 14476.7521271 -0.000117743693409 0.000178766008768 -0.00129432961755 0.00196834226843
1354896898.28 14494.874113 0.000481607217807 0.000205940095934 0.00531170838469 0.00226788802591
1354818769.65 14512.9981889 0.000882380700205 0.000634936342691 0.00975350137822 0.00700873353836
1354740641.03 14531.1243553 0.000768481404521 0.00090644407779 0.00848914159321 0.0100208259315
1354662512.4 14549.2526126 0.000558278872631 0.00111135622403 0.00615993947224 0.0123001331586
1354584383.77 14567.382961 0.000396308139898 0.000995737061604 0.00436887542303 0.0110134234194
1354506255.14 14585.5154009 0.000359961937647 0.000353029716123 0.00396740129805 0.00389084742738
1354428126.51 14603.6499328 0.000132184155518 0.000144963948125 0.00145506921196 0.00159586012693
1354349997.88 14621.7865569 4.6862209274e-05 0.000215186357336 0.000515612031497 0.00236983200005
1354271869.25 14639.9252736 0.000251965189818 0.000769409404689 0.00277543722561 0.00849943657074
1354193740.62 14658.0660833 7.56514127715e-05 5.69799248882e-05 0.000832503620389 0.000626969385029
1354115612.0 14676.2089864 -9.60915567703e-05 0.000392275836815 -0.00105643828444 0.00432432732184
1354037483.37 14694.3539831 0.000267110008281 0.000121931346552 0.0029425055172 0.00134213160155
1353959354.74 14712.5010739 0.000742773117963 0.000499167761175 0.00820398309334 0.00550592004103
1353881226.11 14730.6502592 0.000931318325456 0.00112499421635 0.0102972337276 0.0124520177185
1353803097.48 14748.8015393 0.000814828614239 0.000953374816043 0.0090034343142 0.0105423939486
1353724968.85 14766.9549145 0.000606357876677 0.000559602296906 0.0066922126621 0.00617458705059
1353646840.22 14785.1103852 0.000600433442742 0.000786530680664 0.00662660911361 0.00868939429541
1353568711.59 14803.2679519 0.000753675878514 0.000441875283141 0.00832490751014 0.00487243034611
1353490582.97 14821.4276147 0.000608304748312 0.000139035254868 0.00671377206432 0.00153054313202
1353412454.34 14839.5893742 0.000382820289815 9.93185029682e-05 0.00421987205771 0.00109308976872
1353334325.71 14857.7532307 0.000207948760362 2.70200112155e-05 0.00229003352404 0.000297261316994
1353256197.08 14875.9191845 -7.67833116697e-05 0.000134695411188 -0.000844251467681 0.00148273335304
1353178068.45 14894.087236 -0.000461175572127 0.000174132942903 -0.00506005665314 0.00191727994746
1353099939.82 14912.2573856 -0.000701156444848 0.000347743777287 -0.007683053071 0.00383247771451
1353021811.19 14930.4296335 -0.000377683812985 0.000254639379709 -0.00414587420516 0.00280493520921
1352943682.56 14948.6039803 -2.87671227852e-05 0.000199028134256 -0.000316385118488 0.00219168748911
1352865553.93 14966.7804263 0.000242649999564 5.84436410193e-05 0.00267269165695 0.000643080328416
1352787425.31 14984.9589717 0.000443290395197 0.000118828188096 0.00488807257447 0.00130795194177
1352709296.68 15003.1396171 0.000266592571279 0.000229170106307 0.00293679701095 0.00252402854112
1352631168.05 15021.3223626 0.000198785972316 0.00031564389829 0.00218901789356 0.00347808956799
1352553039.42 15039.5072088 0.000247909047175 0.00095134575563 0.00273069710133 0.0105198382175
1352474910.79 15057.694156 9.90288390312e-06 0.000609286747678 0.000108936562612 0.00672464677341
1352396782.16 15075.8832045 -0.000311101321131 7.66419492003e-05 -0.00341623818148 0.00084340854573
1352318653.53 15094.0743547 -0.000185491517186 0.000217050953566 -0.00203830744223 0.00239039122771
1352240524.9 15112.267607 0.000126320956042 0.000177842696529 0.00139048283867 0.00195816597672
1352162396.28 15130.4629617 8.98171856534e-06 0.00011086685302 9.88027930949e-05 0.00122026736233
1352084267.65 15148.6604192 -0.000195266387891 0.000283836270616 -0.00214560524312 0.00312705176338
1352006139.02 15166.8599798 2.86793729174e-05 0.000202732774671 0.000315519705792 0.00223252836911
1351928010.39 15185.061644 0.00034660147503 0.000315606315107 0.00381986434714 0.00347767471683
1351849881.76 15203.2654121 0.000222375019803 0.000165923282659 0.00244909725014 0.00182680537768
1351771753.13 15221.4712844 -0.000208012555959 0.000569774006446 -0.00228550139305 0.00628717406733
1351693624.5 15239.6792613 -0.000301907566609 0.000453261650103 -0.0033154477136 0.00499829880137
1351615495.87 15257.8893432 -0.000130248678033 0.000144711178563 -0.00143169570786 0.00159307525281
1351537367.25 15276.1015305 -0.000122256285977 0.00017015827314 -0.00134390220228 0.00187347607278
1351459238.62 15294.3158235 -3.7901361793e-05 0.000360515328355 -0.000416823910664 0.00397351275188
1351381109.99 15312.5322226 0.000177914655069 0.000302752995804 0.0019589590645 0.0033358071404
1351302981.36 15330.7507281 0.000264372676611 0.000191379826969 0.00291230689679 0.00210737591792
1351224852.73 15348.9713404 1.6298959963e-05 0.000218338512008 0.000179302833296 0.00240458822477
1351146724.1 15367.1940599 -0.000477004068671 0.000463096534924 -0.005233274574 0.00510702944198
1351068595.47 15385.4188869 -0.000631798349787 0.000468349119224 -0.00692567412856 0.00516510480344
1350990466.84 15403.6458219 -0.000450914987596 4.44264727881e-06 -0.00494775471318 4.88698235225e-05
1350912338.21 15421.8748651 -0.000334067008225 0.000176104474293 -0.00366796497957 0.0019390084303
1350834209.59 15440.106017 -0.000154070788994 5.35549685144e-05 -0.00169332717502 0.000589272325779
1350756080.96 15458.3392778 -4.97087457916e-05 8.83204919731e-05 -0.000546641278202 0.000971987884623
1350677952.33 15476.574648 -7.86767632235e-05 5.05894029132e-06 -0.000865061432682 5.56493328805e-05
1350599823.7 15494.812128 3.57937897206e-05 0.0006308552232 0.000393805264905 0.00696352695623
1350521695.07 15513.0517181 0.00025244380231 0.000810616970583 0.00278071655619 0.00895668880074
1350443566.44 15531.2934186 0.000324091553921 0.000681788160574 0.00357134095292 0.00752785782467
1350365437.81 15549.53723 0.000226803385885 0.000407958595946 0.00249792942575 0.00449759854984
1350287309.18 15567.7831525 0.000186621487956 2.44821107432e-05 0.00205492567093 0.000269336782217
1350209180.56 15586.0311867 0.00033787364373 3.3960187249e-05 0.00372349638222 0.000373628099394
1350131051.93 15604.2813327 0.000258931540884 0.000373628450583 0.0028522822451 0.00411834042637
1350052923.3 15622.5335911 -0.000163615623023 0.000190846391716 -0.00179813616696 0.00210149582778
1349974794.67 15640.7879622 -8.29137425171e-05 0.00044474014868 -0.000911626352926 0.00490409797262
1349896666.04 15659.0444462 4.67065547127e-06 0.000315757165634 5.1378014175e-05 0.00347933983804
1349818537.41 15677.3030437 -0.000314711156534 0.000581932317326 -0.00345580976944 0.00642176669737
1349740408.78 15695.5637549 -0.000651755486615 0.00143807991234 -0.00714366155362 0.0159451714702
1349662280.15 15713.8265803 -0.00109770265408 0.00168656033168 -0.0120022914308 0.0187262237553
1349584151.53 15732.0915202 -0.00114287494216 0.00108139927689 -0.0124931329547 0.0119665874731
1349506022.9 15750.3585749 -0.000965283368714 0.000660706324711 -0.0105620352566 0.00729423496908
1349427894.27 15768.6277449 -0.000758821493946 0.000445118742081 -0.00831230946163 0.00490828294018
1349349765.64 15786.8990305 -0.000409709406085 5.93134263477e-05 -0.00449663319229 0.000652654071473
1349271637.01 15805.1724321 -0.000197273780941 0.000274704117972 -0.00216763877569 0.00302628955721
1349193508.38 15823.44795 0.000113631940621 8.30775192161e-05 0.00125072062215 0.000914261345695
1349115379.75 15841.7255846 0.000144845471368 0.00015779575742 0.0015945548151 0.00173724403931
1349037251.12 15860.0053363 -0.000152828957653 0.000106535941279 -0.00167969018572 0.00117257078052
1348959122.49 15878.2872054 4.49236540589e-05 0.000548881122087 0.000494277368125 0.00605593191892
1348880993.87 15896.5711924 0.000400365330279 0.000589748152408 0.0044137004773 0.00650829764093
1348802865.24 15914.8572975 0.000521408743225 0.000561899401793 0.0057519493793 0.00620001177536
1348724736.61 15933.1455211 0.000509073142894 0.000537640255119 0.00561548571726 0.00593154028309
1348646607.98 15951.4358637 0.000182869902346 0.000367809961058 0.00201357461066 0.00405407562063
1348568479.35 15969.7283256 -0.000159781237016 0.000476588164253 -0.00175603323137 0.00525620685563
1348490350.72 15988.0229071 -0.000143830198795 0.000488425874613 -0.00158086607435 0.00538711516136
1348412222.09 16006.3196086 -0.000139869385748 0.000273172959228 -0.0015373654437 0.00300939607511
1348334093.46 16024.6184306 -0.000345748761902 0.00026079818906 -0.00379598432221 0.00287287403019
1348255964.84 16042.9193732 -0.000412380410125 3.59408717191e-05 -0.00452588169614 0.000395423789211
1348177836.21 16061.222437 -0.000122934754472 0.000272877514846 -0.00135135523012 0.00300613643001
1348099707.58 16079.5276223 0.000396756775444 0.000281826756909 0.00437383198409 0.0031048783505
1348021578.95 16097.8349295 0.000521497917362 0.00034096193282 0.00575293594382 0.00375759452855
1347943450.32 16116.1443589 0.000261516572209 0.000487638396888 0.00288079893137 0.00537840624126
1347865321.69 16134.4559109 0.000273421144811 0.000377131971344 0.00301213432093 0.00415703855785
1347787193.06 16152.7695859 0.000536833016668 0.000548634566048 0.00592260796334 0.00605320335937
1347709064.43 16171.0853842 0.000832785735838 0.00117699121951 0.00920276697957 0.0130313133688
1347630935.81 16189.4033062 0.00082745461259 0.000872056716237 0.00914358480656 0.00963883221649
1347552807.18 16207.7233523 0.000295366800856 0.000622506017588 0.00325429165622 0.00687104912825
1347474678.55 16226.0455229 -8.51837685332e-05 8.07221409782e-05 -0.000936573324248 0.000888329083117
1347396549.92 16244.3698182 0.000115799630294 0.000288393587596 0.00127459509541 0.00317734001569
1347318421.29 16262.6962388 0.000366069492884 0.000449015095565 0.00403485307505 0.0049513542092
1347240292.66 16281.0247849 0.000373038055841 1.07624796438e-05 0.00411181936988 0.000118393095638
1347162164.03 16299.3554569 0.000318675505696 0.000151284406158 0.00351155366155 0.0016654979316
1347084035.4 16317.6882553 7.69189500716e-05 0.000116278216561 0.000846458100303 0.00127986621964
1347005906.78 16336.0231803 -0.000292319979053 0.000315311690564 -0.00321032886066 0.00347442259448
1346927778.15 16354.3602323 -0.000124275844428 0.000645299118059 -0.00136608704149 0.00712353123942
1346849649.52 16372.6994117 0.000165669800481 0.000832802785493 0.00182401200733 0.0092029562578
1346771520.89 16391.040719 0.000244798313361 0.000154936846508 0.0026963863956 0.00170574215139
1346693392.26 16409.3841543 0.000864001805894 0.000428167129799 0.00954937493391 0.00472091715433
1346615263.63 16427.7297182 0.00109312916175 0.000721251107324 0.0120971767309 0.00796532163757
1346537135.0 16446.077411 0.000477194640553 6.20581422028e-05 0.00526291320781 0.000682865810201
1346459006.37 16464.427233 0.000189215294085 2.33384665517e-07 0.00208351635116 2.56720884053e-06
1346380877.74 16482.7791847 4.82151590404e-05 6.45633785305e-05 0.000530502115833 0.000710442337731
1346302749.12 16501.1332664 -7.31572654331e-05 0.000373026386107 -0.000804398225111 0.0041116904752
1346224620.49 16519.4894784 1.30050866574e-05 0.000558367488684 0.000143064750196 0.00616092026255
1346146491.86 16537.8478212 -0.000343746418366 8.87044251198e-05 -0.00377404197392 0.000976215222687
1346068363.23 16556.2082951 -0.000775980413891 0.000702197468885 -0.00849947575487 0.0077540799305
1345990234.6 16574.5709004 -0.000510381127242 0.000658515453806 -0.0055984355063 0.00726995949684
1345912105.97 16592.9356377 -0.000156164300279 0.000317889482716 -0.00171631634208 0.00350287711838
1345833977.34 16611.3025071 -0.000120493794384 4.37240426573e-05 -0.001324540839 0.000481075338446
1345755848.71 16629.6715092 -5.08647899551e-05 4.458885501e-05 -0.000559350606174 0.000490592801599
1345677720.09 16648.0426442 -0.000189166210475 0.000390360820436 -0.00207864554202 0.0043031712879
1345599591.46 16666.4159126 -0.000545826740563 0.000558771151923 -0.00598608147467 0.00616538796406
1345521462.83 16684.7913147 -0.000552912591957 0.000326427618258 -0.00606355687319 0.00359712967
1345443334.2 16703.1688508 3.54021321982e-05 7.91898765293e-05 0.000389495387779 0.00087145950649
1345365205.57 16721.5485215 6.71924208291e-05 5.12608733033e-05 0.000739382484127 0.000564022976041
1345287076.94 16739.9303269 -0.00112974015065 0.000983142941134 -0.0123504353129 0.0108733651282
1345208948.31 16758.3142676 0.0 0.0 -0.0 -0.0
1345130819.68 16776.7003438 0.0 0.0 -0.0 -0.0
1345052691.06 16795.0885559 0.0 0.0 -0.0 -0.0
1344974562.43 16813.4789044 0.0 0.0 -0.0 -0.0
1344896433.8 16831.8713896 0.0 0.0 -0.0 -0.0
1344818305.17 16850.2660118 0.0 0.0 -0.0 -0.0
1344740176.54 16868.6627715 0.0 0.0 -0.0 -0.0
1344662047.91 16887.061669 0.0 0.0 -0.0 -0.0
1344583919.28 16905.4627046 0.0 0.0 -0.0 -0.0
1344505790.65 16923.8658788 0.0 0.0 -0.0 -0.0
1344427662.02 16942.271192 0.0 0.0 -0.0 -0.0
1344349533.4 16960.6786444 0.0 0.0 -0.0 -0.0
1344271404.77 16979.0882365 0.0 0.0 -0.0 -0.0
1344193276.14 16997.4999687 0.0 0.0 -0.0 -0.0
1344115147.51 17015.9138412 0.0 0.0 -0.0 -0.0
1344037018.88 17034.3298546 0.0 0.0 -0.0 -0.0
1343958890.25 17052.7480091 0.0 0.0 -0.0 -0.0
1343880761.62 17071.1683051 0.0 0.0 -0.0 -0.0
1343802632.99 17089.5907431 0.0 0.0 -0.0 -0.0
1343724504.37 17108.0153233 0.0 0.0 -0.0 -0.0
1343646375.74 17126.4420462 0.0 0.0 -0.0 -0.0
1343568247.11 17144.8709122 0.0 0.0 -0.0 -0.0
1343490118.48 17163.3019215 0.0 0.0 -0.0 -0.0
1343411989.85 17181.7350746 0.0 0.0 -0.0 -0.0
1343333861.22 17200.1703719 0.0 0.0 -0.0 -0.0
1343255732.59 17218.6078137 0.0 0.0 -0.0 -0.0
1343177603.96 17237.0474004 0.0 0.0 -0.0 -0.0
1343099475.34 17255.4891324 0.0 0.0 -0.0 -0.0
1343021346.71 17273.93301 0.0 0.0 -0.0 -0.0
1342943218.08 17292.3790337 0.0 0.0 -0.0 -0.0
1342865089.45 17310.8272037 0.0 0.0 -0.0 -0.0
1342786960.82 17329.2775206 0.0 0.0 -0.0 -0.0
1342708832.19 17347.7299845 0.0 0.0 -0.0 -0.0
1342630703.56 17366.184596 0.0 0.0 -0.0 -0.0
1342552574.93 17384.6413554 0.0 0.0 -0.0 -0.0
