freq[Hz],vel[km/s],flux[Jy/beam],noise[Jy/beam],tau,tau_noise
1196313345.96 56156.8698978 0.0 nan nan nan
1196235227.79 56180.1145818 -0.000862307846546 nan -inf nan
1196157109.62 56203.3623019 -0.00202060071751 nan -inf nan
1196078991.45 56226.6130587 -0.0020332087297 nan -inf nan
1196000873.28 56249.8668529 -0.00173643778544 nan -inf nan
1195922755.11 56273.1236849 -0.00125502108131 nan -inf nan
1195844636.94 56296.3835554 -0.000451397732832 nan -inf nan
1195766518.77 56319.646465 -1.61406605912e-05 nan -inf nan
1195688400.61 56342.9124142 -0.000188959340448 nan -inf nan
1195610282.44 56366.1814038 -0.000183279364137 nan -inf nan
1195532164.27 56389.4534342 0.000646187865641 nan nan nan
1195454046.1 56412.7285061 0.00101089989766 nan nan nan
1195375927.93 56436.00662 0.000663679849822 nan nan nan
1195297809.76 56459.2877767 0.000429309700849 nan nan nan
1195219691.59 56482.5719765 -0.00011361228826 nan -inf nan
1195141573.42 56505.8592203 -0.000728769809939 nan -inf nan
1195063455.25 56529.1495085 -0.000593473087065 nan -inf nan
1194985337.08 56552.4428417 -0.000132680346724 nan -inf nan
1194907218.91 56575.7392206 0.000203347852221 nan nan nan
1194829100.74 56599.0386457 0.000265346112428 nan nan nan
1194750982.57 56622.3411177 0.000232632970437 nan nan nan
1194672864.4 56645.6466371 0.00112374429591 nan nan nan
1194594746.24 56668.9552045 0.00177578977309 nan nan nan
1194516628.07 56692.2668206 0.00084462336963 nan nan nan
1194438509.9 56715.5814859 0.00028207298601 nan nan nan
1194360391.73 56738.899201 0.000337512465194 nan nan nan
1194282273.56 56762.2199666 -0.000370793510228 nan -inf nan
1194204155.39 56785.5437832 -0.000819931679871 nan -inf nan
1194126037.22 56808.8706514 -0.000259182124864 nan -inf nan
1194047919.05 56832.2005719 0.000589839299209 nan nan nan
1193969800.88 56855.5335452 0.00110306288116 nan nan nan
1193891682.71 56878.8695719 0.00100234581623 nan nan nan
1193813564.54 56902.2086526 0.000309437105898 nan nan nan
1193735446.37 56925.550788 -0.000882798573002 nan -inf nan
1193657328.2 56948.8959785 -0.000995209440589 nan -inf nan
1193579210.03 56972.2442249 -5.4141113651e-05 nan -inf nan
1193501091.86 56995.5955278 -5.03854971612e-05 nan -inf nan
1193422973.7 57018.9498876 -0.000697643437888 nan -inf nan
1193344855.53 57042.3073051 -0.000942401529755 nan -inf nan
1193266737.36 57065.6677808 -0.000132522167405 nan -inf nan
1193188619.19 57089.0313153 0.000157742906595 nan nan nan
1193110501.02 57112.3979092 -0.000510045269039 nan -inf nan
1193032382.85 57135.7675632 -0.000508252764121 nan -inf nan
1192954264.68 57159.1402778 -0.000630538153928 nan -inf nan
1192876146.51 57182.5160536 -0.000710630731191 nan -inf nan
1192798028.34 57205.8948913 -0.000695216236636 nan -inf nan
1192719910.17 57229.2767914 -0.00193593231961 nan -inf nan
1192641792.0 57252.6617545 -0.00263336277567 nan -inf nan
1192563673.83 57276.0497813 -0.00149332440924 nan -inf nan
1192485555.66 57299.4408723 -0.000780625792686 nan -inf nan
1192407437.49 57322.8350281 -0.000199775502551 nan -inf nan
1192329319.32 57346.2322494 0.000765993550885 nan nan nan
1192251201.16 57369.6325367 0.000288403593004 nan nan nan
1192173082.99 57393.0358907 -4.90540114697e-05 nan -inf nan
1192094964.82 57416.4423119 0.000492111721542 nan nan nan
1192016846.65 57439.851801 -9.95214504655e-05 nan -inf nan
1191938728.48 57463.2643585 -0.000778026063927 nan -inf nan
1191860610.31 57486.6799851 -0.000458807713585 nan -inf nan
1191782492.14 57510.0986814 0.000412498193327 nan nan nan
1191704373.97 57533.5204479 0.000967632979155 nan nan nan
1191626255.8 57556.9452853 0.000976986484602 nan nan nan
1191548137.63 57580.3731942 0.000938571465667 nan nan nan
1191470019.46 57603.8041752 0.000263624271611 nan nan nan
1191391901.29 57627.2382288 3.91152279917e-05 nan nan nan
1191313783.12 57650.6753557 0.00043860959704 nan nan nan
1191235664.95 57674.1155566 0.000119949530927 nan nan nan
1191157546.79 57697.5588319 6.66356645525e-05 nan nan nan
1191079428.62 57721.0051823 0.000416021357523 nan nan nan
1191001310.45 57744.4546084 -5.47514355276e-06 nan -inf nan
1190923192.28 57767.9071109 -0.000171453328221 nan -inf nan
1190845074.11 57791.3626902 0.000596978585236 nan nan nan
1190766955.94 57814.8213471 0.000863506807946 nan nan nan
1190688837.77 57838.2830821 0.00039975513937 nan nan nan
1190610719.6 57861.7478959 0.000368285982404 nan nan nan
1190532601.43 57885.215789 0.00050212116912 nan nan nan
1190454483.26 57908.686762 5.25235809619e-05 nan nan nan
1190376365.09 57932.1608156 -0.000632468611002 nan -inf nan
1190298246.92 57955.6379504 -0.000915780139621 nan -inf nan
1190220128.75 57979.1181669 -0.000182803021744 nan -inf nan
1190142010.58 58002.6014658 0.000369684130419 nan nan nan
1190063892.41 58026.0878477 9.88046085695e-05 nan nan nan
1189985774.25 58049.5773131 0.000380893674446 nan nan nan
1189907656.08 58073.0698628 0.000770205282606 nan nan nan
1189829537.91 58096.5654973 0.000293009565212 nan nan nan
1189751419.74 58120.0642171 -0.000291399599519 nan -inf nan
1189673301.57 58143.566023 -0.000690399727318 nan -inf nan
1189595183.4 58167.0709156 -0.000653796480037 nan -inf nan
1189517065.23 58190.5788953 0.000331998569891 nan nan nan
1189438947.06 58214.0899629 0.000849830394145 nan nan nan
1189360828.89 58237.604119 0.000849974923767 nan nan nan
1189282710.72 58261.1213641 0.00111932109576 nan nan nan
1189204592.55 58284.6416988 0.000843987101689 nan nan nan
1189126474.38 58308.1651239 5.6854536524e-05 nan nan nan
1189048356.21 58331.6916398 -0.000465908204205 nan -inf nan
1188970238.04 58355.2212473 -0.000148298262502 nan -inf nan
1188892119.87 58378.7539468 0.000236109961406 nan nan nan
1188814001.71 58402.2897391 9.71652916633e-05 nan nan nan
1188735883.54 58425.8286247 -3.17318772431e-05 nan -inf nan
1188657765.37 58449.3706042 4.5273496653e-05 nan nan nan
1188579647.2 58472.9156783 0.000609498354606 nan nan nan
1188501529.03 58496.4638475 0.000908507325221 nan nan nan
1188423410.86 58520.0151125 0.000358755845809 nan nan nan
1188345292.69 58543.5694738 -0.000261370500084 nan -inf nan
1188267174.52 58567.1269322 -0.000129957625177 nan -inf nan
1188189056.35 58590.6874881 0.00088654702995 nan nan nan
1188110938.18 58614.2511423 0.00141990359407 nan nan nan
1188032820.01 58637.8178952 0.000731554231606 nan nan nan
1187954701.84 58661.3877476 -0.00013767213386 nan -inf nan
1187876583.67 58684.9607001 -0.0012019763235 nan -inf nan
1187798465.5 58708.5367532 -0.00181362289004 nan -inf nan
1187720347.34 58732.1159075 -0.00113486405462 nan -inf nan
1187642229.17 58755.6981638 -0.000237760134041 nan -inf nan
1187564111.0 58779.2835225 0.001102932496 nan nan nan
1187485992.83 58802.8719843 0.00152530905325 nan nan nan
1187407874.66 58826.4635499 0.00028873066185 nan nan nan
1187329756.49 58850.0582197 -0.000453294342151 nan -inf nan
1187251638.32 58873.6559946 -0.000544875394553 nan -inf nan
1187173520.15 58897.2568749 -0.000408418913139 nan -inf nan
1187095401.98 58920.8608614 2.81906977762e-06 nan nan nan
1187017283.81 58944.4679548 -0.000323071697494 nan -inf nan
1186939165.64 58968.0781555 -0.00126141379587 nan -inf nan
1186861047.47 58991.6914642 -0.00105594785418 nan -inf nan
1186782929.3 59015.3078815 -0.000121260469314 nan -inf nan
1186704811.13 59038.9274081 -0.000620230042841 nan -inf nan
1186626692.96 59062.5500445 -0.00220057787374 nan -inf nan
1186548574.8 59086.1757913 -0.00262442836538 nan -inf nan
1186470456.63 59109.8046493 -0.00172609090805 nan -inf nan
1186392338.46 59133.4366189 -0.000774994376116 nan -inf nan
1186314220.29 59157.0717009 -0.000642329687253 nan -inf nan
1186236102.12 59180.7098957 -0.000862161512487 nan -inf nan
1186157983.95 59204.3512041 -0.00134523981251 nan -inf nan
1186079865.78 59227.9956267 -0.00183397415094 nan -inf nan
1186001747.61 59251.643164 -0.00111476320308 nan -inf nan
1185923629.44 59275.2938167 -0.000601280014962 nan -inf nan
1185845511.27 59298.9475854 -0.00115595117677 nan -inf nan
1185767393.1 59322.6044707 -0.000962526304647 nan -inf nan
1185689274.93 59346.2644732 -0.000187576733879 nan -inf nan
1185611156.76 59369.9275936 -2.74645753962e-05 nan -inf nan
1185533038.59 59393.5938325 -0.000142064935062 nan -inf nan
1185454920.42 59417.2631904 -6.70093577355e-05 nan -inf nan
1185376802.26 59440.935668 0.000419493066147 nan nan nan
1185298684.09 59464.6112659 0.000265374867013 nan nan nan
1185220565.92 59488.2899848 -0.000970409135334 nan -inf nan
1185142447.75 59511.9718252 -0.000972022302449 nan -inf nan
1185064329.58 59535.6567878 0.000261250883341 nan nan nan
1184986211.41 59559.3448731 0.000520541274454 nan nan nan
1184908093.24 59583.0360819 0.00016346963821 nan nan nan
1184829975.07 59606.7304146 -6.47280976409e-05 nan -inf nan
1184751856.9 59630.427872 0.000333029049216 nan nan nan
1184673738.73 59654.1284547 0.00119017565157 nan nan nan
1184595620.56 59677.8321632 0.00149262323976 nan nan nan
1184517502.39 59701.5389982 0.00154740712605 nan nan nan
1184439384.22 59725.2489603 0.00100499298424 nan nan nan
1184361266.05 59748.9620501 0.000619541853666 nan nan nan
1184283147.89 59772.6782683 0.000868306553457 nan nan nan
1184205029.72 59796.3976155 0.000709324260242 nan nan nan
1184126911.55 59820.1200922 0.000447870581411 nan nan nan
1184048793.38 59843.8456991 -0.00022933697619 nan -inf nan
1183970675.21 59867.5744369 -0.000569669355173 nan -inf nan
1183892557.04 59891.3063061 0.000471664126962 nan nan nan
1183814438.87 59915.0413074 0.000605615321547 nan nan nan
1183736320.7 59938.7794413 -0.000720366311725 nan -inf nan
1183658202.53 59962.5207086 -0.000595612626057 nan -inf nan
1183580084.36 59986.2651097 0.00111697218381 nan nan nan
1183501966.19 60010.0126454 0.00220594462007 nan nan nan
1183423848.02 60033.7633163 0.00201864424162 nan nan nan
1183345729.85 60057.517123 0.000811785750557 nan nan nan
1183267611.68 60081.274066 -0.000401258934289 nan -inf nan
1183189493.51 60105.0341461 -0.00021846134041 nan -inf nan
1183111375.35 60128.7973639 0.000613833311945 nan nan nan
1183033257.18 60152.5637199 0.00135725201108 nan nan nan
1182955139.01 60176.3332148 0.00203248136677 nan nan nan
1182877020.84 60200.1058492 0.00213308911771 nan nan nan
1182798902.67 60223.8816238 0.00180513644591 nan nan nan
1182720784.5 60247.6605391 0.00104880018625 nan nan nan
1182642666.33 60271.4425958 9.53053386183e-05 nan nan nan
1182564548.16 60295.2277945 -0.000231545884162 nan -inf nan
1182486429.99 60319.0161358 -0.000257181411143 nan -inf nan
1182408311.82 60342.8076204 -0.000486971926875 nan -inf nan
1182330193.65 60366.6022488 -1.00084289443e-05 nan -inf nan
1182252075.48 60390.4000218 4.74599073641e-05 nan nan nan
1182173957.31 60414.2009398 -0.000634392781649 nan -inf nan
1182095839.14 60438.0050036 -0.000747003592551 nan -inf nan
1182017720.98 60461.8122138 -0.0011319371406 nan -inf nan
1181939602.81 60485.622571 -0.00100257911254 nan -inf nan
1181861484.64 60509.4360757 -0.0013691817876 nan -inf nan
1181783366.47 60533.2527287 -0.00295997434296 nan -inf nan
1181705248.3 60557.0725306 -0.00277909683064 nan -inf nan
1181627130.13 60580.8954819 -0.00180832401384 nan -inf nan
1181549011.96 60604.7215834 -0.00144658819772 nan -inf nan
1181470893.79 60628.5508356 -0.000845864997245 nan -inf nan
1181392775.62 60652.3832392 -0.00125658221077 nan -inf nan
1181314657.45 60676.2187947 -0.00176583125722 nan -inf nan
1181236539.28 60700.0575029 -0.00113999657333 nan -inf nan
1181158421.11 60723.8993643 -0.00123119074851 nan -inf nan
1181080302.94 60747.7443795 -0.00203076191247 nan -inf nan
1181002184.77 60771.5925493 -0.00266774278134 nan -inf nan
1180924066.6 60795.4438741 -0.00171241280623 nan -inf nan
1180845948.44 60819.2983547 0.000416234950535 nan nan nan
1180767830.27 60843.1559917 0.000991555396467 nan nan nan
1180689712.1 60867.0167857 0.000996026210487 nan nan nan
1180611593.93 60890.8807373 0.00166160694789 nan nan nan
1180533475.76 60914.7478471 0.0023372140713 nan nan nan
1180455357.59 60938.6181158 0.00194862892386 nan nan nan
1180377239.42 60962.491544 0.00038765987847 nan nan nan
1180299121.25 60986.3681323 -0.000411388115026 nan -inf nan
1180221003.08 61010.2478814 -0.000281770684524 nan -inf nan
1180142884.91 61034.1307919 0.000317665748298 nan nan nan
1180064766.74 61058.0168644 0.0016111752484 nan nan nan
1179986648.57 61081.9060995 0.00193165941164 nan nan nan
1179908530.4 61105.7984979 0.000814412429463 nan nan nan
1179830412.23 61129.6940602 0.000278618332231 nan nan nan
1179752294.06 61153.592787 0.000522824237123 nan nan nan
1179674175.9 61177.494679 0.000560671905987 nan nan nan
1179596057.73 61201.3997367 0.000427301536547 nan nan nan
1179517939.56 61225.3079609 -8.09253542684e-05 nan -inf nan
1179439821.39 61249.2193521 -0.000602666288614 nan -inf nan
1179361703.22 61273.133911 0.000378298282158 nan nan nan
1179283585.05 61297.0516381 0.00146795611363 nan nan nan
1179205466.88 61320.9725342 0.000718015187886 nan nan nan
