#freq[Hz] vel[km/s] flux[Jy/beam] noise[Jy/beam] tau tau_noise
1175773317.97 62375.08309102088 0.0007985245902091265 0.00011732788121941601 0.011443463154030066 0.001673212672137449
1175695192.972851 62399.149140014124 -0.00043435662519186735 0.0008557972213649902 -0.006170105275851837 0.012269278432924448
1175617067.975702 62423.21838759992 -0.0012837767135351896 0.0013929379782844126 -0.018127331700697014 0.020047694821658663
1175538942.978553 62447.29083441602 -0.0008920232648961246 0.0006729307405703983 -0.012630404844956854 0.009634906751924964
1175460817.981404 62471.366481100304 0.0001837989257182926 0.0003389471980284914 0.0026223999343855573 0.004841384232109407
1175382692.984255 62495.445328290836 0.0006358308019116521 0.0005029154647549386 0.009101291376933957 0.007191879223368692
1175304567.987106 62519.527376625854 0.0006039987783879042 0.00012768185409646896 0.008643672271903049 0.001821005179295179
1175226442.989957 62543.612626743765 0.0010608542943373322 2.6307710644720947e-05 0.015231605251334667 0.00037493078688815787
1175148317.992808 62567.70107928314 0.001699548913165927 0.0006570895366058581 0.024515051102850047 0.009407024909531938
1175070192.995659 62591.79273488272 0.001586583093740046 0.0009804194332405267 0.022866803393034568 0.014068568662201053
1174992067.9985101 62615.887594181404 0.0010183904087170959 0.0006375193559287752 0.014617436104277 0.009125571982034642
1174913943.0013611 62639.985657818295 0.0009545699576847255 0.00023949480227225973 0.013695088817358599 0.003418415229239087
1174835818.0042121 62664.08692643263 0.0008923242567107081 0.00021077995560710473 0.012796318920650253 0.003007938446536833
1174757693.007063 62688.19140066392 0.0007348817307502031 0.0002513898151205202 0.01052659467874799 0.003588502997256918
1174679568.009914 62712.29908115161 0.0006125951185822487 0.0004774973234680721 0.008767233142063294 0.006827146596937302
1174601443.012765 62736.40996853552 5.49837714061141e-05 3.805954278277087e-05 0.0007837748850271063 0.0005424603369438191
1174523318.015616 62760.52406345559 -1.152980257757008e-05 9.147632513748892e-06 -0.00016427551326939364 0.00013035378599580592
1174445193.018467 62784.64136655193 -1.2206146493554115e-05 1.8223669278709467e-05 -0.00017391115814637534 0.0002597041277136651
1174367068.021318 62808.76187846481 -0.0005033932393416762 6.36027420048043e-05 -0.007147284592737732 0.0009066910815735781
1174288943.024169 62832.88559983467 -0.0001532450260128826 0.0006513051351571203 -0.0021812190883056847 0.009323827000194159
1174210818.02702 62857.012531302134 0.0005034009227529168 0.0012299347493290372 0.0071988465023565444 0.01768081949098055
1174132693.029871 62881.14267350797 0.0005868556909263134 0.0008658709816202976 0.008397308936010692 0.012414602746887422
1174054568.032722 62905.27602709316 0.0004126029380131513 0.00012661985947891397 0.005896560284395916 0.0018058452732251182
1173976443.035573 62929.412592698805 0.00020519144891295582 0.0001030310181601092 0.0029280707061432156 0.0014691752857940072
1173898318.038424 62953.552370966216 0.0006295848870649934 0.0007040119038626749 0.009011483210003666 0.010082172257020352
1173820193.041275 62977.69536253685 0.0012024817988276482 0.0012913102885799116 0.017282741745320386 0.01857136066065685
1173742068.044126 63001.841568052354 0.0008758872281759977 0.0011114407969839586 0.012559118308471178 0.015963747155222304
1173663943.046977 63025.99098815453 -0.0002739126794040203 2.7728708805996796e-05 -0.003895405018080951 0.00039518649261697944
1173585818.049828 63050.143623485375 -0.0013920918572694063 0.001091531806712489 -0.01964184921379898 0.01567553900980221
1173507693.052679 63074.299474687024 -0.0014135747915133834 0.0018595575806766716 -0.01994196215032216 0.026854344884692714
1173429568.05553 63098.4585424018 -0.0009409906342625618 0.0013498997532140834 -0.013319149949223362 0.019422217220273347
1173351443.058381 63122.62082727219 -0.0005067584570497274 0.00046665325897448295 -0.007194893195455838 0.006671582297565548
1173273318.061232 63146.78632994088 -7.193491910584271e-05 0.00032452837300808767 -0.0010244810074903014 0.004634953541474136
1173195193.064083 63170.95505105069 0.000227967175305821 0.0005316298799254497 0.003253608340963348 0.0076040711738247025
1173117068.066934 63195.12699124463 0.0006977007142268121 0.0004309398280821332 0.009991336514418891 0.006159423755242323
1173038943.069785 63219.30215116587 0.0006765329744666815 0.0001712417561912675 0.009686733526751385 0.0024430181529526843
1172960818.0726361 63243.480531457775 0.0004057540209032595 2.3354129807257937e-05 0.005798397228032676 0.0003328300997428032
1172882693.0754871 63267.66213276386 0.0004263510345481336 6.236512906718393e-05 0.0060936358785200284 0.0008890404027265016
1172804568.0783381 63291.8469557278 0.00023751198023092002 0.00019392318584869272 0.0033900655065571125 0.0027670505323987523
1172726443.081189 63316.03500099356 0.00020937444060109556 6.721456792152952e-05 0.002987851029777659 0.000958204266383147
1172648318.08404 63340.226269205006 0.0004959932994097471 0.00014224082857720993 0.007092537789412074 0.0020288567951772625
1172570193.086891 63364.42076100643 0.00022762228036299348 0.00014148489311056984 0.0032486779039601413 0.002018063597439088
1172492068.089742 63388.61847704221 -0.0005447230068966746 0.0003200120480188292 -0.007731830510618146 0.004570303215952391
1172413943.092593 63412.819417956896 -0.0007431973936036229 0.0004334338671238478 -0.010534194501272236 0.006195181708335737
1172335818.095444 63437.0235843952 -0.0006561464397236705 0.0005398727221077807 -0.009306043155573467 0.0077224275680685805
1172257693.098295 63461.23097700204 -0.0006272946484386921 0.0008935553327769019 -0.008898656956282858 0.012814086683594086
1172179568.101146 63485.44159642246 -0.0002781228977255523 0.0005183845477385834 -0.003955161706532597 0.0074139149245891515
1172101443.103997 63509.6554433017 6.957140431040898e-05 0.0003566238939092332 0.0009918197614377094 0.005094515198040806
1172023318.106848 63533.872518285185 0.0002541497815400362 3.199627713304964e-05 0.003627972119655607 0.0004560212744358462
1171945193.109699 63558.09282201848 0.0001067325210897252 0.00019827705310452462 0.0015219972147158943 0.0028292629447633326
1171867068.11255 63582.31635514735 -0.00018646653916221112 0.00013018640003276238 -0.0026534519486724082 0.0018567583244392416
1171788943.115401 63606.54311831771 -4.3873842514585704e-05 0.00039624317116865836 -0.0006249662854900727 0.00566209763193108
1171710818.118252 63630.77311217568 -0.00022140493092592806 0.00017692637450360455 -0.0031498492013236883 0.002524220123026045
1171632693.121103 63655.006337367515 -0.0007821416947990656 0.0003406532847009889 -0.011083149062132789 0.004865812665461873
1171554568.123954 63679.24279453965 -0.0007040001219138503 0.0002460406623190795 -0.009981369634748024 0.00351201144131073
1171476443.126805 63703.482484338725 -0.0004613855271600187 0.0001940007685856651 -0.006552799837777434 0.002768159078314859
1171398318.129656 63727.72540741151 -0.0003166376263834536 0.00022848133298147727 -0.004501645263475917 0.003260958514249581
1171320193.132507 63751.97156440498 -0.00011867215653182939 0.0006684475975192553 -0.0016895402330338847 0.009570409737360742
1171242068.135358 63776.220955966244 -0.00016728875925764441 0.0009846654268353848 -0.0023808733382947693 0.01412992920529861
1171163943.138209 63800.473582742634 -0.00024245333042927086 0.00043197252421336773 -0.0034487814963015313 0.006174229743584443
1171085818.14106 63824.72944538163 -0.0006607291288673878 0.0004789326904009897 -0.009370735281330471 0.006847739569223868
1171007693.1439111 63848.98854453086 -0.0011623568134382367 0.0009245606393107818 -0.01642684551235312 0.01326168138944743
1170929568.1467621 63873.25088083817 -0.0010790374362841249 0.0002309323088577311 -0.015258282095183236 0.003295997336167564
1170851443.1496131 63897.51645495155 -0.0007651983760297298 0.00010318029373216477 -0.010844354948050678 0.0014713054539872276
1170773318.152464 63921.78526751924 -0.0004044478992000222 0.000599743466937535 -0.005746465339088732 0.008582513521277096
1170695193.155315 63946.05731918944 -0.0005919132381677628 1.751359090534934e-05 -0.008398846124126008 0.0002495835918004875
1170617068.158166 63970.33261061074 -0.0011944809230044484 0.000725461071116064 -0.016877025189549817 0.01039094769736282
1170538943.161017 63994.61114243184 -0.0010025197407230735 0.000664320437549326 -0.014183908799778778 0.00951103777267875
1170460818.163868 64018.89291530158 -0.0005770365241914988 0.0004212466892522059 -0.008188617559696089 0.006020461806644112
1170382693.166719 64043.17792986901 -0.0003351162886247039 0.0004688440435804679 -0.0047637321002680115 0.006703008403510864
1170304568.16957 64067.46618678334 0.00012381066335365176 0.00019509184594221864 0.0017657452839969765 0.0027837491373092294
1170226443.172421 64091.75768669396 9.7893294878304e-05 0.000323774595014667 0.0013958625411636266 0.004624163063566451
1170148318.175272 64116.05243025042 -3.4578482882352546e-05 0.00018322628260340404 -0.0004925900103105833 0.0026142189079697855
1170070193.178123 64140.35041810244 0.00014223506150301546 2.6711546481942515e-05 0.0020287744528236155 0.00038068724794700727
1169992068.180974 64164.65165089994 4.458546754904091e-06 0.00029943210515083485 6.353217964679499e-05 0.004275758188530922
1169913943.183825 64188.95612929298 -7.203409040812403e-05 0.0003843835408811973 -0.0010258926587418196 0.005492163780176733
1169835818.186676 64213.26385393182 -5.9594938647933304e-05 0.00036048436861450307 -0.0008488123326807807 0.005149805870431563
1169757693.189527 64237.574825466894 -0.0002942623686976731 0.000676703686587154 -0.0041842002052748205 0.009689189696733633
1169679568.192378 64261.88904454878 -0.00021556868159677833 0.0003652739375870082 -0.0030669461508184563 0.005218407509905527
1169601443.195229 64286.206511828255 0.00022378012363333255 0.0003540290145692403 0.0031937540925592598 0.0050573524130655715
1169523318.19808 64310.52722795628 0.0006695732590742409 0.000760152636392741 0.009586603745775787 0.010890558414241174
1169445193.200931 64334.85119358395 0.0005128113552927971 0.00025089773862862206 0.0073339143466689925 0.0035814661813223458
1169367068.203782 64359.17840936258 -0.0003664138203021139 0.0006019186314374109 -0.00520747508294208 0.008613775241175575
1169288943.206633 64383.50887594363 -0.0007112097810022533 0.0004894403616701981 -0.010083075131336954 0.006998504309878322
1169210818.209484 64407.84259397875 -0.00033061765134334564 0.00030876168816854825 -0.004699933286565907 0.004409274645227446
1169132693.212335 64432.179564119746 -0.0002520967973396182 0.00017680238451768125 -0.003585709509984808 0.0025224489168609162
1169054568.215186 64456.5197870186 -0.00045478163519874215 0.0003080454933586109 -0.00645931072251902 0.004399024488602688
1168976443.2180371 64480.8632633275 -0.0005020874086767435 0.0003760061586688997 -0.007128810059161985 0.005372143643047419
1168898318.2208881 64505.209993698765 -0.0006462506717070937 0.000652625422468511 -0.00916633398515409 0.009342816279999541
1168820193.2237391 64529.55997878491 -0.001143279718235135 0.001172609822898265 -0.016159407666786876 0.01684976720317659
1168742068.22659 64553.91321923872 -0.0012505310587584972 0.0013692766242907012 -0.017662013581971982 0.019703774255587902
1168663943.229441 64578.269715712886 -0.0006213852902874351 0.0003245832159773267 -0.008815196562022084 0.004635738633740379
1168585818.232292 64602.62946886051 0.00011639347940217704 0.0006189385061712154 0.0016598761042609003 0.008858420628431805
1168507693.235143 64626.99247933483 0.0004493415472097695 0.000923401299501564 0.006423286047700673 0.01324494147542457
1168429568.237994 64651.35874778922 0.0003472869866527617 0.0005124480012784081 0.004960802342576397 0.0073286987915085
1168351443.240845 64675.72827487725 0.00037267673178575933 0.0005234596582916862 0.005324447984297913 0.00748677133736886
1168273318.243696 64700.10106125264 0.00026090131723321974 0.0003830363714534919 0.003724529567343314 0.00547286233276438
1168195193.246547 64724.477107569306 -7.066224497975782e-05 0.0002035784825983505 -0.0010063649847792302 0.0029050203005576707
1168117068.249398 64748.85641448134 -0.0004847029922530055 6.60670079160901e-06 -0.006882827587441007 9.414379820054648e-05
1168038943.252249 64773.238982643 -0.0006225433317013085 0.00047204970358889455 -0.008831552625306084 0.006748994353085698
1167960818.2551 64797.624812708724 -0.0003105563228018582 0.0003724544399560691 -0.004415377803450538 0.005321263626778018
1167882693.257951 64822.013905333115 -0.00026545405853539705 0.00022785411236711113 -0.0037753388880765017 0.003251992049880983
1167804568.260802 64846.40626117096 5.403454997576773e-05 7.147346320624006e-05 0.0007702388453521145 0.0010189496011354872
1167726443.263653 64870.80188087723 0.0009022153681144118 0.0006241952328199337 0.012939083377971086 0.008933993443855865
1167648318.266504 64895.20076510706 0.0011595318792387843 0.001460481301975126 0.016660270042211253 0.021030096223389565
1167570193.269355 64919.60291451576 0.0005008029984310269 0.000878104631465087 0.007161561733672224 0.012591114082814091
1167492068.272206 64944.0083297588 6.82837562635541e-05 0.00042217867453355525 0.000973453931379129 0.006033822015346376
1167413943.275057 64968.417011491874 0.0005932739586569369 0.0010205711317410541 0.008489538763368169 0.01464896743224853
1167335818.277908 64992.82896037079 0.0007027615793049335 0.0012914548392856165 0.010064175919927299 0.01857345898561161
1167257693.280759 65017.24417705159 -8.81571468198672e-05 9.930482458801954e-05 -0.0012553693804927372 0.0014160038295037963
1167179568.28361 65041.662662190436 -0.00014876198838464916 4.595069525559507e-05 -0.0021174771055848204 0.0006549692910450743
1167101443.286461 65066.084416443715 0.0005685864016413689 0.0006914180422891616 0.008134827741653855 0.009900919416130142
1167023318.2893121 65090.509440467955 0.0008617856074124575 0.0011897357590155387 0.012355664492068671 0.017097973394820432
1166945193.2921631 65114.93773491989 0.0004281523288227618 0.0007721961696974301 0.006119459868402569 0.011064061793119709
1166867068.2950141 65139.36930045639 -0.0005085156881250441 0.0005593631625746718 -0.007219752295866986 0.00800234044421205
1166788943.297865 65163.80413773461 -0.001320169190876186 0.0015783314643115127 -0.018636445767764177 0.022746512941300194
1166710818.300716 65188.24224741165 -0.0012628413969650865 0.001490573738440381 -0.017834338739177488 0.02146809444572539
1166632693.303567 65212.683630144995 -0.0006450435030274093 0.0009089266390742401 -0.009149289754368182 0.013035962861970254
1166554568.306418 65237.12828659224 -0.0002619707374833524 0.0005379567995899571 -0.003725890599235838 0.007694916185915778
1166476443.309269 65261.57621741117 -7.606139115523547e-05 0.0002103611037562756 -0.0010832174800188411 0.0030019522343842794
1166398318.31212 65286.02742325973 -3.9258055039681494e-05 7.478607994952222e-05 -0.0005592345206948321 0.001066200558405161
1166320193.314971 65310.48190479605 -0.0003677349304780364 0.00014299085256722866 -0.005226201730105508 0.002039565704365649
1166242068.317822 65334.939662678415 -0.0003467323549557477 1.3887655113768742e-05 -0.004928450110117456 0.00019790580396799568
1166163943.320673 65359.40069756532 0.0002736576716415584 0.0005513099191388684 0.0039069907031108846 0.007886673911558654
1166085818.323524 65383.865010115405 0.0006116976146586239 0.0007402751452302758 0.00875433201211855 0.010604262109372807
1166007693.326375 65408.33260098752 0.0003700276429299265 0.0005480302146495494 0.005286500123573279 0.007839572246541374
1165929568.329226 65432.80347084066 1.8114064005203545e-05 0.000382460024057641 0.00025814194965682267 0.005464604881669271
1165851443.332077 65457.27762033401 -0.00021865854796487838 0.0001792757765406854 -0.0031108380974699443 0.0025577820986745765
1165773318.334928 65481.755050126936 -0.00017231178935617208 4.5495500768383875e-06 -0.002452274110710346 6.482897591886464e-05
1165695193.337779 65506.23576087897 0.00034656800562515855 0.000473244123912661 0.004950506633126828 0.006766129135367459
1165617068.34063 65530.71975324983 0.00019542837981134653 0.00019039295556912811 0.0027885578122890295 0.0027166099106049747
1165538943.343481 65555.2070278994 -0.0007206291193142533 0.0008468299859744878 -0.010215936632511599 0.012139934638462972
1165460818.346332 65579.69758548778 -0.0006136663723737001 0.00033415178230356154 -0.008706168487983204 0.004772724741908738
1165382693.349183 65604.19142667518 0.00017586935427971184 0.0005245916844899454 0.002509120611185777 0.00750302301146055
1165304568.352034 65628.68855212204 0.00035207797191105783 0.0006029537439386513 0.0050294112993925074 0.008628652342930905
1165226443.354885 65653.18896248893 6.180595664773136e-05 0.0002532267309690467 0.0008810656587348812 0.0036147717871347633
1165148318.357736 65677.69265843667 -0.0006487074424512684 0.00045393970078675316 -0.009201020674085153 0.0064892298559254815
1165070193.3605871 65702.1996406262 -0.0011808089911937714 0.0009630453014040844 -0.016685454740472335 0.013817527385697938
1164992068.3634381 65726.70990971864 -0.0006304753478616476 0.00030979019880173695 -0.008943576452047604 0.004423994839451876
1164913943.3662891 65751.2234663753 1.421615161234513e-05 0.00011329322291377173 0.0002025875122048254 0.0016156279126677143
1164835818.3691401 65775.74031125769 2.1520805603358895e-05 0.00023194994582589366 0.0003066985733634312 0.003310545698280225
1164757693.371991 65800.2604450275 -5.208826041780412e-05 0.0002191210059703863 -0.0007419341628788003 0.003127155832847447
1164679568.374842 65824.78386834648 -0.00019819941371679306 0.00043416399921078296 -0.0028201776210301393 0.006205650121992308
1164601443.377693 65849.31058187668 -0.0001679006963968277 0.0003122646695613509 -0.0023895721024658812 0.004459410713740466
1164523318.380544 65873.84058628032 0.00019489906844682992 0.00032001683760937645 0.0027809945830185707 0.004570371775807989
1164445193.383395 65898.37388221975 6.938353180885315e-05 7.364828251040092e-05 0.0009891400994703936 0.001049970835428757
1164367068.386246 65922.91047035756 -0.000627679459284991 0.0010863769990986588 -0.008904091562998179 0.015600930099936875
1164288943.389097 65947.45035135644 -0.0005723556387238204 0.0009757456558557109 -0.008122461025806077 0.014001030398265094
1164210818.391948 65971.99352587933 9.470432269154117e-05 0.0002620313360282649 0.0013503602043973936 0.003740691502251993
1164132693.394799 65996.53999458929 -0.00018839535186998546 0.00033151366720025037 -0.0026808625372587527 0.00473495491966667
1164054568.39765 66021.0897581496 -0.0005761287175118923 0.00044674021265336084 -0.008175787563643807 0.006385981279870372
1163976443.400501 66045.64281722369 -0.0001494988682679832 0.0003185750845557292 -0.0021279546968142036 0.004549734236189238
1163898318.403352 66070.1991724752 0.00015654339222237468 0.0007882797873529106 0.00223308983075362 0.01129581500362449
1163820193.406203 66094.75882456789 0.0002373135939706117 0.0005450124274090747 0.0033872290907573516 0.007796234080978286
1163742068.409054 66119.32177416579 -8.730696572456509e-05 4.902679899719214e-05 -0.0012432702125427786 0.000698830599784013
1163663943.411905 66143.888021933 -0.0008862472604960203 0.0008677464299405239 -0.012549131809100732 0.012441660342664898
1163585818.414756 66168.4575685339 -0.0010644476860761642 0.0009385201814322234 -0.015053518679272168 0.013463267709055383
1163507693.417607 66193.03041463297 -0.00022728453041054308 0.00018438922539289833 -0.0032333610852142898 0.002630833280082499
1163429568.420458 66217.6065608949 0.00040717271622270346 0.0007286920167106229 0.005818730084610935 0.010437467633748
1163351443.423309 66242.18600798458 0.0003760631661862135 0.0005828062234280365 0.005372960323257399 0.008339122893252945
1163273318.42616 66266.76875656703 0.0005321838543750346 0.00048108149057812365 0.007612025080704961 0.006878568843061599
1163195193.429011 66291.3548073075 0.0005709826364181936 0.00039443382782787675 0.008169251349597015 0.005636170110122388
1163117068.431862 66315.9441608714 0.00012656670878641307 6.103780839309775e-05 0.0018050865564865574 0.0008701106697445773
1163038943.4347131 66340.53681792428 -0.0002961569116450846 0.0003029736621648017 -0.00421108260759739 0.004326439613303639
1162960818.4375641 66365.13277913192 -0.00020759759354405105 2.4424754317690837e-06 -0.0029537069299997542 3.480361819443341e-05
1162882693.4404151 66389.73204516027 0.0002012529002968222 0.000147870280299325 0.002871787054303421 0.0021092374072442595
1162804568.443266 66414.33461667551 8.156074909493327e-05 3.3122532090446735e-05 0.0011628409663828024 0.0004720768132119089
1162726443.446117 66438.94049434381 -0.0005459774984046817 0.0008790981910321203 -0.007749568019137311 0.012605450872300418
1162648318.448968 66463.5496788317 -0.0004414697177708149 0.0008417927175016546 -0.006270831737945698 0.012067284196084941
1162570193.451819 66488.16217080584 0.0002445978461764753 0.00014647551701239795 0.0034913805308528926 0.002089321557226146
1162492068.45467 66512.77797093306 0.00044127495493739843 0.00014660608729164066 0.006307610592001964 0.0020911859557603916
1162413943.457521 66537.39707988041 0.0002192787651438266 0.00018501858190575176 0.003129410798092172 0.0026398246915803145
1162335818.460372 66562.01949831506 -5.2266259444877505e-06 0.00010940574743116012 -7.447180544374504e-05 0.001560146960228692
1162257693.463223 66586.64522690438 -8.93446704139933e-05 9.11287669891974e-05 -0.0012722691200448225 0.0012993443037310054
1162179568.466074 66611.27426631593 -4.836256266571581e-06 0.00016630930855480257 -6.890979787306516e-05 0.0023725659125510635
1162101443.468925 66635.90661721745 0.00032121490221470594 3.477881349367257e-05 0.004587521434583937 0.0004956887117005612
1162023318.471776 66660.54228027683 0.0003280969394836575 2.223366766545513e-05 0.004686039841946631 0.0003168593648857636
1161945193.474627 66685.18125616219 0.00023982276616152376 0.00022031678550228103 0.0034231044240890423 0.003144248095883523
1161867068.477478 66709.8235455418 0.0003853275557048619 0.0005578572894169417 0.005505689288676892 0.007980710982977847
1161788943.480329 66734.4691490841 0.0005466913571581244 0.0007010622927759357 0.00782034480520475 0.010039718043077621
1161710818.48318 66759.11806745773 0.00046798307448625565 0.0003581807697338717 0.006690657958851509 0.005116812790366096
1161632693.486031 66783.77030133149 -7.312528396141715e-06 0.00017271765125861292 -0.00010419132829786501 0.002464099952648247
1161554568.488882 66808.4258513744 -1.3746626791544259e-05 2.8021693669201674e-05 -0.00019585751760642603 0.00039936291439708296
1161476443.491733 66833.08471825559 0.00013070119894109666 0.0004640702025877328 0.0018641073917854735 0.006634530446765355
1161398318.494584 66857.74690264443 -0.00017102941637858748 0.00031834785947625397 -0.0024340460720431337 0.004546481730114055
