#freq[Hz] vel[km/s] flux[Jy/beam] noise[Jy/beam] tau tau_noise
1301016445.72 27510.807727719217 0.0003625848621595651 0.0005271928205022749 0.0025566800451184485 0.003719534395938658
1300938320.722851 27530.46320737918 -0.00015298272774089128 0.0002458756156177896 -0.0010767632354462175 0.0017330192305671525
1300860195.725702 27550.121047914352 0.0005627176142297685 0.0002598458588063999 0.003970672798028194 0.0018315767271951727
1300782070.728553 27569.78124975011 0.0009184040827676654 0.00019030432656927203 0.006488640153697382 0.0013410701465929966
1300703945.731404 27589.443813311947 0.0002764716628007591 2.681385386201008e-05 0.001948881377075294 0.0001888477873956765
1300625820.734255 27609.108739025447 -0.0002306972601218149 0.00011780924585677946 -0.0016233103109940976 0.0008299869203266337
1300547695.737106 27628.776027316293 -0.000516305270139128 7.931212435563441e-05 -0.00362935850998308 0.0005586921263968782
1300469570.739957 27648.445678610286 5.686815711669624e-05 0.00048393392907105764 0.00040056019321877984 0.003413805825968511
1300391445.742808 27668.117693333315 0.0008444666746072471 0.0016216644002236223 0.005964701931605875 0.011485882760664968
1300313320.745659 27687.79207191138 0.000921241648029536 0.0008066046744877118 0.00650875329304555 0.0056965089511869516
1300235195.7485101 27707.468814770575 0.00037916985456831753 6.590900536486175e-05 0.002673781613767352 0.000464255675095399
1300157070.7513611 27727.147922337103 -0.0003018305287696421 0.00015731552545633452 -0.002123311282289355 0.0011084699389412769
1300078945.7542121 27746.829395037268 -0.0005947757745161653 0.00021639508170704245 -0.004179814185510673 0.0015250713564730492
1300000820.757063 27766.513233297534 0.000651463633403182 0.0007502209241742039 0.004598328190921831 0.005297251640883628
1299922695.759914 27786.199437544292 0.0016192260663956404 0.0009990203043495633 0.011468513181226584 0.007060219051128723
1299844570.762765 27805.888008204216 0.00012660260836128145 0.00011208233028197458 0.0008919653473579193 0.0007896238559616796
1299766445.765616 27825.578945704015 -0.0005039522075094283 0.00021267469173791317 -0.003542676512382135 0.001498831784127841
1299688320.768467 27845.2722504705 -1.9663479179143906e-05 3.5668296552598245e-05 -0.0001384656186806778 0.00025121673927291346
1299610195.771318 27864.967922930606 -8.811920997686684e-05 0.0013675492649322597 -0.0006203653503566919 0.00967730304119981
1299532070.774169 27884.66596351134 0.00037097930908203125 0.0012151676218320811 0.0026159489585028976 0.008594344266904313
1299453945.77702 27904.36637263983 0.0008740274934098125 0.0007579351854177632 0.006174144054450484 0.005351867456612961
1299375820.779871 27924.069150743304 0.00041215989040210843 0.0002446651868427346 0.0029067549613226887 0.001724480335403089
1299297695.782722 27943.774298249093 -0.00021737246424891055 0.0007046341191391718 -0.0015296215340194071 0.00497456476238436
1299219570.785573 27963.481815584626 -0.0004330844967626035 0.00047847474513542363 -0.003045249340205609 0.0033752301448320096
1299141445.788424 27983.191703177443 -0.0007072938024066389 0.0001119232382067704 -0.0049685784162847 0.0007885026048457807
1299063320.791275 28002.903961455173 -0.0006284150877036154 0.0005328316788076267 -0.004415694818089826 0.0037593934388054223
1298985195.794126 28022.61859084557 -0.0009209072450175881 5.955480445149415e-05 -0.006464323455837774 0.0004194880041397508
1298907070.796977 28042.33559177647 -0.0014986330643296242 3.6637347223858207e-06 -0.01049845186893131 2.5801281599358485e-05
1298828945.799828 28062.054964675823 -0.0002602795429993421 3.0958705112339106e-05 -0.001831276716934785 0.00021804281969487423
1298750820.802679 28081.776709971677 0.001218660268932581 0.0014412573526003045 0.008619152979360879 0.010201559071195545
1298672695.80553 28101.50082809218 0.00041244179010391235 0.001848754335576395 0.0029087459513838974 0.013104891949879374
1298594570.808381 28121.227319465594 -0.0008586791809648275 0.0006980563284887038 -0.006028826534490031 0.0049280123683643
1298516445.811232 28140.956184520277 -0.0001637742097955197 0.0003168866460141671 -0.0011526749205403885 0.002234089819941624
1298438320.814083 28160.687423684692 0.0006278363289311528 0.0009133320267905532 0.004431185816671304 0.006452689576494084
1298360195.816934 28180.421037387405 0.00014787283726036549 0.0015220921784047808 0.00104190059884681 0.010776820894867188
1298282070.819785 28200.15702605708 0.0003079532762058079 0.001151286652080893 0.0021710400465679218 0.008140698230655144
1298203945.8226361 28219.895390122496 0.0007209621253423393 1.7538660744159653e-05 0.005090130829263289 0.00012351932357895304
1298125820.8254871 28239.636130012514 0.0003572882560547441 0.00016173321076999852 0.0025192852150346654 0.0011396153880405475
1298047695.8283381 28259.379246156124 0.0008606832707300782 0.0005857200636087968 0.006079593125246356 0.00413331958873982
1297969570.831189 28279.124738982468 0.0012856235262006521 0.0010003957366764439 0.00909492049322568 0.007069973870126441
1297891445.83404 28298.872608920603 0.0005880978424102068 0.0006330048863664856 0.004150134006583741 0.00446774642227055
1297813320.836891 28318.622856399874 0.00036997115239501 0.0006398288878607602 0.0026088306921056275 0.0045160191198447405
1297735195.839742 28338.375481849685 0.00010758852295111865 0.00028402688337448646 0.0007579528282710059 0.0020021923696275463
1297657070.842593 28358.130485699523 -0.000559213338419795 0.00027534933191316317 -0.003930387997285949 0.0019409622513180858
1297578945.845444 28377.887868378988 -0.0006990942638367414 0.0005993658228251979 -0.004911119726395574 0.004229819161753965
1297500820.848295 28397.64763031778 -0.0004716587718576193 9.982684680820402e-05 -0.003316036515513337 0.0007032531880040873
1297422695.851146 28417.40977194571 -0.0007006293162703514 9.643178222583957e-05 -0.004921876936769695 0.0006793277487824002
1297344570.853997 28437.174293692675 -0.0006484180921688676 0.0002444538407661547 -0.004555930562262122 0.0017229894150132897
1297266445.856848 28456.941195988697 0.00038079326623119414 5.838251980295952e-06 0.0026852447648160836 4.1115295787617024e-05
1297188320.859699 28476.710479263886 0.0008394864853471518 0.000502811043051116 0.005929420980938322 0.0035472067439303685
1297110195.86255 28496.482143948466 0.0002906947920564562 0.00043987966356274827 0.0020492446913020455 0.003102552050629206
1297032070.865401 28516.25619047276 -0.000423628807766363 0.0006602738807788763 -0.002978860250125694 0.004660660084726412
1296953945.868252 28536.032619267193 -0.0005173758836463094 0.0011757404028386537 -0.0036368706994397916 0.008314330443668127
1296875820.871103 28555.81143076229 0.000418361829360947 0.000530925939563399 0.002950558686198047 0.003745922281994899
1296797695.873954 28575.592625388694 0.0007017715252004564 0.0001788775717085667 0.004954305322708598 0.0012604952997314156
1296719570.876805 28595.37620357714 1.5353689377661794e-05 0.00033113246325710107 0.00010813041896522502 0.002334641912149744
1296641445.879656 28615.162165758466 -0.0007188740419223905 0.0002668027175015299 -0.005049721919065679 0.0018806597091515687
1296563320.882507 28634.950512363623 -0.0010603652335703373 0.0006371808915301038 -0.00743961808543661 0.004497287029266093
1296485195.885358 28654.74124382366 -0.00012829212937504053 7.86151742068148e-05 -0.0009030578203403507 0.0005537812959326594
1296407070.888209 28674.534360569727 0.00029282007017172873 0.00046828603470698256 0.0020642422530301524 0.0033032386674625093
1296328945.89106 28694.329863033086 -0.0006439712597057223 0.0005813380197527186 -0.004524756702534509 0.004102332789064091
1296250820.8939111 28714.12775164509 -0.0013518347404897213 0.0006354686344841986 -0.009474933672996967 0.004485174603333091
1296172695.8967621 28733.928026837213 -0.0011239642044529319 0.0003560206428223354 -0.007884079681600703 0.0025103358836876854
1296094570.8996131 28753.730689041022 -0.00031006819335743785 0.0006156410672520323 -0.0021811982829881573 0.0043449260085905855
1296016445.902464 28773.535738688246 -0.00043858488788828254 0.000667983309282424 -0.0030838659645843042 0.004715206948369934
1295938320.905315 28793.34317621055 -0.0011212945682927966 0.0003485139089277575 -0.007865426892928087 0.002457340090871435
1295860195.908166 28813.153002039875 -0.0009690499282442033 0.00023530939052540456 -0.006801115165191178 0.0016584829067785402
1295782070.911017 28832.965216608198 -0.0004233667568769306 0.00047665271585211157 -0.0029770203087291494 0.003362355654176194
1295703945.913868 28852.779820347612 -0.00011157548578921705 0.0004225387136644214 -0.0007854343233598429 0.002980060717471457
1295625820.916719 28872.59681369032 -1.3750737707596272e-05 0.0004954923329476154 -9.683149271907917e-05 0.0034954847211125534
1295547695.91957 28892.41619706861 -0.0003034487890545279 0.0009102674655306803 -0.0021346832448108986 0.0064309686866218406
1295469570.922421 28912.23797091489 -0.000998358242213726 0.0002586511364363827 -0.007006091769061071 0.0018231478007406606
1295391445.925272 28932.062135661672 -0.0011141038266941905 0.00028029684950006613 -0.007815183340659986 0.0019758722258562647
1295313320.928123 28951.88869174155 -0.00014048581942915916 0.00012804241102090783 -0.0009888476854785961 0.0009021139022813834
1295235195.930974 28971.71763958726 0.0002675673458725214 0.00043731485939943487 0.001886054566871463 0.0030844340882907515
1295157070.933825 28991.54897963161 -0.0006218296475708485 0.0006397031503215291 -0.004369521745459925 0.004515129636744094
1295078945.936676 29011.382712307528 -0.0004942107480019331 0.00020036311396043623 -0.0034743149523617824 0.0014120042537650005
1295000820.939527 29031.218838048044 0.0008166401530615985 0.0003108575439528763 0.005767587596254459 0.0021915372980303867
1294922695.942378 29051.057357286285 0.0006429023924283683 0.0006311461800384423 0.004537761722138828 0.0044545984162070885
1294844570.945229 29070.8982704555 -0.0005653065745718777 0.0007641514698555758 -0.003973128875235551 0.005395879991010548
1294766445.94808 29090.741577989025 -0.00041870452696457505 0.00024298757881673424 -0.0029442847658946235 0.0017126458735718534
1294688320.950931 29110.58728032031 0.0004246105090714991 0.0006344462510749532 0.0029946944773042257 0.004477942381061229
1294610195.953782 29130.435377882906 0.00027535436674952507 0.0006662677297277609 0.001940997776799453 0.004703068374375791
1294532070.956633 29150.285871110464 -3.283683327026665e-05 0.000658656638853557 -0.00023121857164589286 0.004649217918271415
1294453945.959484 29170.138760436752 0.000619466882199049 0.0015473099335790224 0.00437198605073018 0.010956351038123587
1294375820.962335 29189.994046295637 0.0005687797674909234 0.0006573911513619409 0.004013534786591592 0.004640264544854016
1294297695.965186 29209.851729121085 -0.0005231810500845313 0.000988069660678932 -0.0036776029131392165 0.006982558466903758
1294219570.9680371 29229.711809347173 -0.0010733678936958313 0.0013934497309320724 -0.007530503280917263 0.009861491336426087
1294141445.9708881 29249.574287408082 -0.0013528300914913416 0.0011703009813577101 -0.009481877061952249 0.008275705589905296
1294063320.9737391 29269.439163738094 -0.0012907242635264993 0.0007893067446053813 -0.009048545643937813 0.005574004139086827
1293985195.97659 29289.30643877167 -0.0008212805259972811 7.002674796418806e-05 -0.00576700449265322 0.0004932677489593697
1293907070.979441 29309.17611294317 -0.0008077566744759679 0.00022791180320099993 -0.005672309277740929 0.001606302111347165
1293828945.982292 29329.048186687265 -0.0010999501682817936 0.0008734224830841796 -0.007716280731047376 0.006169857040387562
1293750820.985143 29348.92266043865 -0.0023389123380184174 0.00435403398536229 -0.016337034598224585 0.03114213254714237
1293672695.987994 29368.799534632148 -0.004569115117192268 0.011103169778138263 -0.03167003514874276 0.08141760024321691
1293594570.990845 29388.67880970266 -0.005154597107321024 0.014201467705640871 -0.035656657550619954 0.10537200011845842
1293516445.993696 29408.560486085215 -0.0042075845412909985 0.010833786636367311 -0.029200366216216148 0.07936173434952827
1293438320.996547 29428.444564214933 -0.004021875560283661 0.00847932472049426 -0.027929385487974804 0.06157072074469927
1293360195.999398 29448.331044527054 -0.0043405890464782715 0.009261622438702063 -0.030109649037708863 0.06744695263937614
1293282071.002249 29468.2199274569 -0.004384049214422703 0.009565425045227253 -0.030406584536694915 0.06973830804771672
1293203946.0051 29488.111213439923 -0.004592804238200188 0.009101872075269158 -0.03183164632328798 0.06624417832641494
1293125821.007951 29508.00490291166 -0.00443985965102911 0.00903391408522566 -0.030787772244340976 0.06573295501777827
1293047696.010802 29527.900996307762 -0.003606942016631365 0.00793374013118738 -0.025083755710387467 0.05749290323070356
1292969571.013653 29547.799494064 -0.0028792775701731443 0.0059147228418699295 -0.020073769560120042 0.042545330443922696
1292891446.016504 29567.700396616216 -0.002284139161929488 0.00399861184718577 -0.015957486419645 0.028563313416284264
1292813321.019355 29587.60370440039 -0.0019770937506109476 0.0035949879601332837 -0.013827158145265677 0.025642800912521704
1292735196.022206 29607.509417852587 -0.0020817453041672707 0.0030473021645084915 -0.014553756631213234 0.021693485728678727
1292657071.025057 29627.41753740899 -0.001702883280813694 0.001707577917986746 -0.0119207998670738 0.012098084196653725
1292578946.027908 29647.328063505884 -0.0007429997203871608 0.0009105379263734738 -0.005218750996078635 0.006432885630520995
1292500821.030759 29667.240996579647 -0.0005423303809948266 0.0003902467764013748 -0.0038119533004797065 0.0027520000159395363
1292422696.03361 29687.15633706679 -0.0009340298129245639 0.00033194744876575825 -0.006556136233684221 0.0023403946782093983
1292344571.036461 29707.074085403896 -0.0008735532173886895 0.0006972240616195586 -0.006132938249940987 0.004922122396885399
1292266446.0393121 29726.994242027686 -0.00024936828413046896 0.00040824131123680976 -0.0017545745104714792 0.002879079385948063
1292188321.0421631 29746.916807374957 -3.4652475733309984e-06 0.00010185392234629514 -2.4402854172688846e-05 0.0007175385124810614
1292110196.0450141 29766.841781882635 -0.000701840384863317 5.1032612636705325e-05 -0.004930363678977811 0.00035944919015361434
1292032071.047865 29786.769165987796 -0.0009132548584602773 7.189499032386134e-05 -0.006410779215339617 0.0005064309632750588
1291953946.050716 29806.698960127454 -0.0009852212388068438 0.0008573137524404245 -0.006914219337504332 0.0060557197060819475
1291875821.053567 29826.6311647389 -0.0008857878274284303 0.0019073820306360159 -0.006218567017158133 0.013523296800245915
1291797696.056418 29846.565780259476 2.488482277840376e-05 0.00042568543150449194 0.00017526058807346693 0.0030022870858613868
1291719571.059269 29866.502807126624 0.00016449330723844469 0.0001921935395686386 0.0011590750401237174 0.0013543924062221111
1291641446.06212 29886.442245777893 -0.0003592042485252023 1.734760570320893e-05 -0.002526413312585458 0.00012217370024910016
1291563321.064971 29906.38409665095 -0.0007936998154036701 0.000673434079072502 -0.005573872391203963 0.0047537748187695865
1291485196.067822 29926.32836018355 -0.0010286099277436733 0.0007511116154181324 -0.007217622072209079 0.00530355744934593
1291407071.070673 29946.275036813557 -0.0006320895627140999 0.00012359087495243025 -0.004441457059625428 0.0008707372559916037
1291328946.073524 29966.224126978963 2.0690669771283865e-05 0.000227431161317165 0.0001457195586305444 0.0016029118737115509
1291250821.076375 29986.17563111783 -5.897392111364752e-05 0.001213834993773875 -0.0004152230865787146 0.008584878604100963
1291172696.079226 30006.12954966836 -0.00037809653440490365 0.0014967322025959116 -0.0026591130737723696 0.01059631075341828
1291094571.082077 30026.085883068834 -0.00016767466149758548 0.0006484075623244349 -0.0011801108705049637 0.004576707605945098
1291016446.084928 30046.04463175766 0.00010777855641208589 0.0003652400652574624 0.0007592921077028463 0.0025754267017379473
1290938321.087779 30066.005796173336 0.00010468745313119143 0.0003475663898392279 0.0007375074772255589 0.0024506510264241275
1290860196.09063 30085.96937675448 0.0002716433664318174 0.0006457322092333556 0.0019148135396367832 0.004557780845183968
1290782071.093481 30105.93537393981 0.00016557547496631742 0.0004421334032372776 0.001166704807037868 0.0031184729018544546
1290703946.096332 30125.903788168143 -0.00019073208386544138 0.00048654848456681214 -0.001342282424933859 0.003432281322928104
1290625821.099183 30145.874619878414 0.0002555068058427423 0.0001666169102990694 0.0018009644664975513 0.0011740474473008924
1290547696.102034 30165.847869509653 0.000630224822089076 0.00018975762285545672 0.0044480810333320416 0.001337214961251808
1290469571.104885 30185.82353750101 0.0005163837340660393 0.0003750231275711775 0.003643133328170848 0.0026445015545771824
1290391446.107736 30205.801624291737 0.0002454771311022341 0.0002254258978333228 0.0017302081380702536 0.0015887677461207024
1290313321.1105871 30225.78213032118 -0.00013647206651512533 0.0005105071383701673 -0.0009606093580097385 0.003601598669878947
1290235196.1134381 30245.7650560288 -0.0002864263369701803 0.0005289761015665652 -0.0020150552917988433 0.0037321395908108527
1290157071.1162891 30265.750401854173 -0.000377882068278268 0.0005262088401163361 -0.002657606758591818 0.003712579158507201
1290078946.1191401 30285.73816823697 -0.00017052222392521799 6.916000467299567e-05 -0.00120014027533993 0.0004871609300485175
1290000821.121991 30305.728355617037 0.00016002592747099698 0.0004447157260831331 0.0011275786291137456 0.0031367152395062876
1289922696.124842 30325.720964434135 3.08367089019157e-05 0.00028877632334510934 0.0002171835044744807 0.0020357067255172417
1289844571.127693 30345.715995128317 -0.0002979293931275606 0.00042316817805093584 -0.0020958963916838163 0.002984506805006353
1289766446.130544 30365.713448139693 -0.0010706232860684395 0.0007615378204985734 -0.0075113198787695665 0.005377374595949925
1289688321.133395 30385.71332390846 -0.001497193006798625 0.0008920953274998179 -0.010488416478865064 0.006302178536315581
1289610196.136246 30405.715622874945 -0.0013228084426373243 0.0010760615155438415 -0.009272430252190024 0.00760675614766703
1289532071.139097 30425.720345479556 -0.0014448324218392372 0.0005995171048473475 -0.010123460627854068 0.004230889044530325
1289453946.141948 30445.727492162827 -0.0007778700673952699 9.494657766155212e-05 -0.005463008778057253 0.0006688615088513093
1289375821.144799 30465.737063365395 -1.420790795236826e-05 0.00018661746373397343 -0.00010005068456875706 0.0013150718191030598
1289297696.14765 30485.749059527992 0.00010444663348607719 0.0003374499979131037 0.0007358103144620798 0.0023792365759672893
1289219571.150501 30505.76348109148 0.0003988868265878409 7.579354443145495e-05 0.00281301497838826 0.0005338998543170402
1289141446.153352 30525.7803284968 0.00016298631089739501 0.00017631967145955563 0.001148450138289442 0.0012424593602449498
1289063321.156203 30545.799602185023 -0.0005409475415945053 0.001065119933260732 -0.0038022519990888737 0.007529117403952308
1288985196.159054 30565.821302597313 -0.0010049906559288502 0.0014123370281857266 -0.007052471741476662 0.009995827651988016
1288907071.161905 30585.845430174944 -0.0005205241031944752 0.0012496639789318599 -0.0036589605306407845 0.008839403223258244
1288828946.164756 30605.871985359303 0.0005360678769648075 0.00037229073088817523 0.003782269666637821 0.0026252085570751017
1288750821.167607 30625.900968591883 7.349549559876323e-05 9.568605160752761e-05 0.0005177079002792393 0.0006740725697322579
1288672696.170458 30645.932380314276 -0.001118308980949223 0.00014752035971785812 -0.007844566136368511 0.0010394157781279014
1288594571.173309 30665.966220968185 -0.0008811061270534992 0.0005839492095902507 -0.006185801147672227 0.004120797211708887
1288516446.17616 30686.002490995423 0.0001526330306660384 0.000800168586678299 0.0010754585959851372 0.0056509264994769725
1288438321.179011 30706.04119083791 0.00010025332449004054 0.00022707586862738164 0.0007062586693452054 0.0016004058018564533
1288360196.181862 30726.082320937665 -0.0009011654765345156 0.0011163620796965127 -0.006326183190276827 0.007892770916620715
1288282071.1847131 30746.12588173683 -0.0009202181827276945 0.0017828782208907641 -0.006459502160169754 0.012634966497884965
1288203946.1875641 30766.171873677635 0.0003022569580934942 0.0013793295865041728 0.002130838752669612 0.009761073287237895
1288125821.1904151 30786.220297202435 0.0013537331251427531 0.0014455099912126785 0.00957906496675173 0.010231814769744711
1288047696.193266 30806.271152753743 0.0014709890820086002 0.0008572497186352705 0.010413106740149851 0.006055266024829772
1287969571.196117 30826.324440773995 0.0012360314140096307 0.0010142198757786313 0.008742551555617924 0.007168022491641214
1287891446.198968 30846.38016170593 0.0008481251425109804 0.0023718394133677156 0.005990620258917812 0.016844164216473157
1287813321.201819 30866.438315992313 0.0007843943312764168 0.0022436697977257876 0.005539216916025967 0.015926649974566234
1287735196.20467 30886.498904076037 0.00101374217774719 0.0013156670393417247 0.00716463422637265 0.00930845035138038
1287657071.207521 30906.561926400092 0.0009153266437351704 0.00041745950391220164 0.0064668272060298205 0.0029441855252071414
1287578946.210372 30926.627383407576 0.001022987300530076 0.0006142546318117324 0.0072302110142223016 0.004335119912265523
1287500821.213223 30946.69527554169 0.0008060302934609354 0.0011866993312064477 0.005692440914880078 0.008392153361626808
1287422696.216074 30966.76560324576 1.0030284101958387e-05 9.424727586692328e-05 7.063829836080026e-05 0.0006639335654503442
1287344571.218925 30986.8383669632 -0.0003800646518357098 0.0005974666422995573 -0.002672936153838874 0.004216388049632888
1287266446.221776 31006.91356713754 -0.00016712420620024204 1.0694001443808509e-05 -0.001176238989191065 7.531270525317373e-05
1287188321.224627 31026.99120421242 0.0007565395208075643 0.0005850055947774351 0.005341986138915338 0.004128267291144248
1287110196.227478 31047.07127863158 0.0013168337754905224 0.0020249247961880916 0.009316743677028736 0.014362685100422691
1287032071.230329 31067.15379083888 0.0005434119375422597 0.0025749901984750373 0.0038341857353223125 0.018300165026022604
1286953946.23318 31087.238741278274 -0.00011445346899563447 0.001216716687603665 -0.0008056856931382358 0.008605347400322367
1286875821.236031 31107.326130393827 -0.0004783212789334357 0.0005385141612214765 -0.003362799158387186 0.003799562451954638
1286797696.238882 31127.41595862973 -0.0007134993793442845 0.0008030419095119975 -0.005012062122355788 0.005671276042677145
1286719571.241733 31147.50822643025 -0.0005780239589512348 2.024760569326625e-05 -0.004062328818043196 0.00014259893923321325
1286641446.244584 31167.60293423979 -0.0009929700754582882 0.0009105707199664098 -0.006968411138758225 0.006433118061747768
