#freq[Hz] vel[km/s] flux[Jy/beam] noise[Jy/beam] tau tau_noise
1366229662.23 11887.886250891745 -0.00047623261343687773 0.00014061107330721757 -0.006513219143798048 0.001931214288833848
1366151537.232851 11905.710061312746 -0.0004896523314528167 0.0003766969384443116 -0.006696141449031491 0.0051821328549438595
1366073412.235702 11923.535910401839 -0.00011838472710223868 0.0003855149198374906 -0.0016230609870028314 0.005303762044618073
1365995287.238553 11941.363798508815 -2.5369889044668525e-05 1.7262320786843034e-05 -0.00034804439260276686 0.00023688757042826216
1365917162.241404 11959.193725983543 5.288433749228716e-05 0.0001722811404894824 0.0007258992337851044 0.002366700004031832
1365839037.244255 11977.025693175978 0.0003452611272223294 0.000581892274622802 0.004748649163553915 0.008016296972544426
1365760912.247106 11994.859700436149 7.979106885613874e-05 1.936313336589281e-06 0.0010954278611913946 2.656886844824091e-05
1365682787.249957 12012.695748114165 -0.00014897444634698331 0.00026441845069722226 -0.0020420197494709063 0.003634732394942013
1365604662.252808 12030.533836560222 0.0003511891118250787 0.0002654621715166083 0.004830378651634095 0.00364910573379701
1365526537.255659 12048.373966124587 0.0005401105154305696 0.00025249219763674377 0.007438554432586796 0.0034705076653308194
1365448412.25851 12066.216137157615 -0.0001531877787783742 0.0002921366741833724 -0.002099712070696765 0.004016517068098727
1365370287.2613611 12084.060350009737 -0.00045488483738154173 0.0007026612393283539 -0.006222161615892679 0.009688124267270119
1365292162.2642121 12101.906605031463 1.9652874470921233e-05 0.0002696339264579842 0.0002696971115879304 0.0037065580713537953
1365214037.267063 12119.754902573442 0.0003348077298142016 0.00024167268518839226 0.004604543803981982 0.0033215461029817393
1365135912.269914 12137.605242986237 0.0004010191187262535 0.0002843538268661659 0.005517652213174337 0.003909303133871642
1365057787.272765 12155.457626620655 0.0004844510112889111 0.00030532740072305374 0.006669433758548747 0.004198254415012367
1364979662.275616 12173.312053827527 0.0003493931144475937 0.00028422856397104313 0.004805616420085776 0.003907577647587116
1364901537.278467 12191.168524957773 -0.00017793982988223433 0.000944556791500318 -0.002438569777890424 0.013045158740698597
1364823412.281318 12209.027040362378 -0.0002165505284210667 0.0006994885023612565 -0.002966924408576883 0.009644167709553909
1364745287.284169 12226.887600392423 0.0005455204518511891 0.0003960079202888066 0.007513342201349385 0.005448514577170092
1364667162.28702 12244.75020539906 0.0007923619705252349 0.00044820729444260474 0.010931679677153902 0.006168924413371115
1364589037.289871 12262.614855733522 0.00048478657845407724 2.9041153702234697e-06 0.006674068960025886 3.9848701189156395e-05
1364510912.292722 12280.481551747129 0.00035973559715785086 0.0003436990327943879 0.004948221328661614 0.004727113583621821
1364432787.295573 12298.350293791273 0.00048438573139719665 0.0003827020062539375 0.006668532047522749 0.0052649610363010736
1364354662.298424 12316.221082217433 0.0007616266375407577 0.0005727813515158826 0.010505409866013686 0.007890286075248465
1364276537.301275 12334.093917377162 0.00049987668171525 9.044753403278166e-06 0.006882531315951871 0.00012411244565042754
1364198412.304126 12351.968799622102 4.0815350075718015e-05 0.0008798386358410445 0.0005601918893487537 0.012145893229810245
1364120287.306977 12369.845729303966 0.00012431837967596948 0.0005443253153381358 0.001707252140106419 0.007496819974428552
1364042162.309828 12387.72470677456 8.886125579010695e-05 6.39483907892966e-05 0.0012200257501832536 0.0008778329488072442
1363964037.312679 12405.605732385755 -0.00018237944459542632 0.00028272888276145296 -0.0024993363420960013 0.0038869198909892303
1363885912.31553 12423.488806489515 3.9250386180356145e-05 1.0960880881057724e-06 0.0005387069269571583 1.5039741655768759e-05
1363807787.318381 12441.37392943788 0.0005326226237230003 0.0006078679932885099 0.007335049927166248 0.008375647831758056
1363729662.321232 12459.26110158297 0.0008596576517447829 0.0009120541122531929 0.01186564167565124 0.012593429545928778
1363651537.324083 12477.150323276988 0.0009378744871355593 0.000944814997895225 0.01295226997862017 0.013048748165558635
1363573412.326934 12495.041594872217 0.0007512198062613606 0.0006811841975209691 0.010361118191104392 0.009390609170709547
1363495287.329785 12512.934916721017 0.0005819787038490176 4.080761350871267e-05 0.008017492429574762 0.0005600856749955224
1363417162.332636 12530.830289175834 0.0005288464599289 0.0003246880260263289 0.007282856391898208 0.004465058359184881
1363339037.3354871 12548.727712589194 0.0004783296899404377 7.30679653638262e-05 0.0065848834941999125 0.0010030820640534658
1363260912.3383381 12566.627187313701 0.00035620841663330793 0.0005630176201622139 0.004899585338240101 0.00775526397424558
1363182787.341189 12584.528713702097 0.0002531093778088689 0.0006598889875565218 0.003479005586249705 0.009095700305252138
1363104662.34404 12602.432292107038 4.054690361954272e-05 0.00029207598446170853 0.0005565064283855435 0.004015680982067063
1363026537.346891 12620.337922881428 -0.0004770639934577048 0.0004017625917565801 -0.00652455254126361 0.005527910040515113
1362948412.349742 12638.245606378197 -0.0008972522336989641 0.000870970299022923 -0.012236196283050687 0.012022729741396456
1362870287.352593 12656.155342950355 -0.0007584315026178956 0.00013977682156271048 -0.010352804044579108 0.0019197453034008362
1362792162.355444 12674.067132950993 -6.481561285909265e-05 0.00047201539976470485 -0.0008889518467287539 0.006497675352958672
1362714037.358295 12691.980976733279 0.0002526578027755022 0.0011342157746801803 0.003472787866577309 0.015685157075512053
1362635912.361146 12709.89687465047 -8.367354894289747e-05 0.0005214006521499469 -0.001147441767460667 0.0071799496020022524
1362557787.363997 12727.814827055901 -0.0002925198059529066 3.8230705920638017e-05 -0.0040056851943296575 0.0005247082632077924
1362479662.366848 12745.734834302983 -0.00022309066844172776 0.00027614800692428107 -0.003056393031306895 0.0037962749159412513
1362401537.369699 12763.656896745213 7.283354352694005e-05 9.759222234639929e-06 0.0009998622955261058 0.00013391707025604973
1362323412.37255 12781.58101473617 0.00021025666501373053 0.000576435852252889 0.0028891403637642233 0.007940828653138365
1362245287.375401 12799.50718862951 0.00012091728422092274 0.0007276944873928658 0.0016605064287749428 0.01003501418575286
1362167162.378252 12817.435418778972 0.0002862979890778661 0.0007760108412462505 0.003936084193359662 0.010704882458884814
1362089037.381103 12835.36570553838 0.0004432030546013266 0.0005808504739545814 0.00609983780122027 0.008001887284177963
1362010912.383954 12853.298049261633 0.0003729771124199033 0.0005161190282602758 0.005130828561380131 0.007106959917458062
1361932787.386805 12871.232450302714 0.00030474289087578654 0.0006012404944550652 0.0041902005376103 0.008283950035630937
1361854662.389656 12889.168909015689 0.00013085755927022547 0.00014898018160971845 0.0017971347936572661 0.002046276983714006
1361776537.392507 12907.1074257547 2.4878381736925803e-05 0.0003678912114990192 0.0003414191807722919 0.005060687455764094
1361698412.395358 12925.048000873976 4.6535733417840675e-05 0.000811227535504548 0.0006387293993525178 0.01119341712942878
1361620287.398209 12942.990634727823 0.00022546086984220892 0.00024950610367786326 0.003098385580059177 0.003429393316553993
1361542162.40106 12960.935327670633 0.0004398803284857422 1.741689295565241e-05 0.0060539681579431966 0.00023900898863897353
1361464037.403911 12978.882080056876 8.181498560588807e-05 0.0004450433168167784 0.0011232292231624116 0.006125243199294577
1361385912.4067621 12996.830892241102 -0.000489506870508194 0.000420846477969993 -0.00669415887054525 0.0057912497753412236
1361307787.4096131 13014.781764577945 -0.0007091788575053215 0.00021938723816566967 -0.009683735944280791 0.0030147930319925735
1361229662.412464 13032.734697422176 -0.0005711212870664895 0.00022554764404709784 -0.0078059158360657506 0.003099579920578421
1361151537.415315 13050.68969112848 -1.0535703040659428e-05 0.0007079920104579646 -0.00014455189322328497 0.009761983573944004
1361073412.418166 13068.64674605179 0.0003327061713207513 0.001141231532394202 0.004575575266331772 0.01578294820154664
1360995287.421017 13086.605862547065 0.00016989839787129313 0.0010477969766890555 0.0023339290176307105 0.0144813679238557
1360917162.423868 13104.567040969348 0.0001307236379943788 0.0008884358214249423 0.0017952939313028065 0.012265305451445704
1360839037.426719 13122.530281673757 -0.00018344185082241893 0.0001890394000206931 -0.002513877321335944 0.0025972146180688028
1360760912.42957 13140.4955850155 -0.0006813458167016506 0.0006409446467109445 -0.009305442462334697 0.008833420767703333
1360682787.432421 13158.462951349858 -0.0006414926610887051 0.000581523389851736 -0.008763528008015995 0.008011194711149009
1360604662.435272 13176.432381032202 -0.0004261110443621874 0.00039890458698273987 -0.005829723003573034 0.005488478224337641
1360526537.438123 13194.403874417976 2.486404264345765e-05 3.0266231720449907e-05 0.0003412223642372753 0.00041537485197918516
1360448412.440974 13212.377431862713 0.0009128304664045572 0.0006895096277781417 0.01260421710362426 0.009505928383796668
1360370287.443825 13230.353053722025 0.0007790406234562397 0.0008588246740854881 0.010746902963127195 0.01185407587567189
1360292162.446676 13248.330740351608 -0.0004904209054075181 0.00016027236407835895 -0.0067066167604653264 0.0022015485531687285
1360214037.449527 13266.310492107232 -0.0008784491801634431 0.0003306461903681633 -0.011981301309736186 0.004547180660884384
1360135912.452378 13284.292309344757 -3.900742740370333e-05 4.415243323663703e-05 -0.0005350849843541177 0.000606007335366645
1360057787.455229 13302.27619242012 0.0002014052588492632 0.00019848755776654892 0.0027673445919364926 0.0027272001362133717
1359979662.45808 13320.262141689345 -0.000556900049559772 0.0002637863973428445 -0.007612282101284867 0.0036260283315153463
1359901537.460931 13338.25015750853 -0.0007829962996765971 1.3073964089043268e-05 -0.01068633507097864 0.00017940638574623737
1359823412.463782 13356.240240233861 -0.0006409800262190402 0.00023001525329106052 -0.008756555398273204 0.0031610730105809523
1359745287.466633 13374.232390221607 -0.0006080042221583426 0.00019557615553052668 -0.008307932397243194 0.002687143952202235
1359667162.469484 13392.22660782811 -0.000642966537270695 0.0005742633630198052 -0.008783574682948565 0.007910782324112756
1359589037.472335 13410.222893409808 -0.0010725246975198388 0.0014186414238298226 -0.014609076770915974 0.019657389584069977
1359510912.475186 13428.221247323203 -0.001028853002935648 0.0012258433171156223 -0.014018365414702146 0.0169630872871266
1359432787.478037 13446.221669924897 -0.0002756277972366661 1.6153263587846685e-05 -0.003774806724232448 0.0002216665008441784
1359354662.4808881 13464.22416157156 -5.655011045746505e-05 0.0002867554181804259 -0.0007756337038567657 0.003942385436420496
1359276537.483739 13482.22872262001 -0.00037845654878765345 0.0002601035258330019 -0.00517943624160211 0.003575312684449593
1359198412.48659 13500.235353426971 -0.00010241760173812509 0.0005173282057008635 -0.0014043044686951453 0.007123669739718112
1359120287.489441 13518.244054349425 0.0006074820412322879 0.0007877335151337393 0.008370307584699713 0.010867475784315671
1359042162.492292 13536.254825744372 0.0006698516081087291 0.0007519082408296919 0.009233657835592497 0.010370662756784083
1358964037.495143 13554.267667968901 0.00016754618263803422 0.0008287666708928159 0.002301578942148611 0.011436813402510878
1358885912.497994 13572.282581380177 -0.0001126900824601762 0.0005075690913398846 -0.0015450473842309259 0.006988814897127597
1358807787.500845 13590.299566335454 0.0003347615129314363 0.00021476083889275356 0.004603906727032462 0.0029511237069806714
1358729662.503696 13608.31862319206 0.0007166658178903162 0.00029313832427497864 0.009882173232864671 0.004030316303874933
1358651537.506547 13626.339752307415 2.9647897463291883e-05 0.0002415348657991321 0.00040688708374235537 0.003319648767665536
1358573412.509398 13644.36295403901 -0.0003776591911446303 0.0007061842636473654 -0.005168552009940676 0.009736936131173149
1358495287.512249 13662.388228744427 -2.0823892555199564e-05 4.907766142834129e-06 -0.00028568769095227534 6.734263969010489e-05
1358417162.5151 13680.415576781326 -0.00014437473146244884 0.0002607566145512696 -0.001979032969846314 0.0035843059729474985
1358339037.517951 13698.444998507453 -0.00033032079227268696 0.00010562642608104086 -0.0045221526767759415 0.001450371121566114
1358260912.520802 13716.476494280632 1.589507155586034e-05 0.00018885484976149909 0.0002181230208354065 0.002594675787513081
1358182787.523653 13734.510064458773 0.00036866345908492804 0.00019729419460466 0.005071337424993813 0.0027107811959625116
1358104662.526504 13752.545709399863 0.00026011557201854885 8.21982625802566e-05 0.003575478564429921 0.0011284941620851839
1358026537.529355 13770.583429461976 -3.139637192361988e-05 0.0005895226533075881 -0.00043070269403055886 0.008121843049753196
1357948412.532206 13788.62322500327 -0.00011936752707697451 0.00044162475735105383 -0.0016365242081353975 0.006078049425940529
1357870287.535057 13806.665096381981 -7.981201633810997e-05 0.00027025048915464613 -0.0010945163218259518 0.0037150494944257497
1357792162.537908 13824.70904395643 -7.592850306537002e-05 0.00031024590029515473 -0.0010412867880412176 0.0042660282851083925
1357714037.540759 13842.755068085018 -0.00010731331713031977 0.000151300080200523 -0.001471382972539013 0.002078174455849748
1357635912.54361 13860.803169126231 0.00010434185242047533 0.00036159052670886073 0.0014327198205820613 0.004973799742636102
1357557787.546461 13878.853347438639 0.00031576649053022265 0.0013734202673560273 0.004342104062224728 0.019024783976766525
1357479662.549312 13896.905603380888 -5.642091855406761e-05 0.0007275303468303281 -0.000773862410554667 0.010032739270475917
1357401537.5521631 13914.959937311713 -0.00033912021899595857 0.00010852144230796119 -0.0046423392595176735 0.0014901526240158705
1357323412.5550141 13933.01634958993 3.1507173844147474e-05 3.2311074050503416e-05 0.0004324092689314444 0.00044344456480554996
1357245287.557865 13951.07484057449 0.0003937442088499665 0.00035107629672106506 0.005417284561935281 0.004828823200508322
1357167162.560716 13969.135410624269 0.0008286884403787553 0.0006868553747751488 0.0114357276407417 0.009469161708621601
1357089037.563567 13987.198060098377 0.0012833049986511469 0.0013000118958676323 0.017765339925003395 0.017998714488108518
1357010912.566418 14005.262789355966 0.0011001559905707836 0.0012229878581601812 0.015210540988179897 0.01692323751004801
1356932787.569269 14023.329598756263 0.0007684328593313694 0.0006243642924214118 0.010599790020801792 0.008603926453816782
1356854662.57212 14041.39848865858 0.0008159010321833193 0.0006075261632316161 0.011258266969886212 0.008370918079749785
1356776537.574971 14059.469459422311 0.00044407538371160626 0.00016206360621882912 0.006111880498202426 0.0022261809923675075
1356698412.577822 14077.542511406935 -0.00030294153839349747 0.0007574046196036296 -0.004148101920752229 0.010446868688206568
1356620287.580673 14095.617644972006 -0.00038080435479059815 0.0006549649432782467 -0.005211483988453872 0.009027521559182211
1356542162.583524 14113.694860477171 -0.0003284822450950742 1.5808086750621154e-05 -0.004497039136594846 0.0002169292264880032
1356464037.586375 14131.774158282155 -0.0004731020308099687 0.00023939163190290436 -0.006470541794709224 0.003290143706464955
1356385912.589226 14149.855538746768 -0.0002501727140042931 0.000731551445416788 -0.003426788196717255 0.010088471400118827
1356307787.592077 14167.939002230898 -0.0003111843834631145 0.00026770633201004314 -0.0042607290033839906 0.0036800113254893078
1356229662.594928 14186.02454909452 -0.0007701964350417256 0.0005577977431560843 -0.01051255748993821 0.00768308606174219
1356151537.597779 14204.112179697691 -0.0007462881039828062 0.0005891815567915889 -0.010187884719054099 0.00811712464510627
1356073412.60063 14222.201894400552 -0.0004750126972794533 0.00016223866359585742 -0.006496588977507233 0.0022285883433325413
1355995287.603481 14240.293693563328 -0.0005389887373894453 0.0005408208021393474 -0.007368351632073762 0.007448373223130796
1355917162.606332 14258.387577546322 -0.0006370837218128145 0.0011059231023746125 -0.008703558174923362 0.015290888665083128
1355839037.609183 14276.483546709924 -0.0002855733910109848 0.00036283254089184883 -0.003910748666784126 0.004990926771139439
1355760912.612034 14294.581601414608 0.0001747667120071128 0.0006437988974813828 0.0024008863894267834 0.008872932736041022
1355682787.614885 14312.681742020926 0.00017443519027438015 0.0007302024205621138 0.0023963265940113603 0.010069773668965307
1355604662.617736 14330.783968889518 -1.751850504660979e-06 0.0005620543515191821 -2.4037177771631746e-05 0.007741943973430245
1355526537.620587 14348.888282381107 -0.00011422763782320544 0.00017558867638333268 -0.0015661116747160368 0.002412191889959122
1355448412.6234381 14366.994682856497 -0.00031486613443121314 0.000178135638243121 -0.004311030942592163 0.0024472242425073957
1355370287.6262891 14385.103170676575 -0.0005465445574373007 0.000473511089648839 -0.007471260044303132 0.006518331989062242
1355292162.62914 14403.213746202367 -0.0005356714827939868 7.831657991323928e-05 -0.007323168094138692 0.0010751741546664209
1355214037.631991 14421.32640979482 -0.0004879794141743332 5.070584174288345e-05 -0.006673339972392104 0.00069598642961253
1355135912.634842 14439.441161815126 -0.0004327368806116283 6.703954290659951e-05 -0.005920104787306501 0.0009202853721327809
1355057787.637693 14457.5580026245 -0.00035122424014844 5.4283665881669725e-05 -0.004807637902942047 0.0007451138061763551
1354979662.640544 14475.676932584256 -0.0006860932917334139 6.489560783157546e-06 -0.009369978013818924 8.904843543689239e-05
1354901537.643395 14493.797952055776 -0.0006726219435222447 0.00014979408838176588 -0.009186842255322321 0.0020574676882981046
1354823412.646246 14511.92106140053 -0.00014556481619365513 0.00039533875839505386 -0.0019953299266226294 0.005439282761825479
1354745287.649097 14530.046260980074 -4.079563950654119e-05 2.744750374657026e-05 -0.0005596079490410682 0.0003766832411230125
1354667162.651948 14548.173551156046 -0.0003442744491621852 0.0003535145003558596 -0.004712731377555807 0.004862440750391563
1354589037.654799 14566.302932290168 -0.0005650371895171702 0.0005089903915474111 -0.007723080480214314 0.0070084537872415345
1354510912.65765 14584.434404744243 -0.00040921446634456515 0.0002518919885870855 -0.005599202983009989 0.003462243488155958
1354432787.660501 14602.567968880157 -6.081378160160966e-05 0.0001060934327341287 -0.0008340892612118889 0.0014567883278740778
1354354662.663352 14620.703625059887 -5.4800271755084395e-05 0.00023389917973022607 -0.0007516421693466537 0.003214535243534799
1354276537.666203 14638.841373645484 3.072636900469661e-07 0.00017170060759558571 4.2160311380938886e-06 0.0023587155615637854
1354198412.669054 14656.981214999088 0.0004602341796271503 1.8920500766502008e-05 0.0063349824909045786 0.000259645415704946
1354120287.671905 14675.123149482923 0.00024300464428961277 0.0007355652948932304 0.0033398831354128394 0.010144106155480326
1354042162.674756 14693.26717745929 -0.0002513160870876163 0.0011920318283146342 -0.003442422840336083 0.016491327980389728
1353964037.677607 14711.413299290583 -0.00012705690460279584 0.000643452191535013 -0.001741853516104731 0.008868133132487232
1353885912.680458 14729.561515339274 -3.248114080633968e-05 0.00021265259921214572 -0.0004455804896577993 0.0029221110841365777
1353807787.683309 14747.711825967917 9.895088442135602e-05 0.0003330174260342253 0.001358646034407575 0.004579865645428344
1353729662.68616 14765.864231539157 0.00014451336755882949 0.0003331494418205251 0.0019848633383332892 0.004581685375301703
1353651537.689011 14784.018732415718 -0.00039776734774932265 0.00041940416397330874 -0.005442999738515897 0.0057713447719473935
1353573412.691862 14802.175328960404 -0.0008175538387149572 0.0012240469186141575 -0.011155355319988397 0.016938017198584124
1353495287.694713 14820.334021536108 -0.00045185661292634904 0.0011326040558863027 -0.006180867665552094 0.015662693027342772
1353417162.6975641 14838.494810505805 8.401604281971231e-05 0.0010197575054405254 0.001153464737573136 0.014091097265223913
1353339037.7004151 14856.657696232558 5.20716275786981e-05 0.0006513434087320338 0.0007147398544496796 0.008977380442768112
1353260912.703266 14874.822679079562 -0.00023503723787143826 0.00015332715573861412 -0.0032198005386545416 0.002106046587023066
1353182787.706117 14892.989759409933 -0.000199615242308937 4.994309944823591e-05 -0.002735213763616207 0.0006855134689975567
1353104662.708968 14911.15893758704 0.00011251522664679214 4.6238723324078205e-05 0.001545035308338623 0.0006346514730535724
1353026537.711819 14929.330213974275 0.0005467589944601059 0.0003606543775041978 0.007530464786142216 0.0049608907005800045
1352948412.71467 14947.50358893512 0.0006845697644166648 0.0006481703265692213 0.009437502549331015 0.00893345033612053
1352870287.717521 14965.679062833135 0.00047237955732271075 0.0004460187967582324 0.006502704611672977 0.006138710268118174
1352792162.720372 14983.856636031966 0.00042980859871022403 0.0005373046385851737 0.005914942572325865 0.007399767774810819
1352714037.723223 15002.036308895345 0.00025113235460594296 0.0003350376623822107 0.0034517843139036755 0.004607713317135182
1352635912.726074 15020.218081787087 -0.00014718517195433378 0.00015686296308645107 -0.0020175185649305995 0.002154665522791496
1352557787.728925 15038.401955071093 -0.00014437685604207218 0.00031745289643535083 -0.0019790620639627853 0.004365344513944354
1352479662.731776 15056.58792911134 0.00020239858713466674 0.00019177160253110563 0.0027810120976808675 0.0026348018770542075
1352401537.734627 15074.7760042719 8.704718493390828e-05 3.70425153007928e-05 0.0011951044705941364 0.000508396454949703
1352323412.737478 15092.966180916923 -0.0002908421156462282 0.00019204834162096787 -0.003982757056726533 0.0026386090908662413
1352245287.740329 15111.158459410643 -0.00021545392519328743 0.00038484748392231347 -0.0029519221754096448 0.00529455537369273
1352167162.74318 15129.352840117379 0.00013844117347616702 0.0014270566912718541 0.0019013835797732448 0.019775156212940913
1352089037.746031 15147.54932340154 0.0005238100420683622 0.0011078032971359216 0.007213248064746119 0.01531708502373752
1352010912.748882 15165.747909627606 0.0009970427490770817 0.000750926676813759 0.01377505090670701 0.010357054225758671
1351932787.751733 15183.948599160154 0.001299733528867364 0.0006194392988549203 0.017994825601325273 0.0085357680898689
1351854662.754584 15202.151392363838 0.0011482061818242073 6.495252197510524e-05 0.015880175808261517 0.0008916230146653011
