#freq[Hz] vel[km/s] flux[Jy/beam] noise[Jy/beam] tau tau_noise
1172099094.92 63510.3832829635 0.0 0.0 -0.0 -0.0
1172020972.7658548 63534.5995736508 0.0 0.0 -0.0 -0.0
1171942850.6117096 63558.81909287231 0.0 0.0 -0.0 -0.0
1171864728.457564 63583.0418412738 0.0 0.0 -0.0 -0.0
1171786606.3034189 63607.26781950098 0.0 0.0 -0.0 -0.0
1171708484.1492736 63631.49702819995 0.0 0.0 -0.0 -0.0
1171630361.9951284 63655.72946801693 0.0 0.0 -0.0 -0.0
1171552239.840983 63679.96513959835 0.0 0.0 -0.0 -0.0
1171474117.6868377 63704.20404359063 0.0 0.0 -0.0 -0.0
1171395995.5326924 63728.446180640574 0.0 0.0 -0.0 -0.0
1171317873.3785472 63752.69155139505 0.0 0.0 -0.0 -0.0
1171239751.2244017 63776.94015650123 0.0 0.0 -0.0 -0.0
1171161629.0702565 63801.19199660619 0.0 0.0 -0.0 -0.0
1171083506.9161112 63825.44707235742 0.0 0.0 -0.0 -0.0
1171005384.761966 63849.7053844025 0.0 0.0 -0.0 -0.0
1170927262.6078205 63873.96693338928 0.0 0.0 -0.0 -0.0
1170849140.4536753 63898.23171996553 0.0 0.0 -0.0 -0.0
1170771018.29953 63922.49974477943 0.0 0.0 -0.0 -0.0
1170692896.1453848 63946.77100847927 0.0 0.0 -0.0 -0.0
1170614773.9912393 63971.04551171356 0.0 0.0 -0.0 -0.0
1170536651.837094 63995.32325513078 0.0 0.0 -0.0 -0.0
1170458529.6829488 64019.604239379805 0.0 0.0 -0.0 -0.0
1170380407.5288036 64043.8884651096 0.0 0.0 -0.0 -0.0
1170302285.374658 64068.175932969396 0.0 0.0 -0.0 -0.0
1170224163.2205129 64092.46664360834 0.0 0.0 -0.0 -0.0
1170146041.0663676 64116.76059767602 0.0 0.0 -0.0 -0.0
1170067918.9122224 64141.057795822075 0.0 0.0 -0.0 -0.0
1169989796.758077 64165.35823869644 0.0 0.0 -0.0 -0.0
1169911674.6039317 64189.66192694897 0.0 0.0 -0.0 -0.0
1169833552.4497864 64213.968861229914 0.0 0.0 -0.0 -0.0
1169755430.2956412 64238.27904218964 0.0 0.0 -0.0 -0.0
1169677308.1414957 64262.592470478754 0.0 0.0 -0.0 -0.0
1169599185.9873505 64286.90914674782 0.0 0.0 -0.0 -0.0
1169521063.8332052 64311.229071647766 0.0 0.0 -0.0 -0.0
1169442941.67906 64335.552245829684 0.0 0.0 -0.0 -0.0
1169364819.5249145 64359.87866994484 0.0 0.0 -0.0 -0.0
1169286697.3707693 64384.20834464451 2.5177831048495136e-05 0.00015430117938564495 0.00047056944515744346 0.0028873491592523327
1169208575.216624 64408.54127058033 0.0004381099424790591 0.00012807844082367309 0.00821996673644601 0.0023960697625265274
1169130453.0624788 64432.87744840406 0.0009918533032760024 0.0008263655757973964 0.018707103010987703 0.015561454698292555
1169052330.9083333 64457.2168787677 0.00035195989767089486 0.00042602204047619463 0.006598244676758415 0.0079922606702852
1168974208.754188 64481.55956232319 -0.000589755189139396 0.000549026492632839 -0.010959556762695038 0.010311783422433768
1168896086.6000428 64505.90549972288 -0.00018278691277373582 0.0002528560123457441 -0.00340963370390198 0.00473592156997321
1168817964.4458976 64530.25469161922 -6.393407238647342e-05 0.00020882148771739293 -0.0011939229928886084 0.003909552846912088
1168739842.291752 64554.607138664906 -0.0006687504355795681 0.0008607839186655589 -0.012418463996093676 0.016214876050334975
1168661720.1376069 64578.96284151259 -0.0004401631304062903 0.00019646365371409042 -0.008191001862563782 0.0036777636708919146
1168583597.9834616 64603.321800815305 -0.0003571542911231518 2.1275965303329615e-05 -0.006651413785565647 0.0003976297272046047
1168505475.8293164 64627.6840172262 -0.0007456805324181914 0.0003520376667876637 -0.013837188698658059 0.006599707447604575
1168427353.675171 64652.04949139868 0.00011572949006222188 5.9164301798768944e-05 0.0021647974365531972 0.0011061222885161235
1168349231.5210257 64676.41822398608 0.0016205249121412635 0.0025013915378486844 0.030748129784680712 0.047867160713032354
1168271109.3668804 64700.79021564215 0.001090174657292664 0.0020307891535943433 0.02058072623709417 0.038684884225091
1168192987.2127352 64725.16546702072 -0.0010019757319241762 0.0010484676056645974 -0.018549247217409276 0.01978552302012923
1168114865.0585897 64749.54397877591 -0.0011605555191636086 0.0009316752092982555 -0.021453700390525576 0.017562071637993466
1168036742.9044445 64773.925751561736 -0.00028875021962448955 0.00027185907961235545 -0.00538092052586485 0.005092751441074463
1167958620.7502992 64798.31078603266 -0.00043821611325256526 0.0008243828579086978 -0.008154917126169278 0.015523826429434165
1167880498.596154 64822.69908284323 -0.00010048250260297209 0.00015624811558099863 -0.0018757989363646819 0.0029238343677219928
1167802376.4420085 64847.09064264823 0.00022912450367584825 0.0004632833289551254 0.004290482164619397 0.008694337335681441
1167724254.2878633 64871.48546610241 -0.00015809193428140134 4.960106443138624e-05 -0.002949662148930765 0.0009272472641364883
1167646132.133718 64895.8835538609 -0.0004635100776795298 0.0012556295649815692 -0.008623597450527449 0.023741600164769346
1167568009.9795728 64920.28490657897 -0.00047337618889287114 0.000690577965366962 -0.008806350390162285 0.01298772678702151
1167489887.8254273 64944.6895249121 -0.00044321949826553464 0.00010893431795797237 -0.008247643949710146 0.002037559616084537
1167411765.671282 64969.09740951574 -0.0007876178715378046 0.0006590218127706855 -0.014609739272133155 0.012390556630528321
1167333643.5171368 64993.50856104574 -0.0001917348417919129 0.00017251807419844527 -0.0035762466698931977 0.0032287823055632586
1167255521.3629916 65017.92298015804 0.0013660218100994825 0.0019235879338735762 0.025856119806208763 0.036604939199684675
1167177399.208846 65042.34066750884 0.0017414027824997902 0.0020461494999277265 0.03308003042094686 0.0389832641916693
1167099277.0547009 65066.76162375429 0.0007264854502864182 0.0014905599306117762 0.013667675813031629 0.028246977749810633
1167021154.9005556 65091.18584955094 0.00022860008175484836 0.0009307213472384607 0.004280641027946592 0.01754393269493875
1166943032.7464104 65115.61334555544 0.00016602047253400087 6.088751880862903e-05 0.00310698656277807 0.0011383575046133875
1166864910.592265 65140.04411242469 -0.0006417867843993008 0.001053509361681727 -0.011920730650503602 0.019881617549855405
1166786788.4381196 65164.478150815536 -0.0009584405925124884 0.0016883840006391396 -0.01775040540364257 0.032056555543496026
1166708666.2839744 65188.91546138525 -0.00031505030347034335 0.0005233630034914538 -0.00586959239748342 0.009827396850421041
1166630544.1298292 65213.356044791166 0.001194745535030961 0.0010784090190044892 0.022577300912723898 0.020356333863785655
1166552421.9756837 65237.79990169089 0.001958836568519473 0.002011928004916109 0.037288364808634185 0.0383186217166485
1166474299.8215384 65262.24703274199 0.0007080126088112593 0.00046117073117861424 0.013317813827711564 0.008654518614781923
1166396177.6673932 65286.69743860241 2.9238428396638483e-05 0.00048519997750571067 0.0005464820697606225 0.009107520859565989
1166318055.513248 65311.15111993022 -0.0002350988215766847 0.0006230183743281737 -0.004383303203443139 0.011709661078514235
1166239933.3591025 65335.60807738371 -0.0010455128503963351 0.0014591550600376495 -0.019347487663293608 0.027643534126646618
1166161811.2049572 65360.06831162118 -0.0008057945524342358 0.0010800509424234394 -0.014944396502412105 0.020387645341950474
1166083689.050812 65384.53182330125 -0.0002761390060186386 0.000369860423605364 -0.0051465116196543455 0.006934994770432321
1166005566.8966668 65408.99861308271 6.224788376130164e-05 0.00037277266725594185 0.001163805792755377 0.0069897915034272465
1165927444.7425213 65433.46868162457 0.00038886434049345553 0.0006908469591279662 0.007292626332199751 0.012992818771151679
1165849322.588376 65457.942029585785 -0.00013400643365457654 0.00013740843376129822 -0.0025008389019218116 0.0025708382369812265
1165771200.4342308 65482.41865762574 -0.0007870043627917767 0.0009073942289959105 -0.01459844179391008 0.0171004392067541
1165693078.2800856 65506.8985664039 -0.0014102391432970762 0.0014375054203727064 -0.02600972815247906 0.02722774890650163
1165614956.12594 65531.38175657999 -0.0013171194586902857 0.001791893697382454 -0.024312980576536445 0.034055682081567624
1165536833.9717948 65555.86822881369 0.00031357089756056666 0.0008751974794513072 0.005876441373477246 0.01648863983196713
1165458711.8176496 65580.35798376505 0.0011726176599040627 0.0013630546441235891 0.022154480133706845 0.02579922640642727
1165380589.6635044 65604.85102209427 0.0002782446681521833 7.426626913938771e-05 0.00521268534166952 0.0013886613454085976
1165302467.509359 65629.34734446178 -0.00019880975014530122 0.00039986660429130436 -0.0037079638129993383 0.007499734584456696
1165224345.3552136 65653.84695152797 -0.000532866339199245 1.6397659457307434e-06 -0.009907597020920882 3.064021065263469e-05
1165146223.2010684 65678.34984395362 -0.0008442687685601413 0.0003384834707346972 -0.01565238955169078 0.006344796870692988
1165068101.0469232 65702.85602239959 0.0001265610771952197 3.285714130971896e-05 0.0023676495495129905 0.0006141385477934795
1164989978.8927777 65727.36548752704 0.0004007791867479682 0.00012116093444006633 0.007516915099149123 0.002266511455173049
1164911856.7386324 65751.87823999707 2.4274035240523517e-05 0.00011999846629468032 0.00045367382061468144 0.0022447411810528643
1164833734.5844872 65776.39428047117 0.0005841966485604644 0.0004893985066897402 0.010975985296334046 0.0091866931018067
1164755612.430342 65800.91360961091 0.0011446344433352351 0.0013461217587099942 0.02162003100518903 0.02547461171553088
1164677490.2761965 65825.43622807818 0.0014188271015882492 0.0024215484593337368 0.026869167300873267 0.04630333149696657
1164599368.1220512 65849.96213653476 0.001396653475239873 0.0026148048996586827 0.0264436505282225 0.05009271956248529
1164521245.967906 65874.49133564283 0.0005418852088041604 0.00042585431850811255 0.010176971407101665 0.00798910156944478
1164443123.8137608 65899.02382606475 -0.0006411080248653889 0.0005449217703843923 -0.011908197946369733 0.010234292910593405
1164365001.6596153 65923.55960846304 -0.0009882311569526792 0.0014114489259096615 -0.018297112030239798 0.02672755838333094
1164286879.50547 65948.09868350021 -0.0010770686203613877 0.0014060712081627948 -0.019925655530487557 0.026624356777333037
1164208757.3513248 65972.64105183921 -0.0015021661529317498 0.0015542595863135993 -0.02768192468469859 0.029472084191324528
1164130635.1971796 65997.18671414303 -0.0010727631160989404 0.001083837739418264 -0.019846789355646995 0.020459863295565487
1164052513.043034 66021.73567107493 1.4547491446137428e-05 0.00032969094752550803 0.00027186316837939393 0.0061794726957722515
1163974390.8888888 66046.28792329818 0.0004853419086430222 0.001174516166234994 0.00911019717217705 0.022190749897273772
1163896268.7347436 66070.84347147636 0.00032680295407772064 0.0003127906615322592 0.006125176255894629 0.00586177650566613
1163818146.5805984 66095.40231627322 3.3727221307344735e-05 0.0002337528814712134 0.000630406491643388 0.004377341044736309
1163740024.4264529 66119.96445835273 -0.00035710065276362 0.00030192506545593964 -0.006650418173247293 0.005657575356636923
1163661902.2723076 66144.52989837885 -0.00013404441415332258 4.519594639922569e-05 -0.002501546811257338 0.00084486274925752
1163583780.1181624 66169.09863701591 0.0006067275535315275 0.0010209269422244102 0.011401722026687013 0.019260768222450098
1163505657.9640172 66193.67067492835 0.0003829059423878789 0.0008434197975048549 0.0071804824612698576 0.015885170337267437
1163427535.8098717 66218.24601278086 -0.00038815554580651224 0.0009981406593685183 -0.007226680049226029 0.01882681059723593
1163349413.6557264 66242.82465123812 -0.0006238444475457072 0.0009344644769753231 -0.011589388202134596 0.017615115123454466
1163271291.5015812 66267.40659096514 0.00027055462123826146 0.0003529060066090385 0.00506825291876074 0.006616040325358746
1163193169.347436 66291.99183262711 0.0014846849953755736 0.0027700338896149974 0.028134063357592994 0.053146895779463355
1163115047.1932905 66316.58037688944 0.001104629714973271 0.0017598534940946558 0.02085647973686253 0.03343644890489211
1163036925.0391452 66341.17222441749 0.0003034460241906345 0.0005857124693030642 0.00568615678453794 0.011004622071146221
1162958802.885 66365.76737587701 0.00028835065313614905 7.41224951240418e-05 0.005402524999348519 0.001385971135696384
1162880680.7308547 66390.3658319339 0.0003093112900387496 0.0002166349495795838 0.005796382857173316 0.004056133432914415
1162802558.5767093 66414.96759325427 -0.00020394843886606395 0.00041837893269941365 -0.0038036225011914477 0.007848310245732407
1162724436.422564 66439.57266050421 2.4950946681201458e-05 0.000219857178982336 0.00046632802546429074 0.004116588731540197
1162646314.2684188 66464.18103435021 0.0012549111852422357 0.0011963568717282538 0.023727854518394455 0.02260809741634251
1162568192.1142735 66488.79271545885 0.0006480923620983958 0.0004731514388631523 0.012183810295299533 0.008880354707316615
1162490069.960128 66513.40770449697 -0.0009204557863995433 0.0011602490547313838 -0.017052886958205535 0.02191821794626075
1162411947.8059828 66538.02600213137 -0.00033994909608736634 0.00020109100227522314 -0.006332007458585427 0.003764550040733077
1162333825.6518376 66562.64760902926 0.0007130926242098212 0.001609494352689343 0.013414013369086205 0.030535605597703328
1162255703.4976923 66587.27252585793 0.00040269503369927406 0.00022908335430863992 0.00755298429249017 0.004289709965047343
1162177581.3435469 66611.90075328495 -0.0002539027773309499 0.0005452925968813558 -0.004733065389455121 0.01024129326787789
1162099459.1894016 66636.53229197784 -0.0002558832638897002 0.0010028118477854709 -0.0047698962263958864 0.018915756574268673
1162021337.0352564 66661.16714260452 0.0007150025339797139 0.00014932648842354269 0.013450183457220946 0.002794130456563176
1161943214.8811111 66685.80530583301 0.0010073166340589523 0.0005011427121599594 0.01900154151548903 0.009408188494872308
1161865092.7269657 66710.44678233158 0.0003195793251506984 0.0007178285349580584 0.005989379529404208 0.01350370498486251
1161786970.5728204 66735.09157276848 -0.0005728383548557758 0.00031399170529880944 -0.010646854840369036 0.005884350723065685
1161708848.4186752 66759.73967781234 -0.0007835910655558109 0.002010656649097336 -0.01453558518230608 0.038293938227390266
1161630726.26453 66784.3910981319 0.0005445311544463038 4.056757303831373e-05 0.010226919026857424 0.0007583102246249358
1161552604.1103845 66809.04583439615 0.0013403178891167045 0.0004395665278996735 0.02536337191437028 0.008247408690589812
1161474481.9562392 66833.70388727407 0.0005878747906535864 0.0003698603804558996 0.011045473907590418 0.006934993958554936
1161396359.802094 66858.36525743501 -0.0006439163698814809 4.780494640144005e-05 -0.011960050573820108 0.0008936554462680436
1161318237.6479487 66883.0299455484 -0.0010351295350119472 0.001280549588851523 -0.01915717043897413 0.024218542740813774
1161240115.4938033 66907.69795228401 -0.00014705720241181552 0.0006143506393699991 -0.0027440595317732653 0.011545806450031098
1161161993.339658 66932.36927831148 0.0005522777209989727 0.0007853015250218168 0.010373165613318192 0.014782424850642637
1161083871.1855128 66957.0439243009 -0.0001476299366913736 0.0004622858427868327 -0.002754731938320158 0.008675536293107728
1161005749.0313675 66981.72189092245 -0.0009510678937658668 0.000995189236004275 -0.017615057913694783 0.0187706154363781
1160927626.877222 67006.40317884657 -0.0008382186642847955 0.0014089150167628508 -0.015541090231394017 0.026678929830955597
1160849504.7230768 67031.08778874365 -0.0010420605540275574 0.0014144059587042756 -0.019284214064785768 0.026784310142228575
1160771382.5689316 67055.7757212845 -0.0004413892747834325 1.406146115632975e-05 -0.008213725748467966 0.0002627790525686768
1160693260.4147863 67080.46697714002 0.0005415707128122449 0.000761757537571245 0.010171034819798938 0.014336043296916247
1160615138.2606409 67105.16155698137 0.0003109568206127733 0.00038365625665891186 0.005827309532788592 0.007194603542380664
1160537016.1064956 67129.85946147969 -0.00017167360056191683 7.163738802145588e-06 -0.003202662034175 0.00013386654093956545
1160458893.9523504 67154.56069130648 -0.0006016058032400906 0.000911049506423276 -0.011178553102484145 0.017169920083329432
1160380771.7982051 67179.26524713336 -0.00031110469717532396 0.00016239723787748892 -0.0057962958087527565 0.00303907647484704
1160302649.6440597 67203.97312963224 0.00044352980330586433 0.0011114356190482318 0.008322080298223263 0.020986339649588313
1160224527.4899144 67228.68433947496 0.0005485489382408559 0.0009076896302291212 0.010302767659845433 0.01710605412426215
1160146405.3357692 67253.39887733375 0.00010984556138282642 0.00033665186227029064 0.0020546214709741255 0.006310355224291493
1160068283.181624 67278.11674388096 5.5636061006225646e-05 0.00010749036428164129 0.0010401247863554269 0.002010524046638957
1159990161.0274787 67302.83793978914 0.001129771932028234 0.0013777419451114247 0.021336289235240082 0.026080877113199362
1159912038.8733332 67327.56246573108 0.0017617041012272239 0.0027719745799253807 0.03347220470425788 0.05318513853487022
1159833916.719188 67352.29032237951 0.0008235864224843681 0.0005505567020884848 0.015508711976617694 0.010340672836637154
1159755794.5650427 67377.0215104076 0.0001659940608078614 5.997777707617247e-05 0.0031064915125606552 0.0011213393668522082
1159677672.4108975 67401.75603048861 7.782145985402167e-06 1.220137404542609e-06 0.00014542336237706018 2.2799058991739783e-05
1159599550.256752 67426.49388329605 -0.00038425461389124393 0.00036805586985512966 -0.007154311676338966 0.006901041820731393
1159521428.1026068 67451.23506950338 -0.0007737308042123914 0.0010023935568776788 -0.014353984127984448 0.018907791406380662
1159443305.9484615 67475.9795897845 -0.0008861615206114948 0.001109418208990164 -0.016422720044810865 0.02094784473993901
1159365183.7943163 67500.72744481337 -0.0007278124103322625 0.0008101411182901485 -0.013507848881356548 0.015253586511222928
1159287061.6401708 67525.47863526425 -0.0008486317237839103 0.0013821484547138117 -0.015732643944421566 0.02616539392088878
1159208939.4860256 67550.23316181135 -0.0002303403744008392 0.0005673436560135146 -0.004294774508464221 0.010657655022610846
1159130817.3318803 67574.99102512925 0.0014056665822863579 0.0021770204446382967 0.026616592196620638 0.0415290941167959
1159052695.177735 67599.75222589268 0.002334403805434704 0.003324470160046744 0.04459927818290456 0.06413238881857174
1158974573.0235896 67624.5167647766 0.001954498002305627 0.0018742613647599038 0.037204220388944186 0.03564934403932047
1158896450.8694444 67649.28464245592 0.0007698098779655993 0.00020124867041810247 0.014488688994020857 0.0037675072546965423
1158818328.7152991 67674.05585960601 -0.0003059035225305706 0.0009214531874833057 -0.005699666616197462 0.017367703561160422
1158740206.561154 67698.8304169023 -0.00046615817700512707 0.0007418782341312755 -0.008672652268469666 0.013959297300430594
1158662084.4070084 67723.60831502048 -0.0006888206116855145 0.0006372600707972585 -0.012788787030374468 0.011978944036916024
1158583962.2528632 67748.38955463619 -0.001256265677511692 0.0010514843573179266 -0.0232025973312432 0.01984302039525797
1158505840.098718 67773.17413642551 -0.0011756325839087367 0.0010130551854358291 -0.021729404307912068 0.019110831786070825
1158427717.9445727 67797.96206106461 -0.0007341326563619077 0.00044445726079143987 -0.013624354140901952 0.00833955522117014
1158349595.7904272 67822.75332922992 0.0003571190463844687 4.4912594653945774e-05 0.006695288507360958 0.0008395637374035279
1158271473.636282 67847.5479415978 0.001269682077690959 0.00035796554020549673 0.024010522242221645 0.0067112119954518545
1158193351.4821367 67872.34589884507 0.0006480949814431369 0.00022856003760452376 0.012183859838865746 0.004279889576008078
1158115229.3279915 67897.14720164862 0.0 0.0 -0.0 -0.0
1158037107.173846 67921.95185068561 0.0 0.0 -0.0 -0.0
1157958985.0197008 67946.75984663315 0.0 0.0 -0.0 -0.0
1157880862.8655555 67971.57119016876 0.0 0.0 -0.0 -0.0
1157802740.7114103 67996.38588197007 -0.0015055229887366295 0.0029211524615935657 -0.0277429342561037 0.05612918603998566
1157724618.5572648 68021.20392271498 -0.00306882755830884 0.006371864146615456 -0.05575857138254834 0.12676696101560617
1157646496.4031196 68046.02531308132 -0.0009551196708343923 0.0027705568611233983 -0.017689442422194328 0.05315720118059047
1157568374.2489743 68070.85005374736 0.0013990323059260845 0.0010589770892113102 0.026489292143410784 0.019985841421847374
1157490252.094829 68095.67814539144 0.0007391482358798385 0.000783165367637749 0.013907570357447033 0.01474191621590598
1157412129.9406836 68120.50958869222 -6.538981688208878e-05 0.0003606811085973871 -0.0012210913873023372 0.006762296561756393
1157334007.7865384 68145.34438432824 0.0006606379756703973 0.0012247538794387155 0.012421132312553722 0.023150987943379338
1157255885.6323931 68170.1825329785 9.88770043477416e-05 8.002959207477125e-05 0.001849268757162168 0.0014965070101372604
1157177763.478248 68195.0240353221 -0.0017542465357109904 0.0024386002646711894 -0.03225309263785534 0.046637107688187227
1157099641.3241024 68219.86889203839 -0.00023184437304735184 4.28111725887115e-06 -0.004322756550380129 7.99977412706008e-05
1157021519.1699572 68244.71710380669 0.001623934367671609 0.002584875913364535 0.030813828408128092 0.0495049290305637
1156943397.015812 68269.56867130671 0.000522421149071306 0.0009651648893938266 0.009809624243497312 0.018199130657135222
1156865274.8616667 68294.42359521828 0.0004764229815918952 0.0004994605734401981 0.008942032086241428 0.009376460394354245
1156787152.7075212 68319.28187622149 0.0002863407717086375 0.00035541868621936934 0.00536476675825069 0.006663303612022314
1156709030.553376 68344.1435149964 -0.0010971528245136142 0.0011750080701290347 -0.020293466251489714 0.022200147624861853
1156630908.3992307 68369.00851222344 -0.0007586562423966825 0.0006514220270561515 -0.014076285092341405 0.012246791186773937
1156552786.2450855 68393.87686858319 -2.8112574000260793e-05 0.0004064127232349105 -0.0005251577761415079 0.0076229800581020515
1156474664.09094 68418.74858475647 -2.196416062361095e-05 9.666106769223942e-05 -0.00041032571731901567 0.0018077872343117154
1156396541.9367948 68443.62366142406 0.0 0.0 -0.0 -0.0
1156318419.7826495 68468.50209926716 0.0 0.0 -0.0 -0.0
1156240297.6285043 68493.38389896706 0.0 0.0 -0.0 -0.0
1156162175.4743588 68518.26906120534 0.0 0.0 -0.0 -0.0
1156084053.3202136 68543.15758666348 0.0 0.0 -0.0 -0.0
1156005931.1660683 68568.04947602344 0.0 0.0 -0.0 -0.0
1155927809.011923 68592.94472996725 0.0 0.0 -0.0 -0.0
1155849686.8577776 68617.8433491772 0.0 0.0 -0.0 -0.0
1155771564.7036324 68642.74533433556 0.0 0.0 -0.0 -0.0
1155693442.549487 68667.65068612498 0.0 0.0 -0.0 -0.0
1155615320.3953419 68692.55940522824 0.0 0.0 -0.0 -0.0
1155537198.2411964 68717.47149232838 0.0 0.0 -0.0 -0.0
1155459076.0870512 68742.38694810837 0.0 0.0 -0.0 -0.0
1155380953.932906 68767.30577325166 0.0 0.0 -0.0 -0.0
1155302831.7787607 68792.22796844172 0.0 0.0 -0.0 -0.0
1155224709.6246152 68817.15353436235 0.0 0.0 -0.0 -0.0
1155146587.47047 68842.08247169727 0.0 0.0 -0.0 -0.0
1155068465.3163247 68867.01478113064 0.0 0.0 -0.0 -0.0
1154990343.1621795 68891.9504633467 0.0 0.0 -0.0 -0.0
