#freq[Hz] vel[km/s] flux[Jy/beam] noise[Jy/beam] tau tau_noise
1374592808.39 9991.595030495808 0.001346818869933486 0.0005553551814253863 0.01863219498334871 0.007640893575805977
1374514683.392851 10009.202611231194 0.00042279402259737253 9.652716411687263e-05 0.005811729718226126 0.001323890832528161
1374436558.3957021 10026.812193648193 6.322391709545627e-05 1.7341618715024884e-05 0.0008669315687189812 0.0002377149149537715
1374358433.3985531 10044.423778088161 0.00010043067595688626 0.0003530008059823023 0.0013774652272448209 0.004850021012152318
1374280308.4014041 10062.03736489253 -0.0005484609864652157 0.0007540334382498048 -0.0074891693831760815 0.010388664053358218
1374202183.4042552 10079.652954402814 -0.0015728052239865065 0.0004850091274247158 -0.02132802154065511 0.006669796981279896
1374124058.4071062 10097.270546960597 -0.001565631479024887 0.00022096849343768824 -0.02123176741087952 0.0030332207887294126
1374045933.4099572 10114.890142907547 -0.0003012247325386852 0.0011178502184243787 -0.004120129112319682 0.015439997838614756
1373967808.4128082 10132.511742585404 0.000824420596472919 0.0005340177712847661 0.011363950333196204 0.007346240283201111
1373889683.4156592 10150.135346335996 0.000903708569239825 0.0007804547182847989 0.012463706946469064 0.010754646489236065
1373811558.4185102 10167.760954501215 0.0009467896306887269 0.0009716765750648499 0.013061766393364595 0.013407414724803978
1373733433.4213612 10185.388567423039 0.0011292931158095598 0.00035881554150450596 0.01559928885322636 0.0049301092751189565
1373655308.4242122 10203.018185443523 0.0007402742630802095 0.0005444136422917413 0.010198127658251906 0.007489788454595676
1373577183.427063 10220.649808904855 0.00010207126615568995 0.0006072201472301657 0.0013999826358107924 0.008357471240791418
1373499058.429914 10238.283438149134 -0.0002794060274027288 0.00044870808712630956 -0.0038222641071411997 0.006169045588555116
1373420933.432765 10255.919073518706 -0.0005207881331443787 0.0001918112784636118 -0.007112640430776549 0.002632454205661768
1373342808.435616 10273.556715355931 -0.0012683314271271229 0.0002603561443722704 -0.017234556908431894 0.003574860105717444
1373264683.438467 10291.196364003257 -0.0015013162046670914 3.811150552526195e-05 -0.02036839944283643 0.0005224981286434845
1373186558.441318 10308.838019803205 -0.0006337041268125176 0.0004926139616265833 -0.00864813466263716 0.006774732949172669
1373108433.444169 10326.481683098373 0.00015571052790619433 0.0002799383206004536 0.0021364710060964745 0.0038442536434355116
1373030308.44702 10344.12735423144 -3.1657080398872495e-05 0.0003696083875838648 -0.00043380228667134286 0.005078779694263433
1372952183.449871 10361.775033545164 -0.0003705655108205974 0.0001746184714639003 -0.0050661682350364124 0.002396213936647155
1372874058.452722 10379.424721382371 0.0001856352319009602 0.0006864020033528081 0.0025475849149151565 0.00945245634951212
1372795933.455573 10397.076418085979 0.00023397564655169845 0.0014817372459269788 0.0032120562242985537 0.020517959974458152
1372717808.458424 10414.730123998977 -0.0008663738844916224 0.0008141024980178933 -0.011804691854823123 0.011220922983811459
1372639683.461275 10432.385839464434 -0.0017202480230480433 0.0007148228295676129 -0.02330429433516932 0.009845773092038225
1372561558.464126 10450.043564825488 -0.0014438873622566462 0.00038653721694780727 -0.019596844444223962 0.0053120172274595
1372483433.4669771 10467.703300425374 -0.000549164367839694 0.0010270623645659569 -0.007498738050627374 0.014177082702027754
1372405308.4698281 10485.365046607385 5.7780343922786415e-05 0.001318807975153567 0.0007922592677751357 0.018241129846864053
1372327183.4726791 10503.028803714908 -0.00021042340085841715 0.0005908936843891009 -0.0028799416854710736 0.008131845890691998
1372249058.4755301 10520.694572091397 -0.0006515094428323209 0.00016827730168877833 -0.008890046153356125 0.0023090962557100318
1372170933.4783812 10538.362352080392 8.47458140924573e-05 0.00014783133790771344 0.0011622131448077628 0.002028252605426509
1372092808.4812322 10556.032144025507 0.00041064785909838974 6.971033294181967e-05 0.0056442963758383145 0.0009559163616942173
1372014683.4840832 10573.703948270431 -0.0002658221055753529 0.0007646295659210117 -0.003636774046335655 0.010535423467710402
1371936558.4869342 10591.377765158944 -0.0001406825758749619 0.00023271489953059118 -0.0019263585334805113 0.0031947208052318346
1371858433.4897852 10609.05359503489 0.0003466965863481164 0.0010069084579346125 0.004763198169830316 0.013896945608317973
1371780308.4926362 10626.731438242196 0.0007821964100003242 0.0021178937691724753 0.01077877677080906 0.02945780144346173
1371702183.4954872 10644.411295124872 0.0005472275661304593 0.0014214337119693977 0.007528647196048254 0.019674653089424073
1371624058.4983382 10662.093166027002 -0.0003289142914582044 0.00019902077727274248 -0.004498014248142728 0.002731533984754538
1371545933.501189 10679.777051292802 -0.0004022353678010404 0.0005104356397076738 -0.005497952994453388 0.007020690076300881
1371467808.50404 10697.46295126641 -0.0001286881451960653 0.00037383453242510365 -0.0017622641017596685 0.00513700045635805
1371389683.506891 10715.150866292193 0.0002607138594612479 3.125008265799547e-05 0.003579780569623121 0.00042840977862760844
1371311558.509742 10732.840796714558 0.0006890228833071887 0.0005554655577552947 0.009488720318406346 0.007642418014130528
1371233433.512593 10750.532742877973 0.0006943215848878026 0.0004312127052949326 0.009562040150397971 0.005927796656084975
1371155308.515444 10768.226705127001 0.0005388550343923271 0.00011652668196463131 0.007413031572254714 0.0015984078511410117
1371077183.518295 10785.922683806273 0.000541426707059145 0.00037454813826717765 0.007448542172945134 0.005146831659787547
1370999058.521146 10803.620679260504 0.0008131403592415154 0.00014531302729227976 0.011207587057495319 0.0019936668054878143
1370920933.523997 10821.320691834482 0.0009438865818083286 0.00024018817101553502 0.013021454478521662 0.0032974835518713207
1370842808.526848 10839.022721873078 0.0008568776538595557 0.00031989985941141644 0.011813996790253564 0.00439423294185214
1370764683.529699 10856.726769721243 0.00044203654397279024 0.00018312468718949888 0.006077042865028891 0.002513087857495379
1370686558.53255 10874.432835724001 0.0002197919529862702 0.0008077377794225807 0.003017046103326006 0.01113270676965543
1370608433.535401 10892.140920226459 0.000800483743660152 0.0002749800587969176 0.011032173938071753 0.0037760355842890053
1370530308.538252 10909.851023573803 0.0014932691119611263 0.0002698847542944805 0.020679306880188243 0.0037059368763890013
1370452183.5411031 10927.563146111293 0.001413643010891974 0.000781053460252668 0.019565756903768945 0.010762941698861918
1370374058.5439541 10945.277288184272 0.0007542850216850638 0.0005332071654467445 0.01039214830665082 0.007335048149009303
1370295933.5468051 10962.993450138165 0.0006817840621806681 0.0004867761842903957 0.009388563118337597 0.006694178887492233
1370217808.5496562 10980.711632318465 0.0007763888570480049 0.0010790720536742987 0.010698318248843756 0.014900374462909932
1370139683.5525072 10998.431835070753 0.0006142968777567148 0.0006166575823341207 0.008455284714384748 0.008487916135770974
1370061558.5553582 11016.154058740687 0.0002301831846125424 9.737125393926052e-05 0.0031599103364843137 0.0013354754398681155
1369983433.5582092 11033.878303674004 -0.00015230505960062146 6.6047698530775786e-06 -0.0020853387182593612 9.053000144441409e-05
1369905308.5610602 11051.604570216517 0.00029861039365641773 0.0007111433452907249 0.0041011944298216035 0.009794843870576136
1369827183.5639112 11069.332858714119 0.0008411103044636548 0.00029455468386883264 0.011595342932417436 0.004045379413387809
1369749058.5667622 11087.063169512785 0.0007268550689332187 0.00013094005936515593 0.010012334267042134 0.0017962952264245807
1369670933.5696132 11104.795502958563 -1.7752026906237006e-05 0.00015001265120626492 -0.0002432821798331637 0.0020582111417633184
1369592808.572464 11122.529859397639 -0.0003445532056502998 7.149419652387923e-05 -0.004711378659446778 0.0009803899293183303
1369514683.575315 11140.266239176119 0.0003034373221453279 0.0003062478003732145 0.0041676270828507785 0.004206309515904838
1369436558.578166 11158.004642640339 0.0006439243443310261 0.00023089998990890334 0.008864894876984126 0.0031697661132360534
1369358433.581017 11175.745070136669 0.00037790596252307296 0.0005343098931586831 0.005193093023208029 0.0073502736764356836
1369280308.583868 11193.487522011557 0.0001625324075575918 0.0007076985941001159 0.0022301770145913076 0.009747166034894509
1369202183.586719 11211.231998611527 0.00017551665951032192 0.0009457567781049908 0.0024085542387906225 0.013047423952793251
1369124058.58957 11228.978500283187 -0.00023769390827510506 0.0009432048324820654 -0.0032525707603641672 0.013011987901173092
1369045933.592421 11246.727027373216 -0.001073341816663742 0.000507942118459532 -0.014604211236100577 0.00698627332869899
1368967808.595272 11264.477580228378 -0.0015128895174711943 0.0004753429138605675 -0.020523814552663912 0.006536432781839681
1368889683.598123 11282.230159195518 -0.0009229895658791065 0.0004723382872067317 -0.012571274061114272 0.006494981741846537
1368811558.600974 11299.984764621558 -0.0001680872228462249 5.887994682844197e-05 -0.0023011773556996878 0.0008073426385906941
1368733433.603825 11317.741396853493 -0.00026144870207645 0.00012846915922372023 -0.0035770473811576847 0.0017623684084777476
1368655308.606676 11335.500056238408 -0.0004444481455720961 0.00018493653319921508 -0.00607318953249038 0.0025379840704595922
1368577183.609527 11353.260743123461 -0.0007441128836944699 0.00040438090125573646 -0.010147257747726821 0.005557918109510239
1368499058.6123781 11371.023457855888 -0.0007004812359809875 0.00048171889446608574 -0.009555098555198593 0.006624399827343923
1368420933.6152291 11388.788200783009 -8.448163862340152e-05 0.00048372133166001044 -0.0011572473414932754 0.006652028309296727
1368342808.6180801 11406.55497225222 -0.0001795752759790048 0.0014291458157397374 -0.0024582599685472853 0.019782462345253295
1368264683.6209311 11424.323772610996 -0.0005942287971265614 0.00031740267045880143 -0.00811159527211008 0.004359855978485954
1368186558.6237822 11442.094602206897 -0.0003117889864370227 0.0002304996707530295 -0.004264318517567474 0.0031642618782168606
1368108433.6266332 11459.867461387552 -0.0003169141127727926 5.719711771725048e-05 -0.004334262860895002 0.0007842591837902589
1368030308.6294842 11477.64235050068 -0.0011549682822078466 0.00010483982213258592 -0.015706167441452586 0.0014379827363191788
1367952183.6323352 11495.419269894075 -0.0012104071211069822 0.00016711028127489922 -0.016453899198760672 0.002293064060971784
1367874058.6351862 11513.198219915606 -0.00019169968436472118 0.00015388212257486 -0.0026240170660709952 0.002111357343032042
1367795933.6380372 11530.97920091323 0.000268476054770872 5.272235644956524e-05 0.003686557544181177 0.0007228812418928931
1367717808.6408882 11548.762213234979 -6.0077036323491484e-05 0.0009357437722955439 -0.0008230854742430782 0.012908391596983813
1367639683.6437392 11566.547257228964 -0.0004019221814814955 0.0011617200199724228 -0.005493683945256754 0.016050825911798804
1367561558.64659 11584.334333243429 -0.0008067268645390868 2.5719756042949273e-05 -0.01099642881763439 0.0003525807398231498
1367483433.649441 11602.123441626538 -0.0010073261801153421 0.0005088509324785042 -0.013712111995781701 0.00699881706806276
1367405308.652292 11619.914582726695 -0.000949484296143055 9.81589905611557e-05 -0.012929813710443907 0.0013462867556768947
1367327183.655143 11637.707756892332 -0.0012957939179614186 0.00016619067988982966 -0.017604461656461477 0.002280431019592115
1367249058.657994 11655.50296447196 -0.001652493141591549 0.0003931926766341764 -0.022396616086236772 0.00540372795350567
1367170933.660845 11673.300205814163 -0.0011630253866314888 0.0004922507294353522 -0.01581487242769386 0.006769720607685629
1367092808.663696 11691.099481267614 -0.0004001577035523951 0.0002803922529658314 -0.005469631969540631 0.0038504992874011518
1367014683.666547 11708.900791181062 -0.0003519445308484137 3.93858818065422e-05 -0.004812203947334309 0.0005399741904839732
1366936558.669398 11726.704135903334 -0.0006036963895894587 0.00010289149436700567 -0.008240302804951898 0.0014112406121620153
1366858433.672249 11744.509515783338 -0.0005717866588383913 0.00036802126398468926 -0.0078064386102462595 0.005056915832756696
1366780308.6751 11762.316931170066 -0.0003384605224709958 0.0007932451688180709 -0.004628260541967886 0.010931865451121422
1366702183.677951 11780.126382412582 -0.0005089357146061957 0.0005837823506114563 -0.006951327862079962 0.00803358594448411
1366624058.680802 11797.937869860034 -0.001332420390099287 4.143453207682808e-05 -0.018097587386745946 0.0005680688396990741
1366545933.683653 11815.75139386165 -0.001355438376776874 0.0005089040063197032 -0.01840736894656757 0.006999549614916625
1366467808.6865041 11833.566954766738 -0.0002954629308078438 0.00012191307275384014 -0.0040414786609928146 0.0016723553136792062
1366389683.6893551 11851.384552924686 0.0001777658617356792 0.0006131872866605931 0.002439456938154695 0.008439947485589216
1366311558.6922061 11869.20418868496 -0.00020569168555084616 0.00018168793947372086 -0.0028152725453118787 0.0024933462356428854
1366233433.6950572 11887.02586239711 -0.0007848413661122322 9.219780575681398e-05 -0.010699699562815837 0.0012644751935057747
1366155308.6979082 11904.849574410759 -0.0009599577751941979 0.00029310222974801684 -0.01307151050712582 0.004025391376199028
1366077183.7007592 11922.675325075616 -0.00040162805817089975 1.6761064246396015e-05 -0.005489674727734533 0.00022975589373802936
1365999058.7036102 11940.503114741467 -0.00018238966003991663 0.00023245112685477799 -0.002496738862342782 0.0031910939380879215
1365920933.7064612 11958.33294375818 -0.0006511509418487549 0.0002638169471636323 -0.008885175965749299 0.003622465362473268
1365842808.7093122 11976.164812475701 -0.0005896207876503468 8.630911205264668e-05 -0.008048945524355783 0.0011836650733839844
1365764683.7121632 11993.998721244061 0.00027979788137599826 5.3317247327737525e-05 0.0038423213515896963 0.0007310408294115486
1365686558.7150142 12011.834670413364 0.0010681806597858667 0.0008140667702613788 0.014748865998982908 0.011220427768569005
1365608433.717865 12029.67266033385 0.0008100809063762426 0.0012987997411140016 0.011165182051210507 0.01796188490047647
1365530308.720716 12047.512691355683 -4.036081372760236e-05 0.0008746556947764322 -0.0005530380308408539 0.01206059128765829
1365452183.723567 12065.354763829264 -0.00035234156530350447 0.00015205983439476155 -0.0048176196185116165 0.0020863283282844397
1365374058.726418 12083.198878105019 -0.0004972938913851976 3.7758780228609775e-05 -0.006792856179771499 0.0005176611111815502
1365295933.729269 12101.045034533454 -0.0008717660093680024 0.0005776374785372084 -0.011877727109764367 0.007948687734672766
1365217808.73212 12118.893233465164 -0.0006547726807184517 0.001179183212303365 -0.008934375710282645 0.016294081274632225
1365139683.734971 12136.74347525081 1.7554308215039782e-05 0.0013206243087075797 0.00024063076443736668 0.018266483369763525
1365061558.737822 12154.595760241147 -9.648055129218847e-05 0.00023671856573343765 -0.001321502424639739 0.003249772722177228
1364983433.740673 12172.450088787004 -0.0008034930797293782 0.0013289500841604674 -0.010952589869226642 0.018382707992303494
1364905308.743524 12190.306461239286 -0.0010953648015856743 0.0005349008682229621 -0.014901640876206268 0.0073584334534705685
1364827183.746375 12208.164877948986 -0.0010828154627233744 0.00022558889493505421 -0.01473216763858638 0.0030967430574559847
1364749058.749226 12226.025339267171 -0.0010345162590965629 0.0001134329732415633 -0.014079640260846916 0.0015559381153225516
1364670933.752077 12243.887845544998 -0.0006371299386955798 0.00044101660879994787 -0.00869468391888743 0.006062978377215183
1364592808.754928 12261.752397133694 -0.000552781973965466 0.0014873307972947218 -0.007547949835147528 0.020596218316193706
1364514683.7577791 12279.61899438457 -0.0007209199829958379 0.001909979628392265 -0.009832532422812868 0.026527204838198697
1364436558.7606301 12297.487637649017 -0.00041507731657475233 0.001243838024548915 -0.005672986170839371 0.01719521268524479
1364358433.7634811 12315.358327278513 0.00013108542771078646 0.0003886050255802821 0.001798291249614462 0.005340510261117728
1364280308.7663321 12333.231063624606 0.0006369045586325228 0.0002599794495481498 0.008767828698581129 0.0035696785967998493
1364202183.7691832 12351.105847038927 0.0006902139284648001 0.0007222917861061177 0.009505200723607667 0.009949161899922865
1364124058.7720342 12368.982677873199 0.0005550086498260498 0.0008589716411611988 0.007636107546189631 0.011843038774387082
1364045933.7748852 12386.86155647921 0.0005824277177453041 0.000639312777117197 0.008014869572581624 0.008801127309430796
1363967808.7777362 12404.742483208836 0.0004827101365663111 0.0004148431792884071 0.006638076322923031 0.005702125169969117
1363889683.7805872 12422.625458414035 0.00011469599849078804 0.0002531459120222451 0.001573276423303847 0.0034756866499406937
1363811558.7834382 12440.51048244684 -2.6589472327032126e-05 7.192083685303067e-05 -0.0003643726523646387 0.0009862432744849373
1363733433.7862892 12458.397555659372 0.00037198240170255303 1.300960666290629e-05 0.005111484476768559 0.00017832739645408952
1363655308.7891402 12476.286678403827 0.0005321971839293838 0.00033506879472076776 0.007321103385633248 0.004603077911837634
1363577183.791991 12494.177851032535 -0.0004080020298715681 0.0003090333140468803 -0.005576555227336503 0.004244649822131267
1363499058.794842 12512.071073897754 -0.001019178656861186 0.00016180214203936078 -0.013872338517265818 0.0022201455960712915
1363420933.797693 12529.966347351972 -0.0003073876432608813 0.0001885212181028393 -0.0042042479844351145 0.002587242333748569
1363342808.800544 12547.863671747713 0.00035840037162415683 2.8261777289064994e-05 0.0049243907913006585 0.00038743493417218576
1363264683.803395 12565.763047437575 0.0002353875315748155 0.00037730452605238055 0.003231470165299864 0.005184806764807354
1363186558.806246 12583.664474774247 -0.00042837587534449995 8.029196239299175e-05 -0.005854210565371308 0.001101098906378265
1363108433.809097 12601.567954110486 -0.0008965202141553164 4.381551952184209e-05 -0.012212949434553977 0.00060072206502378
1363030308.811948 12619.473485799137 -0.000859537860378623 3.4176360671866016e-05 -0.011712091604374272 0.0004685357476615729
1362952183.814799 12637.381070193127 -0.0005164024769328535 0.0001240376660814516 -0.007052954256193781 0.001701524453484653
1362874058.81765 12655.290707645465 7.338063733186573e-05 0.00031244844313018587 0.0010062714482624974 0.004291658272985038
1362795933.820501 12673.202398509235 0.00011520841508172452 0.000584943891043358 0.0015803107600625324 0.008049634721347504
1362717808.823352 12691.1161431376 -0.0008852254250086844 0.0005469213597136673 -0.012060008935986612 0.007524418580529795
1362639683.826203 12709.031941883819 -0.0009945255005732179 7.016253932862189e-05 -0.01353903844935033 0.000962120312827892
1362561558.829054 12726.949795101214 0.0002183643518947065 0.00030133972139676353 0.0029974202713552753 0.004138757419611636
1362483433.8319051 12744.869703143198 0.0004082190862391144 0.0004958459859577519 0.00561081940926999 0.006819333653358559
1362405308.8347561 12762.791666363268 -0.0005521057173609734 5.918682581918027e-05 -0.0075387506223675085 0.0008115521711778317
1362327183.8376071 12780.715685114988 -0.0008298561442643404 0.00012039138531741134 -0.011309925914545747 0.001651464161468835
1362249058.8404582 12798.641759752021 -0.0002805407566484064 0.00022583980907047932 -0.003837757412331366 0.0031001927942114153
1362170933.8433092 12816.569890628098 0.00033141192398034036 0.000656963453870912 0.004552726349887333 0.009045218342420905
1362092808.8461602 12834.500078097037 0.0004624784633051604 0.0008564366101283142 0.006358970270600901 0.011807879962388171
1362014683.8490112 12852.432322512734 -0.00012056030391249806 0.000462241226240654 -0.0016510527289162855 0.006355697928673668
1361936558.8518622 12870.366624229167 -0.0002061105624306947 0.00022739720268869044 -0.0028209975740296988 0.0031216051581890235
1361858433.8547132 12888.302983600403 0.00026566185988485813 1.6087544256739913e-05 0.0036478440835813297 0.00022052245554012622
1361780308.8575642 12906.241400980576 0.0002157652925234288 0.0001806312090908214 0.00296169089917758 0.0024788264880070353
1361702183.8604152 12924.181876723911 0.00019610706658568233 0.0002533696419951048 0.002691489823492794 0.0034787638057701686
1361624058.863266 12942.124411184766 0.00047954273759387434 1.1637691017373526e-05 0.00659437532624293 0.0001595205511724727
1361545933.866117 12960.069004717421 0.0005498243262991309 0.00016223877146951838 0.007564508366335407 0.0022261434196150895
1361467808.868968 12978.015657676393 6.458497955463827e-05 0.0003509728674549234 0.0008856028358975227 0.004822091056976186
1361389683.871819 12995.96437041623 -0.0002111569046974182 0.00028605236238239516 -0.002889966230055738 0.003928379865908431
1361311558.87467 13013.915143291564 0.0003499540616758168 0.00047673142047515804 0.004808059762457842 0.006555588834818887
1361233433.877521 13031.867976657106 4.999927477911115e-05 0.00036441880150173654 0.0006855320095464287 0.005007290885126896
1361155308.880372 13049.822870867645 -0.001107525429688394 0.0009794572001846403 -0.015065837352002507 0.013515502333331436
1361077183.883223 13067.779826278058 -0.0007295722607523203 0.0013686628663092245 -0.009949954543648559 0.018937269112144436
1360999058.886074 13085.738843243298 0.00016702510765753686 0.0008712941789026307 0.0022918939800898046 0.012013959929044785
1360920933.888925 13103.699922118401 -7.359748997259885e-05 0.0005297174956637059 -0.001008229105871572 0.007286867280803114
1360842808.891776 13121.66306325849 -0.00022005743812769651 1.0819426149422761e-05 -0.003011598750736457 0.00014830357161185257
1360764683.894627 13139.628267018757 0.00020151941862422973 0.0009700569167695246 0.0027658749778635494 0.013384916074760828
1360686558.897478 13157.595533754493 0.0001046115648932755 0.0010941412274219813 0.001434849713427575 0.015110037222527661
1360608433.900329 13175.564863821053 -0.000981687568128109 6.903431028322898e-05 -0.01336543112878528 0.0009466418817147913
1360530308.9031801 13193.536257573884 -0.0012398767285048962 0.0006118283374291094 -0.016851143274656713 0.008421163845581487
1360452183.9060311 13211.509715368515 -0.00036053755320608616 0.00023398219929971154 -0.004929408844266971 0.0032121463261355885
1360374058.9088821 13229.48523756055 0.0001978658838197589 0.00022513224415341988 0.002715661681846212 0.0030904647450732833
1360295933.9117332 13247.462824505681 0.00016918059554882348 0.00015856263127612057 0.0023215056264817313 0.0021756467098003936
1360217808.9145842 13265.442476559678 0.0003328616148792207 0.00017172677774573796 0.0045726868836648985 0.002356485680049356
1360139683.9174352 13283.424194078394 0.0007474020239897072 0.0001310616221937073 0.010296828015933767 0.0017979643806280807
1360061558.9202862 13301.407977417766 0.00015621562488377094 0.0007196962163746947 0.0021434087667656252 0.00991323159151525
1359983433.9231372 13319.393826933807 -0.00038904929533600807 0.0011254860339416778 -0.005318197596695396 0.015546289499663019
1359905308.9259882 13337.381742982621 0.00035889766877517104 3.3606226798887216e-05 0.004931240486941033 0.00046071778108894106
1359827183.9288392 13355.371725920382 0.0008176031988114119 0.0007764820333973841 0.011269446682224191 0.010699609073855476
1359749058.9316902 13373.363776103355 0.0004387905355542898 0.00022399137231496083 0.006032282426939473 0.0030747795181576974
1359670933.934541 13391.35789388794 -8.212807006202638e-05 0.0009294317823457153 -0.0011250257902398308 0.012820758432896524
1359592808.937392 13409.354079630451 -0.0008512436179444194 0.001164357919328412 -0.011599726927268971 0.016087567012704314
1359514683.940243 13427.352333687451 -0.0007572412141598761 0.0005846753287769976 -0.010325363975871438 0.008045924026172583
1359436558.943094 13445.352656415533 4.498844646150246e-05 0.00048090811603020654 0.000616808156152601 0.006613213387780199
1359358433.945945 13463.355048171365 -5.985616735415533e-05 0.0005120719968457179 -0.0008200606992070733 0.007043276487315999
1359280308.948796 13481.359509311702 -0.000581710715778172 0.00012144511681253575 -0.00794139232054142 0.0016659307291833454
1359202183.951647 13499.366040193378 -0.0005730863194912672 8.38048465878718e-05 -0.00782411326827662 0.0011493011975072214
1359124058.954498 13517.374641173314 5.283407517708838e-05 2.3133981239942578e-05 0.0007244135829449209 0.0003171278774581881
1359045933.957349 13535.385312608507 0.0005622282042168081 0.00023492294392233196 0.00773582324679065 0.00322508187172776
1358967808.9602 13553.398054856041 0.00047987495781853795 0.0003231350120787533 0.00659895892025966 0.004438770666133273
1358889683.963051 13571.41286827308 0.0005517603131011128 0.0004968023938359458 0.007591245115549934 0.006832532099056968
1358811558.965902 13589.429753216871 0.0007934480090625584 0.0008413006410097565 0.010934676170996457 0.011597982141097541
1358733433.968753 13607.44871004474 0.0004655945813283324 0.0007321952354254796 0.006401953602548274 0.010086266586795407
1358655308.971604 13625.4697391141 0.0005590963992290199 0.0005989450723979357 0.007692565875557063 0.008243106571255607
1358577183.974455 13643.49284078244 0.0011922287521883845 0.0012505726203529744 0.016475839106818095 0.017289123345473063
1358499058.9773061 13661.51801540734 0.0006327296141535044 8.290828701678623e-05 0.008710104067064968 0.0011369987705550358
1358420933.9801571 13679.545263346454 -0.00029402237851172686 0.00011596539373185236 -0.004021813691026999 0.0015907024788983013
1358342808.9830081 13697.574584957523 -0.00011825480032712221 0.00029410256378095917 -0.0016195048046556957 0.004039157492018183
1358264683.9858592 13715.605980598368 0.0004268950433470309 0.00021835633273720734 0.005868268106764895 0.00299731002971603
1358186558.9887102 13733.639450626895 0.0011946822050958872 0.0004485629754775676 0.016510025689931446 0.0061670443622419925
1358108433.9915612 13751.674995401088 0.0014474136987701058 0.0009697777397349244 0.020037879626905883 0.01338103808174024
1358030308.9944122 13769.712615279017 8.094654185697436e-05 0.00012860540365753018 0.001110080589064028 0.0017642390895053633
1357952183.9972632 13787.752310618836 -0.0008987926412373781 0.0005003993331874566 -0.012243717092510147 0.006882171485551888
1357874059.0001142 13805.794081778773 -0.0006602827343158424 0.0006011847884965383 -0.009009222745222391 0.00827405900543023
1357795934.0029652 13823.83792911715 -0.000854936137329787 0.0012967258915565123 -0.011649752192951113 0.017932945675779778
1357717809.0058162 13841.883852992363 -0.0009869911009445786 0.00124677943723742 -0.013437154440293978 0.017236228168605552
1357639684.008667 13859.931853762948 -0.0001579470990691334 0.0011870912146420335 -0.0021625052341981274 0.01640425608780356
1357561559.011518 13877.981931787359 0.00045990064973011613 0.001337098601613643 0.006323413637435485 0.018496471242690105
1357483434.014369 13896.0340874243 0.00029566333978436887 0.0022630649641753064 0.00406063651918467 0.031509125890590815
