freq[Hz],vel[km/s],flux[Jy/beam],noise[Jy/beam],tau,tau_noise
1353689865.53 14775.1119381 0.0 nan nan nan
1353611737.6 14793.2681888 0.0 nan nan nan
1353533609.66 14811.4265354 0.0 nan nan nan
1353455481.73 14829.5869784 0.0 nan nan nan
1353377353.8 14847.7495182 0.0 nan nan nan
1353299225.87 14865.9141551 0.0 nan nan nan
1353221097.93 14884.0808894 0.0 nan nan nan
1353142970.0 14902.2497215 0.0 nan nan nan
1353064842.07 14920.4206519 0.0 nan nan nan
1352986714.13 14938.5936808 0.0 nan nan nan
1352908586.2 14956.7688086 0.0 nan nan nan
1352830458.27 14974.9460357 0.000439265801106 nan nan nan
1352752330.34 14993.1253624 0.000506211537868 nan nan nan
1352674202.4 15011.3067891 -0.000533412385266 nan -inf nan
1352596074.47 15029.4903163 -0.000686842482537 nan -inf nan
1352517946.54 15047.6759441 0.00024951051455 nan nan nan
1352439818.6 15065.8636731 -0.000397935684305 nan -inf nan
1352361690.67 15084.0535035 -0.00186266517267 nan -inf nan
1352283562.74 15102.2454357 -0.00128424225841 nan -inf nan
1352205434.81 15120.4394701 2.28136195801e-06 nan nan nan
1352127306.87 15138.6356071 0.0010014900472 nan nan nan
1352049178.94 15156.833847 0.00178525352385 nan nan nan
1351971051.01 15175.0341902 0.00130080292001 nan nan nan
1351892923.07 15193.2366371 0.000640176527668 nan nan nan
1351814795.14 15211.441188 0.000625041662715 nan nan nan
1351736667.21 15229.6478432 0.000505240284838 nan nan nan
1351658539.28 15247.8566032 -0.000124329293612 nan -inf nan
1351580411.34 15266.0674683 -0.000280529551674 nan -inf nan
1351502283.41 15284.2804389 0.000503053306602 nan nan nan
1351424155.48 15302.4955153 -9.2334812507e-07 nan -inf nan
1351346027.54 15320.7126979 -0.00109699612949 nan -inf nan
1351267899.61 15338.9319871 -0.00078638229752 nan -inf nan
1351189771.68 15357.1533832 -0.000894145923667 nan -inf nan
1351111643.75 15375.3768867 -0.00152192544192 nan -inf nan
1351033515.81 15393.6024977 -0.00109448074363 nan -inf nan
1350955387.88 15411.8302169 0.000507757940795 nan nan nan
1350877259.95 15430.0600444 0.00142461585347 nan nan nan
1350799132.01 15448.2919807 0.0013183002593 nan nan nan
1350721004.08 15466.5260261 0.00139826140366 nan nan nan
1350642876.15 15484.762181 0.000599963299464 nan nan nan
1350564748.22 15503.0004458 0.000254780054092 nan nan nan
1350486620.28 15521.2408208 0.000311326701194 nan nan nan
1350408492.35 15539.4833064 -0.00145494216122 nan -inf nan
1350330364.42 15557.727903 -0.00147669110447 nan -inf nan
1350252236.48 15575.9746109 0.000509715580847 nan nan nan
1350174108.55 15594.2234305 9.46981017478e-05 nan nan nan
1350095980.62 15612.4743622 -0.000835945887957 nan -inf nan
1350017852.69 15630.7274062 7.89160258137e-05 nan nan nan
1349939724.75 15648.9825631 0.00102924520615 nan nan nan
1349861596.82 15667.2398331 0.000734492903575 nan nan nan
1349783468.89 15685.4992167 -4.77754947497e-05 nan -inf nan
1349705340.96 15703.7607142 2.1319676307e-05 nan nan nan
1349627213.02 15722.0243259 -9.39867459238e-05 nan -inf nan
1349549085.09 15740.2900522 -0.000820459739771 nan -inf nan
1349470957.16 15758.5578936 -0.000396042858483 nan -inf nan
1349392829.22 15776.8278503 0.000334594398737 nan nan nan
1349314701.29 15795.0999228 2.45341361733e-05 nan nan nan
1349236573.36 15813.3741113 -0.00055089883972 nan -inf nan
1349158445.43 15831.6504163 -0.000487902841996 nan -inf nan
1349080317.49 15849.9288382 2.49039076152e-05 nan nan nan
1349002189.56 15868.2093772 0.000322780048009 nan nan nan
1348924061.63 15886.4920338 0.000407259474741 nan nan nan
1348845933.69 15904.7768084 0.000792283157352 nan nan nan
1348767805.76 15923.0637012 0.0019391796086 nan nan nan
1348689677.83 15941.3527128 0.00237267185003 nan nan nan
1348611549.9 15959.6438433 0.00126519077457 nan nan nan
1348533421.96 15977.9370933 4.12084336858e-05 nan nan nan
1348455294.03 15996.2324631 -0.000623475585598 nan -inf nan
1348377166.1 16014.529953 -0.000395119306631 nan -inf nan
1348299038.16 16032.8295635 6.84983897372e-05 nan nan nan
1348220910.23 16051.1312948 0.000611192081124 nan nan nan
1348142782.3 16069.4351473 0.00106668251101 nan nan nan
1348064654.37 16087.7411215 -0.000731139269192 nan -inf nan
1347986526.43 16106.0492177 -0.00258411071263 nan -inf nan
1347908398.5 16124.3594363 -0.00146052218042 nan -inf nan
1347830270.57 16142.6717776 5.0567141443e-05 nan nan nan
1347752142.63 16160.9862419 0.000771306687966 nan nan nan
1347674014.7 16179.3028298 0.00176497478969 nan nan nan
1347595886.77 16197.6215414 0.001850314904 nan nan nan
1347517758.84 16215.9423773 0.00125577370636 nan nan nan
1347439630.9 16234.2653378 0.000628125853837 nan nan nan
1347361502.97 16252.5904232 8.11659556348e-05 nan nan nan
1347283375.04 16270.9176339 0.000278653460555 nan nan nan
1347205247.1 16289.2469703 -0.000712594832294 nan -inf nan
1347127119.17 16307.5784328 -0.001817637356 nan -inf nan
1347048991.24 16325.9120217 -0.000887567701284 nan -inf nan
1346970863.31 16344.2477374 -0.000829738855828 nan -inf nan
1346892735.37 16362.5855802 -0.00149110367056 nan -inf nan
1346814607.44 16380.9255506 -0.00106972130015 nan -inf nan
1346736479.51 16399.2676489 -0.000899069651496 nan -inf nan
1346658351.57 16417.6118755 -9.48331144173e-05 nan -inf nan
1346580223.64 16435.9582307 0.00121977413073 nan nan nan
1346502095.71 16454.3067149 0.00119213806465 nan nan nan
1346423967.78 16472.6573285 0.000756359775551 nan nan nan
1346345839.84 16491.0100719 0.000108400534373 nan nan nan
1346267711.91 16509.3649454 1.96786713786e-05 nan nan nan
1346189583.98 16527.7219494 0.00133307615761 nan nan nan
1346111456.04 16546.0810843 0.0015193275176 nan nan nan
1346033328.11 16564.4423504 -0.000168711645529 nan -inf nan
1345955200.18 16582.8057481 -0.00127292971592 nan -inf nan
1345877072.25 16601.1712778 -0.000249145348789 nan -inf nan
1345798944.31 16619.5389399 0.000775498163421 nan nan nan
1345720816.38 16637.9087347 6.35335745756e-05 nan nan nan
1345642688.45 16656.2806626 -0.000849809846841 nan -inf nan
1345564560.51 16674.6547239 -0.000635610078461 nan -inf nan
1345486432.58 16693.0309191 -0.000149188010255 nan -inf nan
1345408304.65 16711.4092486 0.000140458840178 nan nan nan
1345330176.72 16729.7897126 0.00130862323567 nan nan nan
1345252048.78 16748.1723115 0.00225836830214 nan nan nan
1345173920.85 16766.5570458 0.00112789217383 nan nan nan
1345095792.92 16784.9439158 -0.000331916118739 nan -inf nan
1345017664.98 16803.3329219 0.000300713058095 nan nan nan
1344939537.05 16821.7240644 0.000805812305771 nan nan nan
1344861409.12 16840.1173437 0.000308798829792 nan nan nan
1344783281.19 16858.5127602 -0.000345157983247 nan -inf nan
1344705153.25 16876.9103143 -0.000971392844804 nan -inf nan
1344627025.32 16895.3100063 0.000179361697519 nan nan nan
1344548897.39 16913.7118366 0.000886902795173 nan nan nan
1344470769.45 16932.1158056 0.000382379686926 nan nan nan
1344392641.52 16950.5219137 -0.000128383864649 nan -inf nan
1344314513.59 16968.9301612 -0.0013318421552 nan -inf nan
1344236385.66 16987.3405485 -0.00149580824655 nan -inf nan
1344158257.72 17005.7530759 -0.000882122199982 nan -inf nan
1344080129.79 17024.1677439 -0.000712713925168 nan -inf nan
1344002001.86 17042.5845529 -0.000553634599783 nan -inf nan
1343923873.92 17061.0035031 -0.000150259380462 nan -inf nan
1343845745.99 17079.4245949 3.48837638739e-05 nan nan nan
1343767618.06 17097.8478289 -0.000492257764563 nan -inf nan
1343689490.13 17116.2732052 -0.00104842032306 nan -inf nan
1343611362.19 17134.7007243 -0.00143363443203 nan -inf nan
1343533234.26 17153.1303866 -0.00119078776333 nan -inf nan
1343455106.33 17171.5621924 -0.00053743988974 nan -inf nan
1343376978.39 17189.9961422 -0.000282351538772 nan -inf nan
1343298850.46 17208.4322362 -0.000269909302006 nan -inf nan
1343220722.53 17226.8704748 -0.000251518038567 nan -inf nan
1343142594.6 17245.3108585 0.000681496807374 nan nan nan
1343064466.66 17263.7533876 0.00146687706001 nan nan nan
1342986338.73 17282.1980625 0.000610734685324 nan nan nan
1342908210.8 17300.6448836 -0.00017747124366 nan -inf nan
1342830082.86 17319.0938511 -0.000223285635002 nan -inf nan
1342751954.93 17337.5449656 -7.50076287659e-05 nan -inf nan
1342673827.0 17355.9982273 -3.93980008084e-06 nan -inf nan
1342595699.07 17374.4536367 -0.000228245946346 nan -inf nan
1342517571.13 17392.9111942 -0.000315871380735 nan -inf nan
1342439443.2 17411.3709 -0.000141043681651 nan -inf nan
1342361315.27 17429.8327546 -0.000272478151601 nan -inf nan
1342283187.33 17448.2967584 0.000193285988644 nan nan nan
1342205059.4 17466.7629117 0.00171619607136 nan nan nan
1342126931.47 17485.2312149 0.00165742426179 nan nan nan
1342048803.54 17503.7016684 -0.000178305373993 nan -inf nan
1341970675.6 17522.1742725 -0.00138310855255 nan -inf nan
1341892547.67 17540.6490277 -0.00127581343986 nan -inf nan
1341814419.74 17559.1259343 -0.000637758697849 nan -inf nan
1341736291.81 17577.6049926 0.000684477505274 nan nan nan
1341658163.87 17596.0862031 0.00150005554315 nan nan nan
1341580035.94 17614.5695662 0.000864577130415 nan nan nan
1341501908.01 17633.0550821 -9.13148396648e-05 nan -inf nan
1341423780.07 17651.5427514 -0.00179152423516 nan -inf nan
1341345652.14 17670.0325743 -0.00247166282497 nan -inf nan
1341267524.21 17688.5245513 -0.0015406687744 nan -inf nan
1341189396.28 17707.0186826 -0.00082521076547 nan -inf nan
1341111268.34 17725.5149688 -8.1218968262e-07 nan -inf nan
1341033140.41 17744.0134101 0.000475957291201 nan nan nan
1340955012.48 17762.514007 0.00053497904446 nan nan nan
1340876884.54 17781.0167598 0.000789516139776 nan nan nan
1340798756.61 17799.5216689 0.000975537928753 nan nan nan
1340720628.68 17818.0287347 0.0010008928366 nan nan nan
1340642500.75 17836.5379575 0.000677947886288 nan nan nan
1340564372.81 17855.0493377 3.20040126098e-05 nan nan nan
1340486244.88 17873.5628758 -0.000341690931236 nan -inf nan
1340408116.95 17892.0785721 -0.00039539008867 nan -inf nan
1340329989.01 17910.5964269 -0.000184560980415 nan -inf nan
1340251861.08 17929.1164406 -0.000110707034764 nan -inf nan
1340173733.15 17947.6386137 0.000157053640578 nan nan nan
1340095605.22 17966.1629465 0.000458600232378 nan nan nan
1340017477.28 17984.6894393 -0.000580856925808 nan -inf nan
1339939349.35 18003.2180926 -0.00115437200293 nan -inf nan
1339861221.42 18021.7489067 -0.000112258916488 nan -inf nan
1339783093.48 18040.281882 0.00128494482487 nan nan nan
1339704965.55 18058.8170189 0.00277094519697 nan nan nan
1339626837.62 18077.3543178 0.00265012541786 nan nan nan
1339548709.69 18095.893779 0.00104587792885 nan nan nan
1339470581.75 18114.435403 0.000249853153946 nan nan nan
1339392453.82 18132.97919 -0.000265326059889 nan -inf nan
1339314325.89 18151.5251405 -0.000755589455366 nan -inf nan
1339236197.95 18170.0732549 -0.000306247675326 nan -inf nan
1339158070.02 18188.6235335 0.000442820601165 nan nan nan
1339079942.09 18207.1759767 -3.21826664731e-05 nan -inf nan
1339001814.16 18225.7305849 -0.00106709718239 nan -inf nan
1338923686.22 18244.2873585 -0.00132519030012 nan -inf nan
1338845558.29 18262.8462978 7.64144933783e-05 nan nan nan
1338767430.36 18281.4074033 0.00152387667913 nan nan nan
1338689302.42 18299.9706752 0.000728393963072 nan nan nan
1338611174.49 18318.5361141 -0.000558219093364 nan -inf nan
1338533046.56 18337.1037202 -0.000701505108736 nan -inf nan
1338454918.63 18355.673494 -0.000114708353067 nan -inf nan
1338376790.69 18374.2454357 9.15554628591e-05 nan nan nan
1338298662.76 18392.8195459 6.84299739078e-05 nan nan nan
1338220534.83 18411.3958249 0.00050903740339 nan nan nan
1338142406.89 18429.9742731 0.000158705573995 nan nan nan
1338064278.96 18448.5548908 -0.000970657216385 nan -inf nan
1337986151.03 18467.1376784 -0.000887096044607 nan -inf nan
1337908023.1 18485.7226363 -0.000379400909878 nan -inf nan
1337829895.16 18504.3097649 -0.00100571184885 nan -inf nan
1337751767.23 18522.8990646 -0.0019651085604 nan -inf nan
1337673639.3 18541.4905357 -0.0021980968304 nan -inf nan
1337595511.36 18560.0841787 -0.000907313253265 nan -inf nan
1337517383.43 18578.6799938 0.00105602282565 nan nan nan
1337439255.5 18597.2779816 0.00220064539462 nan nan nan
1337361127.57 18615.8781423 0.00190125708468 nan nan nan
1337282999.63 18634.4804764 0.000272328004939 nan nan nan
1337204871.7 18653.0849842 0.000832744524814 nan nan nan
1337126743.77 18671.6916661 0.00254595745355 nan nan nan
1337048615.83 18690.3005225 0.00134658883326 nan nan nan
1336970487.9 18708.9115538 0.0 nan nan nan
1336892359.97 18727.5247603 0.0 nan nan nan
1336814232.04 18746.1401425 0.0 nan nan nan
1336736104.1 18764.7577007 0.0 nan nan nan
1336657976.17 18783.3774353 0.0 nan nan nan
1336579848.24 18801.9993466 0.0 nan nan nan
