1.270241482119999886e+09 3.544059606380000332e+04 -0.000000000000000000e+00 -0.000000000000000000e+00 -0.000000000000000000e+00 -0.000000000000000000e+00
1.270163351779999971e+09 3.546121693249999953e+04 -0.000000000000000000e+00 -0.000000000000000000e+00 -0.000000000000000000e+00 -0.000000000000000000e+00
1.270085221440000057e+09 3.548184033829999680e+04 -0.000000000000000000e+00 -0.000000000000000000e+00 -0.000000000000000000e+00 -0.000000000000000000e+00
1.270007091109999895e+09 3.550246628149999742e+04 -0.000000000000000000e+00 -0.000000000000000000e+00 -0.000000000000000000e+00 -0.000000000000000000e+00
1.269928960769999981e+09 3.552309476269999868e+04 -0.000000000000000000e+00 -0.000000000000000000e+00 -0.000000000000000000e+00 -0.000000000000000000e+00
1.269850830430000067e+09 3.554372578230000363e+04 -0.000000000000000000e+00 -0.000000000000000000e+00 -0.000000000000000000e+00 -0.000000000000000000e+00
1.269772700089999914e+09 3.556435934080000152e+04 -0.000000000000000000e+00 -0.000000000000000000e+00 -0.000000000000000000e+00 -0.000000000000000000e+00
1.269694569759999990e+09 3.558499543870000343e+04 -0.000000000000000000e+00 -0.000000000000000000e+00 -0.000000000000000000e+00 -0.000000000000000000e+00
1.269616439420000076e+09 3.560563407639999787e+04 -0.000000000000000000e+00 -0.000000000000000000e+00 -0.000000000000000000e+00 -0.000000000000000000e+00
1.269538309079999924e+09 3.562627525440000318e+04 -0.000000000000000000e+00 -0.000000000000000000e+00 -0.000000000000000000e+00 -0.000000000000000000e+00
1.269460178740000010e+09 3.564691897310000058e+04 -0.000000000000000000e+00 -0.000000000000000000e+00 -0.000000000000000000e+00 -0.000000000000000000e+00
1.269382048400000095e+09 3.566756523310000193e+04 -0.000000000000000000e+00 -0.000000000000000000e+00 -0.000000000000000000e+00 -0.000000000000000000e+00
1.269303918069999933e+09 3.568821403480000299e+04 -0.000000000000000000e+00 -0.000000000000000000e+00 -0.000000000000000000e+00 -0.000000000000000000e+00
1.269225787730000019e+09 3.570886537870000029e+04 -0.000000000000000000e+00 -0.000000000000000000e+00 -0.000000000000000000e+00 -0.000000000000000000e+00
1.269147657390000105e+09 3.572951926519999688e+04 -0.000000000000000000e+00 -0.000000000000000000e+00 -0.000000000000000000e+00 -0.000000000000000000e+00
1.269069527049999952e+09 3.575017569489999732e+04 -0.000000000000000000e+00 -0.000000000000000000e+00 -0.000000000000000000e+00 -0.000000000000000000e+00
1.268991396720000029e+09 3.577083466809999663e+04 -0.000000000000000000e+00 -0.000000000000000000e+00 -0.000000000000000000e+00 -0.000000000000000000e+00
1.268913266380000114e+09 3.579149618539999938e+04 -0.000000000000000000e+00 -0.000000000000000000e+00 -0.000000000000000000e+00 -0.000000000000000000e+00
1.268835136039999962e+09 3.581216024720000132e+04 -0.000000000000000000e+00 -0.000000000000000000e+00 -0.000000000000000000e+00 -0.000000000000000000e+00
1.268757005700000048e+09 3.583282685399999900e+04 -0.000000000000000000e+00 -0.000000000000000000e+00 -0.000000000000000000e+00 -0.000000000000000000e+00
1.268678875369999886e+09 3.585349600630000350e+04 -0.000000000000000000e+00 -0.000000000000000000e+00 -0.000000000000000000e+00 -0.000000000000000000e+00
1.268600745029999971e+09 3.587416770450000331e+04 -0.000000000000000000e+00 -0.000000000000000000e+00 -0.000000000000000000e+00 -0.000000000000000000e+00
1.268522614690000057e+09 3.589484194910000224e+04 -0.000000000000000000e+00 -0.000000000000000000e+00 -0.000000000000000000e+00 -0.000000000000000000e+00
1.268444484349999905e+09 3.591551874059999682e+04 -0.000000000000000000e+00 -0.000000000000000000e+00 -0.000000000000000000e+00 -0.000000000000000000e+00
1.268366354009999990e+09 3.593619807939999737e+04 -0.000000000000000000e+00 -0.000000000000000000e+00 -0.000000000000000000e+00 -0.000000000000000000e+00
1.268288223680000067e+09 3.595687996610000118e+04 -0.000000000000000000e+00 -0.000000000000000000e+00 -0.000000000000000000e+00 -0.000000000000000000e+00
1.268210093339999914e+09 3.597756440100000327e+04 -0.000000000000000000e+00 -0.000000000000000000e+00 -0.000000000000000000e+00 -0.000000000000000000e+00
1.268131963000000000e+09 3.599825138470000093e+04 -0.000000000000000000e+00 -0.000000000000000000e+00 -0.000000000000000000e+00 -0.000000000000000000e+00
1.268053832660000086e+09 3.601894091759999719e+04 -0.000000000000000000e+00 -0.000000000000000000e+00 -0.000000000000000000e+00 -0.000000000000000000e+00
1.267975702329999924e+09 3.603963300029999664e+04 -0.000000000000000000e+00 -0.000000000000000000e+00 -0.000000000000000000e+00 -0.000000000000000000e+00
1.267897571990000010e+09 3.606032763310000155e+04 -0.000000000000000000e+00 -0.000000000000000000e+00 -0.000000000000000000e+00 -0.000000000000000000e+00
1.267819441650000095e+09 3.608102481650000118e+04 -0.000000000000000000e+00 -0.000000000000000000e+00 -0.000000000000000000e+00 -0.000000000000000000e+00
1.267741311309999943e+09 3.610172455110000010e+04 -0.000000000000000000e+00 -0.000000000000000000e+00 -0.000000000000000000e+00 -0.000000000000000000e+00
1.267663180970000029e+09 3.612242683730000135e+04 -0.000000000000000000e+00 -0.000000000000000000e+00 -0.000000000000000000e+00 -0.000000000000000000e+00
1.267585050640000105e+09 3.614313167550000071e+04 -0.000000000000000000e+00 -0.000000000000000000e+00 -0.000000000000000000e+00 -0.000000000000000000e+00
1.267506920299999952e+09 3.616383906620000198e+04 -0.000000000000000000e+00 -0.000000000000000000e+00 -0.000000000000000000e+00 -0.000000000000000000e+00
1.267428789960000038e+09 3.618454901000000245e+04 -0.000000000000000000e+00 -0.000000000000000000e+00 -0.000000000000000000e+00 -0.000000000000000000e+00
1.267350659619999886e+09 3.620526150719999714e+04 -0.000000000000000000e+00 -0.000000000000000000e+00 -0.000000000000000000e+00 -0.000000000000000000e+00
1.267272529289999962e+09 3.622597655839999788e+04 -0.000000000000000000e+00 -0.000000000000000000e+00 -0.000000000000000000e+00 -0.000000000000000000e+00
1.267194398950000048e+09 3.624669416400000046e+04 -0.000000000000000000e+00 -0.000000000000000000e+00 -0.000000000000000000e+00 -0.000000000000000000e+00
1.267116268609999895e+09 3.626741432450000138e+04 -0.000000000000000000e+00 -0.000000000000000000e+00 -0.000000000000000000e+00 -0.000000000000000000e+00
1.267038138269999981e+09 3.628813704039999720e+04 -0.000000000000000000e+00 -0.000000000000000000e+00 -0.000000000000000000e+00 -0.000000000000000000e+00
1.266960007940000057e+09 3.630886231199999747e+04 -0.000000000000000000e+00 -0.000000000000000000e+00 -0.000000000000000000e+00 -0.000000000000000000e+00
1.266881877599999905e+09 3.632959014010000101e+04 -0.000000000000000000e+00 -0.000000000000000000e+00 -0.000000000000000000e+00 -0.000000000000000000e+00
1.266803747259999990e+09 3.635032052490000206e+04 -0.000000000000000000e+00 -0.000000000000000000e+00 -0.000000000000000000e+00 -0.000000000000000000e+00
1.266725616920000076e+09 3.637105346689999715e+04 -0.000000000000000000e+00 -0.000000000000000000e+00 -0.000000000000000000e+00 -0.000000000000000000e+00
1.266647486579999924e+09 3.639178896669999813e+04 -0.000000000000000000e+00 -0.000000000000000000e+00 -0.000000000000000000e+00 -0.000000000000000000e+00
1.266569356250000000e+09 3.641252702470000077e+04 -0.000000000000000000e+00 -0.000000000000000000e+00 -0.000000000000000000e+00 -0.000000000000000000e+00
1.266491225910000086e+09 3.643326764130000083e+04 -0.000000000000000000e+00 -0.000000000000000000e+00 -0.000000000000000000e+00 -0.000000000000000000e+00
1.266413095569999933e+09 3.645401081719999638e+04 -0.000000000000000000e+00 -0.000000000000000000e+00 -0.000000000000000000e+00 -0.000000000000000000e+00
1.266334965230000019e+09 3.647475655260000349e+04 -0.000000000000000000e+00 -0.000000000000000000e+00 -0.000000000000000000e+00 -0.000000000000000000e+00
1.266256834900000095e+09 3.649550484809999762e+04 -0.000000000000000000e+00 -0.000000000000000000e+00 -0.000000000000000000e+00 -0.000000000000000000e+00
1.266178704559999943e+09 3.651625570429999789e+04 -0.000000000000000000e+00 -0.000000000000000000e+00 -0.000000000000000000e+00 -0.000000000000000000e+00
1.266100574220000029e+09 3.653700912139999855e+04 -0.000000000000000000e+00 -0.000000000000000000e+00 -0.000000000000000000e+00 -0.000000000000000000e+00
1.266022443880000114e+09 3.655776510009999765e+04 -0.000000000000000000e+00 -0.000000000000000000e+00 -0.000000000000000000e+00 -0.000000000000000000e+00
1.265944313539999962e+09 3.657852364079999825e+04 -0.000000000000000000e+00 -0.000000000000000000e+00 -0.000000000000000000e+00 -0.000000000000000000e+00
1.265866183210000038e+09 3.659928474390000338e+04 -0.000000000000000000e+00 -0.000000000000000000e+00 -0.000000000000000000e+00 -0.000000000000000000e+00
1.265788052869999886e+09 3.662004841000000306e+04 -0.000000000000000000e+00 -0.000000000000000000e+00 -0.000000000000000000e+00 -0.000000000000000000e+00
1.265709922529999971e+09 3.664081463950000034e+04 -0.000000000000000000e+00 -0.000000000000000000e+00 -0.000000000000000000e+00 -0.000000000000000000e+00
1.265631792190000057e+09 3.666158343289999902e+04 -0.000000000000000000e+00 -0.000000000000000000e+00 -0.000000000000000000e+00 -0.000000000000000000e+00
1.265553661859999895e+09 3.668235479070000292e+04 -0.000000000000000000e+00 -0.000000000000000000e+00 -0.000000000000000000e+00 -0.000000000000000000e+00
1.265475531519999981e+09 3.670312871330000053e+04 -0.000000000000000000e+00 -0.000000000000000000e+00 -0.000000000000000000e+00 -0.000000000000000000e+00
1.265397401180000067e+09 3.672390520120000292e+04 -0.000000000000000000e+00 -0.000000000000000000e+00 -0.000000000000000000e+00 -0.000000000000000000e+00
1.265319270839999914e+09 3.674468425500000012e+04 -0.000000000000000000e+00 -0.000000000000000000e+00 -0.000000000000000000e+00 -0.000000000000000000e+00
1.265241140509999990e+09 3.676546587500000169e+04 -0.000000000000000000e+00 -0.000000000000000000e+00 -0.000000000000000000e+00 -0.000000000000000000e+00
1.265163010170000076e+09 3.678625006169999688e+04 -0.000000000000000000e+00 -0.000000000000000000e+00 -0.000000000000000000e+00 -0.000000000000000000e+00
1.265084879829999924e+09 3.680703681569999753e+04 -0.000000000000000000e+00 -0.000000000000000000e+00 -0.000000000000000000e+00 -0.000000000000000000e+00
1.265006749490000010e+09 3.682782613729999866e+04 -0.000000000000000000e+00 -0.000000000000000000e+00 -0.000000000000000000e+00 -0.000000000000000000e+00
1.264928619150000095e+09 3.684861802709999756e+04 -0.000000000000000000e+00 -0.000000000000000000e+00 -0.000000000000000000e+00 -0.000000000000000000e+00
1.264850488819999933e+09 3.686941248559999804e+04 -0.000000000000000000e+00 -0.000000000000000000e+00 -0.000000000000000000e+00 -0.000000000000000000e+00
1.264772358480000019e+09 3.689020951320000313e+04 -0.000000000000000000e+00 -0.000000000000000000e+00 -0.000000000000000000e+00 -0.000000000000000000e+00
1.264694228140000105e+09 3.691100911040000210e+04 -0.000000000000000000e+00 -0.000000000000000000e+00 -0.000000000000000000e+00 -0.000000000000000000e+00
1.264616097799999952e+09 3.693181127769999875e+04 -0.000000000000000000e+00 -0.000000000000000000e+00 -0.000000000000000000e+00 -0.000000000000000000e+00
1.264537967470000029e+09 3.695261601550000341e+04 -9.867437183859999877e-04 -6.648775402839999637e-04 7.960856524569999730e-04 5.363406234489999499e-04
1.264459837130000114e+09 3.697342332429999806e+04 -3.472857177259999848e-03 -1.626169722100000029e-03 2.804648065119999967e-03 1.312300735109999967e-03
1.264381706789999962e+09 3.699423320470000181e+04 -2.782550640399999910e-03 -1.691822667760000017e-03 2.246536012719999899e-03 1.365318110470000032e-03
1.264303576450000048e+09 3.701504565700000239e+04 8.301012567239999954e-04 -1.285544916039999940e-03 -6.692190796689999983e-04 1.037277715790000049e-03
1.264225446109999895e+09 3.703586068179999711e+04 3.473970573400000060e-03 -6.399065568970000210e-07 -2.797699409780000143e-03 5.160588645729999865e-07
1.264147315779999971e+09 3.705667827959999704e+04 7.347382605080000385e-03 -1.127624089900000019e-03 -5.907880665629999806e-03 9.097969161309999884e-04
1.264069185440000057e+09 3.707749845069999719e+04 6.429010536520000062e-03 -2.217252487439999890e-04 -5.171342248309999945e-03 1.788284253669999947e-04
1.263991055099999905e+09 3.709832119580000290e+04 -1.862140139560000034e-03 -8.877000367580000200e-04 1.502869376070000004e-03 7.161505154920000307e-04
1.263912924759999990e+09 3.711914651520000189e+04 -7.670100778340000099e-03 -1.100782102590000099e-03 6.204835994220000289e-03 8.881304714720000002e-04
1.263834794430000067e+09 3.713997440939999797e+04 -7.699278183280000055e-03 -4.820727200739999675e-05 6.228513126500000337e-03 3.887796893050000273e-05
1.263756664089999914e+09 3.716080487900000298e+04 -3.482325701040000013e-03 -2.157609916980000181e-03 2.812305521839999784e-03 1.741540648699999938e-03
1.263678533750000000e+09 3.718163792429999739e+04 9.959435556079999311e-04 -2.899637448259999913e-03 -8.028657736099999989e-04 2.341178630800000091e-03
1.263600403410000086e+09 3.720247354600000108e+04 2.239601919429999935e-03 -3.652322552040000031e-03 -1.804519152779999894e-03 2.949796648590000039e-03
1.263522273079999924e+09 3.722331174440000177e+04 1.849832362500000108e-03 -2.021451264299999918e-03 -1.490703259069999951e-03 1.631548858050000002e-03
1.263444142740000010e+09 3.724415252000000328e+04 -7.712943479420000326e-04 -1.861721612609999884e-04 6.222111988419999499e-04 1.501515830219999877e-04
1.263366012400000095e+09 3.726499587340000289e+04 -7.284602033910000073e-04 -7.189908952300000204e-04 5.876462924299999651e-04 5.800052190120000241e-04
1.263287882059999943e+09 3.728584180490000290e+04 1.659369911069999990e-03 -1.368262439280000043e-03 -1.337320042129999925e-03 1.104057510129999959e-03
1.263209751720000029e+09 3.730669031510000059e+04 2.919695572929999813e-03 -1.108039411010000022e-03 -2.351848509990000016e-03 8.939884143459999677e-04
1.263131621390000105e+09 3.732754140449999977e+04 1.281355507670000086e-03 -1.245143899939999896e-03 -1.032827790690000070e-03 1.004662649929999926e-03
1.263053491049999952e+09 3.734839507350000349e+04 -6.458659190680000059e-04 -1.605390666029999974e-03 5.210004128539999892e-04 1.295521403139999897e-03
1.262975360710000038e+09 3.736925132260000100e+04 -8.620817679910000066e-04 -1.277120932409999982e-03 6.954758315769999462e-04 1.030477086660000052e-03
1.262897230369999886e+09 3.739011015220000263e+04 -2.933910873249999840e-04 -1.623236939300000100e-03 2.366360300230000119e-04 1.309932461469999997e-03
1.262819100039999962e+09 3.741097156299999915e+04 -2.248169330410000090e-04 -2.297154939620000115e-04 1.813221926109999946e-04 1.852734078559999901e-04
1.262740969700000048e+09 3.743183555519999936e+04 1.771069364619999944e-04 -2.534605061369999898e-03 -1.428193748720000080e-04 2.046148302349999875e-03
1.262662839359999895e+09 3.745270212950000132e+04 5.580803845079999534e-04 -2.645432907279999905e-03 -4.499679853200000260e-04 2.135713552250000091e-03
1.262584709019999981e+09 3.747357128630000079e+04 2.136591647289999942e-04 -1.768649598709999939e-03 -1.722926230889999886e-04 1.427362494540000042e-03
1.262506578680000067e+09 3.749444302610000159e+04 -6.803012365710000577e-05 -1.689308434759999962e-03 5.486504557420000334e-05 1.363287715169999963e-03
1.262428448349999905e+09 3.751531734929999948e+04 -1.130453660149999999e-03 -1.319236190440000031e-03 9.120809296319999692e-04 1.064476932620000071e-03
1.262350318009999990e+09 3.753619425649999903e+04 -2.480654045940000173e-03 -3.164252919409999733e-04 2.002550825360000040e-03 2.552167524280000098e-04
1.262272187670000076e+09 3.755707374810000329e+04 -2.264627022669999951e-03 -1.959398192159999934e-03 1.827999783870000016e-03 1.581425109100000103e-03
1.262194057329999924e+09 3.757795582460000151e+04 -1.537462347189999913e-03 -2.021252258969999816e-03 1.240670451910000013e-03 1.631388106260000040e-03
1.262115927000000000e+09 3.759884048649999750e+04 -9.593400754969999686e-04 -1.469724435040000061e-03 7.739683680570000118e-04 1.185976246639999917e-03
1.262037796660000086e+09 3.761972773420000158e+04 -1.652656646909999921e-04 -3.758319642810000198e-04 1.332889503340000130e-04 3.031392055999999825e-04
1.261959666319999933e+09 3.764061756820000301e+04 9.578682365830000012e-04 -3.883693432059999912e-05 -7.721837426809999945e-04 3.132090570230000126e-05
1.261881535980000019e+09 3.766150998909999907e+04 1.907064812259999910e-03 -6.375037358229999548e-04 -1.536789097640000028e-03 5.142531589560000527e-04
1.261803405650000095e+09 3.768240499730000010e+04 1.789656816980000073e-03 -1.991718176580000148e-03 -1.442245232419999898e-03 1.607531460889999927e-03
1.261725275309999943e+09 3.770330259330000263e+04 2.553970552979999923e-04 -1.057436998529999927e-03 -2.059461769229999962e-04 8.531439525759999592e-04
1.261647144970000029e+09 3.772420277750000241e+04 -1.172693097029999963e-03 -1.103439678100000092e-03 9.461769903259999864e-04 8.902756051420000370e-04
1.261569014630000114e+09 3.774510555049999675e+04 4.865130176769999959e-05 -7.273192596509999537e-04 -3.923453553250000260e-05 5.867256270520000228e-04
1.261490884289999962e+09 3.776601091270000325e+04 2.240329980849999850e-03 -3.884004108199999887e-05 -1.805105246099999962e-03 3.132341125799999724e-05
1.261412753960000038e+09 3.778691886459999660e+04 2.787847071890000011e-03 -2.912951301790000008e-05 -2.245762184199999976e-03 2.349204887029999976e-05
1.261334623619999886e+09 3.780782940660000168e+04 2.055460121479999944e-03 -3.594229565149999932e-04 -1.656272994539999916e-03 2.899020806599999773e-04
1.261256493279999971e+09 3.782874253940000199e+04 1.443986198860000049e-03 -1.110863629750000105e-03 -1.163838886000000085e-03 8.962680720970000060e-04
1.261178362940000057e+09 3.784965826329999982e+04 8.984287269409999607e-04 -9.829163201469999674e-04 -7.242840381750000056e-04 7.929965572920000044e-04
1.261100232609999895e+09 3.787057657879999897e+04 1.511869340899999956e-04 -1.440592333059999915e-04 -1.219187091200000047e-04 1.161846885709999933e-04
1.261022102269999981e+09 3.789149748640000325e+04 4.164980491620000010e-04 -4.476166645740000164e-04 -3.358324166159999918e-04 3.610498887880000170e-04
1.260943971930000067e+09 3.791242098670000269e+04 1.980542903769999877e-03 -3.930983519050000228e-04 -1.595953457690000047e-03 3.170681669379999843e-04
1.260865841589999914e+09 3.793334707999999955e+04 2.605540910739999848e-03 -3.022557845260000165e-04 -2.099058692680000164e-03 2.437867669080000092e-04
1.260787711250000000e+09 3.795427576679999765e+04 2.062119310719999976e-04 -7.439468194540000399e-05 -1.662877473009999872e-04 5.999809895400000012e-05
1.260709580920000076e+09 3.797520704780000233e+04 -2.999044023449999943e-03 -1.647565642910000009e-04 2.421537143880000010e-03 1.328783268289999910e-04
1.260631450579999924e+09 3.799614092320000054e+04 -4.838629625740000287e-03 -5.145590888239999987e-05 3.909792186219999965e-03 4.149796833870000233e-05
1.260553320240000010e+09 3.801707739359999687e+04 -5.559787619860000196e-03 -8.260255580179999514e-04 4.493825753059999678e-03 6.663781513269999984e-04
1.260475189900000095e+09 3.803801645950000238e+04 -5.639058537779999963e-03 -6.154538417259999535e-04 4.558044532340000017e-03 4.964618233489999973e-04
1.260397059569999933e+09 3.805895812139999907e+04 -5.121994297950000115e-03 -6.465091153400000018e-04 4.139235865460000330e-03 5.215193950609999917e-04
1.260318929230000019e+09 3.807990237979999802e+04 -3.777477191759999811e-03 -1.224653772680000087e-03 3.051032091620000178e-03 9.881217187999999981e-04
1.260240798890000105e+09 3.810084923500000150e+04 -1.299175433809999928e-03 -1.487485790169999940e-03 1.048281645229999937e-03 1.200317161090000070e-03
1.260162668549999952e+09 3.812179868770000030e+04 7.045339792969999848e-03 -1.677517757320000011e-03 -5.665700873079999866e-03 1.353766084549999985e-03
1.260084538220000029e+09 3.814275073829999747e+04 1.216845028100000010e-02 -1.953593208420000005e-03 -9.765524182700000347e-03 1.576736226450000051e-03
1.260006407880000114e+09 3.816370538729999680e+04 5.171799566599999919e-03 -1.797560430240000007e-03 -4.162173096710000166e-03 1.450711485600000026e-03
1.259928277539999962e+09 3.818466263510000135e+04 -1.080580987039999902e-03 -1.091826086060000006e-03 8.718247472649999800e-04 8.809014153389999697e-04
1.259850147200000048e+09 3.820562248230000114e+04 -2.637820783999999825e-03 -5.902173596840000225e-05 2.129561577059999912e-03 4.759977340190000038e-05
1.259772016859999895e+09 3.822658492939999996e+04 -2.775706816460000049e-03 -4.351531143830000056e-04 2.241004347920000101e-03 3.509949610060000185e-04
1.259693886529999971e+09 3.824754997670000012e+04 -1.936262706290000019e-03 -1.965731239049999923e-04 1.562737921689999953e-03 1.585408330580000071e-04
1.259615756190000057e+09 3.826851762489999965e+04 -1.010946929450000017e-03 -9.831627898870000902e-04 8.156202980219999553e-04 7.931954828639999891e-04
1.259537625849999905e+09 3.828948787430000084e+04 4.048251430500000012e-04 -4.135189222259999737e-04 -3.264218070410000250e-04 3.335418882839999823e-04
1.259459495509999990e+09 3.831046072560000175e+04 1.723798923190000051e-03 -2.753065707940000203e-04 -1.389208645860000096e-03 2.220482543880000032e-04
1.259381365180000067e+09 3.833143617899999663e+04 1.378893386569999928e-03 -6.674502407989999766e-04 -1.111403853339999965e-03 5.384165174990000356e-04
1.259303234839999914e+09 3.835241423519999807e+04 9.350120672019999720e-05 -1.043817128989999940e-03 -7.540209499370000674e-05 8.421507647990000150e-04
1.259225104500000000e+09 3.837339489470000262e+04 2.433040936009999911e-05 -2.526580641779999970e-04 -1.962129762800000164e-05 2.037792614260000037e-04
1.259146974160000086e+09 3.839437815779999801e+04 -3.695665218400000229e-04 -4.141866170379999946e-04 2.980848607610000209e-04 3.340805368949999752e-04
1.259068843819999933e+09 3.841536402519999683e+04 -1.259617391040000062e-03 -7.211135468309999748e-04 1.016346735400000013e-03 5.817180462190000385e-04
1.258990713490000010e+09 3.843635249720000138e+04 -2.908735768870000077e-04 -1.763800051980000049e-04 2.346052813459999990e-04 1.422534509520000069e-04
1.258912583150000095e+09 3.845734357430000091e+04 1.410202356060000000e-03 -2.186988316110000054e-04 -1.136624904909999938e-03 1.763873089510000001e-04
1.258834452809999943e+09 3.847833725720000075e+04 1.121811568740000093e-03 -8.178929195679999478e-04 -9.042866229799999657e-04 6.598151572109999799e-04
1.258756322470000029e+09 3.849933354610000242e+04 -7.593989721500000090e-05 -8.017757316290000189e-04 6.124432805620000147e-05 6.468088032149999552e-04
1.258678192140000105e+09 3.852033244169999671e+04 4.820083267989999946e-05 -7.034568291530000385e-04 -3.887126463779999673e-05 5.674704340030000283e-04
1.258600061799999952e+09 3.854133394440000120e+04 9.530964307490000101e-04 -8.619625031359999566e-04 -7.683384374929999724e-04 6.953795823889999655e-04
1.258521931460000038e+09 3.856233805469999788e+04 1.149403164160000060e-03 -4.622995211670000181e-04 -9.265177678829999899e-04 3.728953643600000029e-04
1.258443801119999886e+09 3.858334477299999708e+04 3.593727014960000155e-04 -5.980708210999999752e-04 -2.897775449060000018e-04 4.824362578490000051e-04
1.258365670779999971e+09 3.860435409990000335e+04 -5.038217059339999493e-04 -1.063350201130000040e-03 4.063943755130000070e-04 8.579167926390000257e-04
1.258287540450000048e+09 3.862536603589999868e+04 -2.805861877280000152e-04 -7.320318715529999755e-04 2.263070063079999938e-04 5.905283955140000181e-04
1.258209410109999895e+09 3.864638058140000066e+04 -2.173162793039999901e-04 -2.018907344480000096e-04 1.752721404260000095e-04 1.628299598200000050e-04
1.258131279769999981e+09 3.866739773689999856e+04 -3.690799931060000181e-04 -6.634909322459999923e-04 2.976923781360000056e-04 5.352217809090000118e-04
1.258053149430000067e+09 3.868841750290000346e+04 -5.154552636669999669e-04 -7.979106183560000394e-05 4.157802264489999936e-04 6.435033145000000664e-05
1.257975019099999905e+09 3.870943987989999732e+04 -2.150475047530000117e-03 -1.331938443470000047e-03 1.735776652430000072e-03 1.074731748160000092e-03
1.257896888759999990e+09 3.873046486839999852e+04 -2.850404940549999822e-03 -4.716964820730000269e-04 2.301382335290000011e-03 3.804764880570000139e-04
1.257818758420000076e+09 3.875149246890000359e+04 -1.023286953570000076e-03 -7.217831833690000354e-04 8.255801976250000439e-04 5.822583953619999688e-04
1.257740628079999924e+09 3.877252268180000101e+04 9.018752607519999690e-04 -1.282158718680000099e-03 -7.270615118909999489e-04 1.034544054340000036e-03
1.257662497750000000e+09 3.879355550760000187e+04 1.902255462480000091e-03 -8.333069438349999768e-04 -1.532916500189999932e-03 6.722542258349999567e-04
1.257584367410000086e+09 3.881459094690000347e+04 1.605830853800000032e-03 -1.310103714170000010e-04 -1.294199733299999933e-03 1.056601424009999965e-04
1.257506237069999933e+09 3.883562900010000158e+04 6.191558204590000324e-04 -2.396120997759999902e-03 -4.991994817449999866e-04 1.934244021670000107e-03
1.257428106730000019e+09 3.885666966759999923e+04 2.001725079029999927e-04 -2.431432620839999934e-03 -1.614179950100000014e-04 1.962776958679999812e-03
1.257349976390000105e+09 3.887771295010000176e+04 5.007558502260000361e-04 -1.024349902940000032e-03 -4.037577988460000142e-04 8.264381316239999796e-04
1.257271846059999943e+09 3.889875884799999767e+04 8.490124309900000182e-05 -2.229235956689999991e-04 -6.846707139069999927e-05 1.797950169520000070e-04
1.257193715720000029e+09 3.891980736169999727e+04 4.853689461019999852e-04 -1.683005333600000059e-03 -3.913538158679999955e-04 1.358197597629999965e-03
1.257115585380000114e+09 3.894085849169999710e+04 4.145476559639999967e-04 -2.547262525260000215e-03 -3.342600303739999882e-04 2.056376994760000017e-03
1.257037455039999962e+09 3.896191223860000173e+04 -9.698115754869999616e-04 -1.588989899810000017e-03 7.824197831409999840e-04 1.282277790480000103e-03
1.256959324710000038e+09 3.898296860279999964e+04 -2.047133166339999959e-03 -2.300322110309999894e-04 1.652294306759999895e-03 1.855288747089999912e-04
1.256881194369999886e+09 3.900402758490000269e+04 -1.645807060409999918e-03 -1.227876519880000085e-03 1.328158375350000069e-03 9.907233067369999435e-04
1.256803064029999971e+09 3.902508918519999861e+04 -1.256106042999999989e-04 -2.213593197109999899e-04 1.013049981730000025e-04 1.785332656820000070e-04
1.256724933690000057e+09 3.904615340429999924e+04 9.158607572319999801e-04 -9.977830366080000222e-05 -7.383319877289999927e-04 8.047040001189999421e-05
1.256646803349999905e+09 3.906722024280000187e+04 1.015036948959999966e-03 -5.388147403900000500e-04 -8.182513463819999968e-04 4.346267105990000209e-04
1.256568673019999981e+09 3.908828970090000075e+04 4.452932917049999789e-04 -3.228248968780000200e-04 -3.590465470370000261e-04 2.603791053930000271e-04
1.256490542680000067e+09 3.910936177940000198e+04 -0.000000000000000000e+00 -0.000000000000000000e+00 -0.000000000000000000e+00 -0.000000000000000000e+00
1.256412412339999914e+09 3.913043647849999979e+04 -0.000000000000000000e+00 -0.000000000000000000e+00 -0.000000000000000000e+00 -0.000000000000000000e+00
1.256334282000000000e+09 3.915151379900000029e+04 -0.000000000000000000e+00 -0.000000000000000000e+00 -0.000000000000000000e+00 -0.000000000000000000e+00
1.256256151670000076e+09 3.917259374109999771e+04 -0.000000000000000000e+00 -0.000000000000000000e+00 -0.000000000000000000e+00 -0.000000000000000000e+00
1.256178021329999924e+09 3.919367630549999740e+04 -0.000000000000000000e+00 -0.000000000000000000e+00 -0.000000000000000000e+00 -0.000000000000000000e+00
1.256099890990000010e+09 3.921476149250000162e+04 -0.000000000000000000e+00 -0.000000000000000000e+00 -0.000000000000000000e+00 -0.000000000000000000e+00
1.256021760650000095e+09 3.923584930280000117e+04 -0.000000000000000000e+00 -0.000000000000000000e+00 -0.000000000000000000e+00 -0.000000000000000000e+00
1.255943630319999933e+09 3.925693973669999832e+04 -0.000000000000000000e+00 -0.000000000000000000e+00 -0.000000000000000000e+00 -0.000000000000000000e+00
1.255865499980000019e+09 3.927803279479999765e+04 -0.000000000000000000e+00 -0.000000000000000000e+00 -0.000000000000000000e+00 -0.000000000000000000e+00
1.255787369640000105e+09 3.929912847750000219e+04 -0.000000000000000000e+00 -0.000000000000000000e+00 -0.000000000000000000e+00 -0.000000000000000000e+00
1.255709239299999952e+09 3.932022678540000197e+04 -0.000000000000000000e+00 -0.000000000000000000e+00 -0.000000000000000000e+00 -0.000000000000000000e+00
1.255631108960000038e+09 3.934132771900000080e+04 -0.000000000000000000e+00 -0.000000000000000000e+00 -0.000000000000000000e+00 -0.000000000000000000e+00
1.255552978630000114e+09 3.936243127870000171e+04 -0.000000000000000000e+00 -0.000000000000000000e+00 -0.000000000000000000e+00 -0.000000000000000000e+00
1.255474848289999962e+09 3.938353746500000125e+04 -0.000000000000000000e+00 -0.000000000000000000e+00 -0.000000000000000000e+00 -0.000000000000000000e+00
1.255396717950000048e+09 3.940464627840000321e+04 -0.000000000000000000e+00 -0.000000000000000000e+00 -0.000000000000000000e+00 -0.000000000000000000e+00
1.255318587609999895e+09 3.942575771939999686e+04 -0.000000000000000000e+00 -0.000000000000000000e+00 -0.000000000000000000e+00 -0.000000000000000000e+00
1.255240457279999971e+09 3.944687178850000055e+04 -0.000000000000000000e+00 -0.000000000000000000e+00 -0.000000000000000000e+00 -0.000000000000000000e+00
1.255162326940000057e+09 3.946798848620000354e+04 -0.000000000000000000e+00 -0.000000000000000000e+00 -0.000000000000000000e+00 -0.000000000000000000e+00
1.255084196599999905e+09 3.948910781290000159e+04 -0.000000000000000000e+00 -0.000000000000000000e+00 -0.000000000000000000e+00 -0.000000000000000000e+00
1.255006066259999990e+09 3.951022976930000004e+04 -0.000000000000000000e+00 -0.000000000000000000e+00 -0.000000000000000000e+00 -0.000000000000000000e+00
1.254927935920000076e+09 3.953135435570000118e+04 -0.000000000000000000e+00 -0.000000000000000000e+00 -0.000000000000000000e+00 -0.000000000000000000e+00
1.254849805589999914e+09 3.955248157260000153e+04 -0.000000000000000000e+00 -0.000000000000000000e+00 -0.000000000000000000e+00 -0.000000000000000000e+00
1.254771675250000000e+09 3.957361142059999838e+04 -0.000000000000000000e+00 -0.000000000000000000e+00 -0.000000000000000000e+00 -0.000000000000000000e+00
1.254693544910000086e+09 3.959474390010000207e+04 -0.000000000000000000e+00 -0.000000000000000000e+00 -0.000000000000000000e+00 -0.000000000000000000e+00
1.254615414569999933e+09 3.961587901160000183e+04 -0.000000000000000000e+00 -0.000000000000000000e+00 -0.000000000000000000e+00 -0.000000000000000000e+00
1.254537284240000010e+09 3.963701675560000149e+04 -0.000000000000000000e+00 -0.000000000000000000e+00 -0.000000000000000000e+00 -0.000000000000000000e+00
1.254459153900000095e+09 3.965815713269999833e+04 -0.000000000000000000e+00 -0.000000000000000000e+00 -0.000000000000000000e+00 -0.000000000000000000e+00
1.254381023559999943e+09 3.967930014320000191e+04 -0.000000000000000000e+00 -0.000000000000000000e+00 -0.000000000000000000e+00 -0.000000000000000000e+00
1.254302893220000029e+09 3.970044578770000226e+04 -0.000000000000000000e+00 -0.000000000000000000e+00 -0.000000000000000000e+00 -0.000000000000000000e+00
1.254224762890000105e+09 3.972159406670000317e+04 -0.000000000000000000e+00 -0.000000000000000000e+00 -0.000000000000000000e+00 -0.000000000000000000e+00
1.254146632549999952e+09 3.974274498070000118e+04 -0.000000000000000000e+00 -0.000000000000000000e+00 -0.000000000000000000e+00 -0.000000000000000000e+00
1.254068502210000038e+09 3.976389853020000010e+04 -0.000000000000000000e+00 -0.000000000000000000e+00 -0.000000000000000000e+00 -0.000000000000000000e+00
1.253990371869999886e+09 3.978505471560000296e+04 -0.000000000000000000e+00 -0.000000000000000000e+00 -0.000000000000000000e+00 -0.000000000000000000e+00
1.253912241529999971e+09 3.980621353749999980e+04 -0.000000000000000000e+00 -0.000000000000000000e+00 -0.000000000000000000e+00 -0.000000000000000000e+00
1.253834111200000048e+09 3.982737499630000093e+04 -0.000000000000000000e+00 -0.000000000000000000e+00 -0.000000000000000000e+00 -0.000000000000000000e+00
1.253755980859999895e+09 3.984853909250000288e+04 -0.000000000000000000e+00 -0.000000000000000000e+00 -0.000000000000000000e+00 -0.000000000000000000e+00
1.253677850519999981e+09 3.986970582670000294e+04 -0.000000000000000000e+00 -0.000000000000000000e+00 -0.000000000000000000e+00 -0.000000000000000000e+00
1.253599720180000067e+09 3.989087519929999689e+04 -0.000000000000000000e+00 -0.000000000000000000e+00 -0.000000000000000000e+00 -0.000000000000000000e+00
1.253521589849999905e+09 3.991204721080000309e+04 -0.000000000000000000e+00 -0.000000000000000000e+00 -0.000000000000000000e+00 -0.000000000000000000e+00
1.253443459509999990e+09 3.993322186179999699e+04 -0.000000000000000000e+00 -0.000000000000000000e+00 -0.000000000000000000e+00 -0.000000000000000000e+00
1.253365329170000076e+09 3.995439915260000271e+04 -0.000000000000000000e+00 -0.000000000000000000e+00 -0.000000000000000000e+00 -0.000000000000000000e+00
1.253287198829999924e+09 3.997557908380000299e+04 -0.000000000000000000e+00 -0.000000000000000000e+00 -0.000000000000000000e+00 -0.000000000000000000e+00
1.253209068490000010e+09 3.999676165600000240e+04 -0.000000000000000000e+00 -0.000000000000000000e+00 -0.000000000000000000e+00 -0.000000000000000000e+00
1.253130938160000086e+09 4.001794686950000323e+04 -0.000000000000000000e+00 -0.000000000000000000e+00 -0.000000000000000000e+00 -0.000000000000000000e+00
