1.180075416500000000e+09 6.105476031810000131e+04 -0.000000000000000000e+00 -0.000000000000000000e+00 -0.000000000000000000e+00 -0.000000000000000000e+00
1.179997297599999905e+09 6.107864934499999799e+04 -0.000000000000000000e+00 -0.000000000000000000e+00 -0.000000000000000000e+00 -0.000000000000000000e+00
1.179919178700000048e+09 6.110254153519999818e+04 -0.000000000000000000e+00 -0.000000000000000000e+00 -0.000000000000000000e+00 -0.000000000000000000e+00
1.179841059799999952e+09 6.112643688919999840e+04 -0.000000000000000000e+00 -0.000000000000000000e+00 -0.000000000000000000e+00 -0.000000000000000000e+00
1.179762940910000086e+09 6.115033540779999748e+04 -0.000000000000000000e+00 -0.000000000000000000e+00 -0.000000000000000000e+00 -0.000000000000000000e+00
1.179684822009999990e+09 6.117423709139999846e+04 -0.000000000000000000e+00 -0.000000000000000000e+00 -0.000000000000000000e+00 -0.000000000000000000e+00
1.179606703109999895e+09 6.119814194080000016e+04 -0.000000000000000000e+00 -0.000000000000000000e+00 -0.000000000000000000e+00 -0.000000000000000000e+00
1.179528584210000038e+09 6.122204995659999986e+04 -0.000000000000000000e+00 -0.000000000000000000e+00 -0.000000000000000000e+00 -0.000000000000000000e+00
1.179450465309999943e+09 6.124596113940000214e+04 -0.000000000000000000e+00 -0.000000000000000000e+00 -0.000000000000000000e+00 -0.000000000000000000e+00
1.179372346410000086e+09 6.126987548989999777e+04 -0.000000000000000000e+00 -0.000000000000000000e+00 -0.000000000000000000e+00 -0.000000000000000000e+00
1.179294227519999981e+09 6.129379300859999785e+04 -0.000000000000000000e+00 -0.000000000000000000e+00 -0.000000000000000000e+00 -0.000000000000000000e+00
1.179216108619999886e+09 6.131771369620000041e+04 -0.000000000000000000e+00 -0.000000000000000000e+00 -0.000000000000000000e+00 -0.000000000000000000e+00
1.179137989720000029e+09 6.134163755340000353e+04 -0.000000000000000000e+00 -0.000000000000000000e+00 -0.000000000000000000e+00 -0.000000000000000000e+00
1.179059870819999933e+09 6.136556458069999644e+04 -0.000000000000000000e+00 -0.000000000000000000e+00 -0.000000000000000000e+00 -0.000000000000000000e+00
1.178981751920000076e+09 6.138949477879999904e+04 -0.000000000000000000e+00 -0.000000000000000000e+00 -0.000000000000000000e+00 -0.000000000000000000e+00
1.178903633019999981e+09 6.141342814840000210e+04 -0.000000000000000000e+00 -0.000000000000000000e+00 -0.000000000000000000e+00 -0.000000000000000000e+00
1.178825514119999886e+09 6.143736469000000216e+04 -0.000000000000000000e+00 -0.000000000000000000e+00 -0.000000000000000000e+00 -0.000000000000000000e+00
1.178747395230000019e+09 6.146130440419999650e+04 -0.000000000000000000e+00 -0.000000000000000000e+00 -0.000000000000000000e+00 -0.000000000000000000e+00
1.178669276329999924e+09 6.148524729179999849e+04 -0.000000000000000000e+00 -0.000000000000000000e+00 -0.000000000000000000e+00 -0.000000000000000000e+00
1.178591157430000067e+09 6.150919335339999816e+04 -0.000000000000000000e+00 -0.000000000000000000e+00 -0.000000000000000000e+00 -0.000000000000000000e+00
1.178513038529999971e+09 6.153314258949999930e+04 -0.000000000000000000e+00 -0.000000000000000000e+00 -0.000000000000000000e+00 -0.000000000000000000e+00
1.178434919630000114e+09 6.155709500079999998e+04 -0.000000000000000000e+00 -0.000000000000000000e+00 -0.000000000000000000e+00 -0.000000000000000000e+00
1.178356800730000019e+09 6.158105058789999748e+04 -0.000000000000000000e+00 -0.000000000000000000e+00 -0.000000000000000000e+00 -0.000000000000000000e+00
1.178278681839999914e+09 6.160500935159999790e+04 1.113193284250000008e-04 -2.727517125819999759e-04 -2.359639105070000190e-03 5.805170105700000090e-03
1.178200562940000057e+09 6.162897129229999700e+04 -5.407253047449999978e-04 -3.956362308030000213e-04 1.154165315259999929e-02 8.431661802570000058e-03
1.178122444039999962e+09 6.165293641080000089e+04 -1.236226758919999969e-03 -1.461112319739999972e-03 2.658556096629999949e-02 3.149872738690000229e-02
1.178044325140000105e+09 6.167690470759999880e+04 -3.388719633219999978e-04 -2.309718553420000086e-04 7.217544382879999623e-03 4.913750834739999927e-03
1.177966206240000010e+09 6.170087618340000336e+04 1.603771233929999866e-04 -1.862906065409999955e-04 -3.397753706230000146e-03 3.961305678460000021e-03
1.177888087339999914e+09 6.172485083889999805e+04 -2.501672133800000151e-05 -1.860281283490000117e-07 5.310472918749999582e-04 3.947907522550000413e-06
1.177809968440000057e+09 6.174882867460000125e+04 3.675322514029999844e-04 -1.876434069739999974e-04 -7.769529640139999881e-03 3.990129254609999995e-03
1.177731849549999952e+09 6.177280969119999645e+04 8.752170251680000280e-04 -1.472554176919999968e-03 -1.840351808859999952e-02 3.174934879369999824e-02
1.177653730650000095e+09 6.179679388940000354e+04 6.216729525479999839e-04 -1.060781513509999937e-03 -1.310690743729999927e-02 2.276922945399999926e-02
1.177575611750000000e+09 6.182078126969999721e+04 -1.120724598880000087e-03 -1.136210488120000060e-03 2.407149002789999923e-02 2.440819604230000037e-02
1.177497492849999905e+09 6.184477183279999736e+04 -2.332463394849999816e-03 -2.680080546399999947e-03 5.076677349730000094e-02 5.855838430799999855e-02
1.177419373950000048e+09 6.186876557940000203e+04 -1.841777469959999906e-03 -2.343184889649999828e-03 3.987068496249999983e-02 5.100618364380000297e-02
1.177341255049999952e+09 6.189276251000000047e+04 -1.485851360480000072e-03 -2.352302544079999929e-03 3.204068803860000286e-02 5.120982526609999669e-02
1.177263136160000086e+09 6.191676262529999804e+04 -1.523338840340000009e-03 -2.378107131969999996e-03 3.286249019490000006e-02 5.178639224139999775e-02
1.177185017259999990e+09 6.194076592589999927e+04 -1.021552481689999960e-03 -1.453488327180000065e-03 2.191789784160000018e-02 3.133176700510000023e-02
1.177106898359999895e+09 6.196477241260000301e+04 -2.903468557629999879e-04 -2.563808489419999856e-04 6.180819786799999875e-03 5.455785012629999799e-03
1.177028779460000038e+09 6.198878208579999773e+04 7.389141828749999944e-04 -8.999332551080000504e-04 -1.555959880629999986e-02 1.928316669039999848e-02
1.176950660559999943e+09 6.201279494620000332e+04 1.671647187320000070e-03 -2.267683682840000194e-03 -3.486102501410000276e-02 4.932146566139999910e-02
1.176872541660000086e+09 6.203681099450000329e+04 1.486272318289999896e-03 -1.657325361369999970e-03 -3.105453486520000014e-02 3.580528152830000227e-02
1.176794422759999990e+09 6.206083023130000220e+04 9.613129077480000052e-04 -1.012059727289999975e-03 -2.019572481229999980e-02 2.171199902399999909e-02
1.176716303869999886e+09 6.208485265729999810e+04 7.706629694439999859e-04 -6.063755396140000026e-04 -1.622275093949999969e-02 1.295205375949999918e-02
1.176638184970000029e+09 6.210887827300000208e+04 1.268470194190000075e-03 -1.211536076610000064e-03 -2.656359100649999944e-02 2.604760128279999878e-02
1.176560066069999933e+09 6.213290707919999841e+04 2.464586636049999942e-03 -3.007588433069999841e-03 -5.098166634730000313e-02 6.595522142989999892e-02
1.176481947170000076e+09 6.215693907639999816e+04 2.845625160260000213e-03 -3.600371632509999885e-03 -5.863678591919999766e-02 7.948410063270000547e-02
1.176403828269999981e+09 6.218097426519999863e+04 2.505495445800000158e-03 -2.819466779009999809e-03 -5.180634394240000301e-02 6.169976756290000003e-02
1.176325709369999886e+09 6.220501264639999863e+04 2.138411160559999975e-03 -2.103381741310000018e-03 -4.438187686469999976e-02 4.566504621820000054e-02
1.176247590480000019e+09 6.222905422060000274e+04 1.701390603560000046e-03 -1.956614533919999975e-03 -3.547043007669999776e-02 4.241011650559999707e-02
1.176169471579999924e+09 6.225309898830000020e+04 1.684864517300000038e-03 -1.872095434249999944e-03 -3.513187727349999928e-02 4.054049027969999774e-02
1.176091352680000067e+09 6.227714695020000363e+04 2.041339874269999799e-03 -2.644516240049999811e-03 -4.240930995040000095e-02 5.775844008650000277e-02
1.176013233779999971e+09 6.230119810709999729e+04 2.498411107809999938e-03 -3.846789248549999790e-03 -5.166357999050000260e-02 8.516230708090000157e-02
1.175935114880000114e+09 6.232525245939999877e+04 2.083788393070000206e-03 -2.252843546449999866e-03 -4.327237689260000214e-02 4.899065949660000308e-02
1.175856995980000019e+09 6.234931000779999886e+04 1.124896341929999951e-03 -6.352232003310000251e-04 -2.359211986849999929e-02 1.357243379180000063e-02
1.175778877079999924e+09 6.237337075309999636e+04 2.155584515999999884e-04 -1.590949985799999984e-04 -4.564162309029999587e-03 3.382035929040000128e-03
1.175700758190000057e+09 6.239743469570000161e+04 -6.198155460880000293e-04 -6.005031132580000448e-04 1.324103838039999981e-02 1.282581210770000063e-02
1.175622639289999962e+09 6.242150183639999887e+04 -1.192750059999999994e-03 -1.150740983949999959e-03 2.563848601489999990e-02 2.472423229290000163e-02
1.175544520390000105e+09 6.244557217579999997e+04 -2.205296419559999842e-03 -2.546050715699999922e-03 4.793150787079999975e-02 5.554699800309999963e-02
1.175466401490000010e+09 6.246964571440000145e+04 -2.382238628339999886e-03 -3.133640100399999982e-03 5.187873555820000232e-02 6.881677124009999424e-02
1.175388282589999914e+09 6.249372245310000289e+04 -2.014310564850000165e-03 -2.640755505340000153e-03 4.368840671370000095e-02 5.767388767320000276e-02
1.175310163690000057e+09 6.251780239240000083e+04 -1.851107343100000073e-03 -2.175704558569999808e-03 4.007675915259999860e-02 4.727289056210000340e-02
1.175232044799999952e+09 6.254188553279999905e+04 -6.356897065419999738e-04 -5.585660625189999917e-04 1.358246935010000087e-02 1.192473930499999939e-02
1.175153925900000095e+09 6.256597187519999716e+04 3.184042579959999938e-04 -8.457467618199999634e-04 -6.734466123260000013e-03 1.811151460339999880e-02
1.175075807000000000e+09 6.259006142009999894e+04 -3.936007269660000106e-04 -1.778998048460000124e-04 8.388099403700000067e-03 3.782544787889999868e-03
1.174997688099999905e+09 6.261415416810000170e+04 -1.131370780059999916e-03 -1.562147653599999918e-03 2.430295523900000143e-02 3.371397076330000242e-02
1.174919569200000048e+09 6.263825011999999697e+04 -8.850989397619999505e-04 -1.201829259399999923e-03 1.896227394849999900e-02 2.583618873030000054e-02
1.174841450299999952e+09 6.266234927620000235e+04 -8.948123431760000249e-04 -9.917810324099999870e-04 1.917238057880000027e-02 2.127229401290000113e-02
1.174763331400000095e+09 6.268645163750000211e+04 -1.634532352910000007e-03 -2.008449812889999929e-03 3.530405927860000292e-02 4.355848364809999929e-02
1.174685212509999990e+09 6.271055720460000157e+04 -1.824718550780000080e-03 -2.774844882299999822e-03 3.949400472999999717e-02 6.069303813100000028e-02
1.174607093609999895e+09 6.273466597799999727e+04 -8.760574273769999648e-04 -1.242963816400000044e-03 1.876674037859999908e-02 2.673239799809999998e-02
1.174528974710000038e+09 6.275877795830000105e+04 -4.003515350629999994e-04 -3.356335780599999899e-04 8.532582665930000740e-03 7.148323757279999822e-03
1.174450855809999943e+09 6.278289314629999717e+04 -9.759644744920000078e-04 -3.764367903239999955e-04 2.092947612969999968e-02 8.020844541430000724e-03
1.174372736910000086e+09 6.280701154259999748e+04 -1.654842402790000040e-03 -1.035327299270000006e-03 3.575066863950000090e-02 2.221675046260000036e-02
1.174294618009999990e+09 6.283113314779999928e+04 -1.379269990139999963e-03 -1.064326414609999966e-03 2.970788951550000154e-02 2.284619509369999885e-02
1.174216499119999886e+09 6.285525796249999985e+04 -8.033270714800000347e-04 -4.231736148829999804e-04 1.719524824360000106e-02 9.021183793359999550e-03
1.174138380220000029e+09 6.287938598749999801e+04 -9.756887448019999683e-04 -6.684639080170000228e-04 2.092350083560000004e-02 1.428776556299999993e-02
1.174060261319999933e+09 6.290351722319999681e+04 -1.154411584139999978e-03 -1.064998251769999973e-03 2.480408313790000152e-02 2.286078245239999904e-02
1.173982142420000076e+09 6.292765167040000233e+04 -1.016328926200000095e-03 -1.144141704870000036e-03 2.180459314100000046e-02 2.458068651640000005e-02
1.173904023519999981e+09 6.295178932979999809e+04 -8.821082301440000403e-04 -9.787026886500000029e-04 1.889759202750000006e-02 2.098881746990000075e-02
1.173825904619999886e+09 6.297593020190000243e+04 -1.019487273879999970e-03 -1.766328847920000007e-03 2.187309966380000109e-02 3.820576697429999696e-02
1.173747785720000029e+09 6.300007428739999887e+04 -4.363465413920000237e-04 -6.075187415240000059e-04 9.303313539859999273e-03 1.297663143360000028e-02
1.173669666829999924e+09 6.302422158689999924e+04 3.971408295909999902e-04 -5.550855835720000520e-04 -8.392827207439999479e-03 1.184999310379999948e-02
1.173591547930000067e+09 6.304837210110000160e+04 -2.518363180569999733e-04 -2.829870891560000261e-04 5.358817798739999583e-03 6.023674372920000131e-03
1.173513429029999971e+09 6.307252583060000325e+04 -8.386656409130000206e-04 -1.261886409919999895e-03 1.795850382960000047e-02 2.714493933289999911e-02
1.173435310130000114e+09 6.309668277610000223e+04 -6.917679274920000105e-05 -6.910165796719999884e-04 1.469152584360000104e-03 1.477338497479999992e-02
1.173357191230000019e+09 6.312084293820000312e+04 1.022120704870000101e-03 -7.059370603659999733e-04 -2.145959189179999851e-02 1.509479254579999992e-02
1.173279072329999924e+09 6.314500631759999669e+04 1.212880597450000011e-03 -1.262105781790000053e-03 -2.541413017230000071e-02 2.714972297179999924e-02
1.173200953440000057e+09 6.316917291480000131e+04 2.731689019130000245e-04 -2.414830432919999950e-04 -5.780467142340000100e-03 5.137943807539999998e-03
1.173122834539999962e+09 6.319334273060000123e+04 -7.905120728540000101e-04 -1.324659732920000031e-03 1.691860899919999869e-02 2.851471334550000070e-02
1.173044715640000105e+09 6.321751576550000027e+04 -1.719401683660000098e-03 -2.279980244609999818e-03 3.717162591429999663e-02 4.959565513079999821e-02
1.172966596740000010e+09 6.324169202029999724e+04 -2.074586227540000088e-03 -2.359085812479999860e-03 4.502559776009999737e-02 5.136135558850000310e-02
1.172888477839999914e+09 6.326587149559999671e+04 -1.871240092440000025e-03 -2.307043416070000009e-03 4.052158732899999866e-02 5.019937628749999992e-02
1.172810358940000057e+09 6.329005419190000248e+04 -1.333816559049999908e-03 -1.742180509069999987e-03 2.871468096180000013e-02 3.767347279049999831e-02
1.172732240039999962e+09 6.331424010999999882e+04 -5.516540259120000312e-04 -4.032031366249999777e-04 1.177630299759999978e-02 8.593619956709999674e-03
1.172654121150000095e+09 6.333842925049999758e+04 -5.548371700570000307e-04 -1.515123539910000010e-04 1.184465842909999955e-02 3.220584483470000006e-03
1.172576002250000000e+09 6.336262161400000332e+04 -9.476138511669999825e-04 -8.051733204549999488e-04 2.031528111450000076e-02 1.723510979729999879e-02
1.172497883349999905e+09 6.338681720119999954e+04 -3.962145128749999952e-04 -3.077484955949999837e-04 8.444038128490000822e-03 6.552477089420000178e-03
1.172419764450000048e+09 6.341101601279999886e+04 4.674906376749999736e-04 -8.014321755930000268e-04 -9.872222285380000822e-03 1.715433802809999964e-02
1.172341645549999952e+09 6.343521804929999780e+04 6.447883206420000190e-04 -9.125166745110000486e-04 -1.359095823329999932e-02 1.955544927599999969e-02
1.172263526650000095e+09 6.345942331140000169e+04 8.367607370019999879e-04 -1.104508145139999984e-03 -1.760195749299999987e-02 2.371902100059999907e-02
1.172185407759999990e+09 6.348363179980000132e+04 9.375293157059999593e-04 -1.190596936029999966e-03 -1.970095694669999828e-02 2.559160672690000138e-02
1.172107288859999895e+09 6.350784351510000124e+04 8.770709391679999646e-04 -9.181579491870000068e-04 -1.844214376939999969e-02 1.967754039620000020e-02
1.172029169960000038e+09 6.353205845789999876e+04 1.348839839919999985e-03 -1.321616228590000077e-03 -2.822311188209999933e-02 2.844825786970000062e-02
1.171951051059999943e+09 6.355627662899999996e+04 2.090729307379999864e-03 -2.005582617279999796e-03 -4.341342933040000240e-02 4.349492886689999838e-02
1.171872932160000086e+09 6.358049802890000137e+04 1.984922680999999956e-03 -1.942826381470000047e-03 -4.126107660190000276e-02 4.210487346649999935e-02
1.171794813259999990e+09 6.360472265820000030e+04 1.206229324449999921e-03 -1.530618857760000047e-03 -2.527650909980000068e-02 3.302216139349999774e-02
1.171716694359999895e+09 6.362895051770000282e+04 7.679447880949999633e-04 -7.614322769089999993e-04 -1.616599219249999914e-02 1.629114292310000073e-02
1.171638575470000029e+09 6.365318160799999896e+04 7.998069049789999609e-04 -4.095639286189999961e-04 -1.683110741319999992e-02 8.729783366949999540e-03
1.171560456569999933e+09 6.367741592980000132e+04 7.239208207469999528e-04 -3.500479155360000172e-04 -1.524627231470000038e-02 7.456467654779999794e-03
1.171482337670000076e+09 6.370165348359999916e+04 2.316585159860000040e-04 -1.122644641709999978e-04 -4.904225067749999958e-03 2.385325598500000199e-03
1.171404218769999981e+09 6.372589427009999781e+04 9.589381515979999949e-04 -7.506919437270000292e-04 -2.014633397930000111e-02 1.605949409800000102e-02
1.171326099869999886e+09 6.375013828990000184e+04 2.529851160940000104e-03 -2.086302147719999809e-03 -5.229700616699999721e-02 4.528571836370000325e-02
1.171247980970000029e+09 6.377438554380000278e+04 2.741256961599999788e-03 -2.180202976530000100e-03 -5.654583413840000294e-02 4.737298256780000244e-02
1.171169862079999924e+09 6.379863603239999793e+04 3.029712010170000202e-03 -2.815941295170000178e-03 -6.231422798510000138e-02 6.162019106649999772e-02
1.171091743180000067e+09 6.382288975629999914e+04 4.131618887190000380e-03 -5.312813012919999703e-03 -8.404832584099999893e-02 1.196271641609999992e-01
1.171013624279999971e+09 6.384714671609999641e+04 4.104691557589999935e-03 -5.394889162519999996e-03 -8.352280109559999388e-02 1.215922636139999957e-01
1.170935505380000114e+09 6.387140691250000236e+04 2.544443588700000172e-03 -2.619348193059999920e-03 -5.259086512600000263e-02 5.719272425099999890e-02
1.170857386480000019e+09 6.389567034620000049e+04 7.561566890219999530e-04 -5.064941518830000117e-04 -1.591980586450000151e-02 1.080703446979999933e-02
1.170779267579999924e+09 6.391993701770000189e+04 8.622711757200000318e-04 -6.777576122550000312e-04 -1.813375403419999893e-02 1.448785533560000005e-02
1.170701148680000067e+09 6.394420692789999885e+04 1.445380854420000045e-03 -1.582306392969999977e-03 -3.021291479269999983e-02 3.415654768049999901e-02
1.170623029789999962e+09 6.396848007720000169e+04 3.256501513529999853e-04 -2.877051378919999805e-04 -6.887195130389999614e-03 6.124411101450000054e-03
1.170544910890000105e+09 6.399275646630000119e+04 -4.711264045910000140e-04 -1.519431755030000017e-03 1.004859028309999965e-02 3.277680736849999943e-02
1.170466791990000010e+09 6.401703609600000345e+04 -6.744607235309999687e-04 -1.374744092920000046e-03 1.441687004449999920e-02 2.960894934110000140e-02
1.170388673089999914e+09 6.404131896679999772e+04 -1.840858254579999997e-03 -2.679872048189999977e-03 3.985038402979999839e-02 5.855369271429999856e-02
1.170310554190000057e+09 6.406560507939999661e+04 -2.404754282909999947e-03 -2.838974824460000022e-03 5.238213418889999667e-02 6.214021365660000323e-02
1.170232435289999962e+09 6.408989443439999741e+04 -1.311972155239999899e-03 -1.374421248630000071e-03 2.823770692109999966e-02 2.960189204919999942e-02
1.170154316390000105e+09 6.411418703249999817e+04 -6.615052698180000313e-04 -5.445215591020000079e-04 1.413797504429999997e-02 1.162315603620000040e-02
1.170076197500000000e+09 6.413848287439999694e+04 -7.177923689600000049e-04 -4.327406709779999753e-04 1.535024578570000006e-02 9.226077282990000419e-03
1.169998078599999905e+09 6.416278196059999755e+04 -5.006423452869999827e-04 -2.207275899780000098e-04 1.068150559440000057e-02 4.695299403340000288e-03
1.169919959700000048e+09 6.418708429189999879e+04 -8.205508929679999680e-04 -1.031819247819999990e-03 1.756718198269999892e-02 2.214063278400000070e-02
1.169841840799999952e+09 6.421138986889999796e+04 -1.233678543940000018e-03 -1.708798702630000060e-03 2.653002715690000110e-02 3.693811445060000281e-02
1.169763721900000095e+09 6.423569869219999964e+04 -1.294561661780000003e-03 -1.584198238089999959e-03 2.785771047060000075e-02 3.419809242539999933e-02
1.169685603000000000e+09 6.426001076250000187e+04 -2.003927016629999860e-03 -2.377093292150000200e-03 4.345823236009999785e-02 5.176373315149999932e-02
1.169607484109999895e+09 6.428432608040000196e+04 -2.845918526870000118e-03 -3.860636429459999869e-03 6.229703306150000119e-02 8.548234679770000399e-02
1.169529365210000038e+09 6.430864464669999870e+04 -2.471876097840000012e-03 -3.337009394399999794e-03 5.388433024320000292e-02 7.345087246230000422e-02
1.169451246309999943e+09 6.433296646180000243e+04 -1.445025205609999901e-03 -2.278967958170000172e-03 3.114646289550000030e-02 4.957308026740000345e-02
1.169373127410000086e+09 6.435729152659999818e+04 -1.527652610090000007e-03 -2.359369735950000210e-03 3.295710018559999677e-02 5.136769860919999930e-02
1.169295008509999990e+09 6.438161984159999702e+04 -2.011630684139999788e-03 -2.633391099950000216e-03 4.362899614739999821e-02 5.750833481409999698e-02
1.169216889609999895e+09 6.440595140749999700e+04 -1.796341501179999972e-03 -1.958545040949999805e-03 3.886772152989999979e-02 4.245286163610000052e-02
1.169138770710000038e+09 6.443028622500000347e+04 -1.284001045859999935e-03 -1.370777276360000095e-03 2.762728782509999911e-02 2.952223922069999867e-02
1.169060651819999933e+09 6.445462429459999839e+04 -8.608333300799999839e-04 -7.728024196720000103e-04 1.843758734420000017e-02 1.653643404610000145e-02
1.168982532920000076e+09 6.447896561710000242e+04 -6.193064618859999565e-04 -3.474342661789999918e-04 1.323009062089999972e-02 7.400587064059999630e-03
1.168904414019999981e+09 6.450331019319999905e+04 -6.617868784819999628e-04 -5.027036871839999851e-04 1.414403647119999961e-02 1.072572226599999984e-02
1.168826295119999886e+09 6.452765802329999860e+04 -9.909385116770000508e-04 -1.030736714059999910e-03 2.125402973249999883e-02 2.211714514289999864e-02
1.168748176220000029e+09 6.455200910830000066e+04 -8.460763492620000398e-04 -9.323658596249999753e-04 1.811863698820000146e-02 1.998510074109999951e-02
1.168670057319999933e+09 6.457636344870000175e+04 -5.597597919399999655e-04 -7.523560459710000418e-04 1.195037693119999946e-02 1.609538214670000120e-02
1.168591938430000067e+09 6.460072104530000070e+04 -6.811576895420000475e-04 -1.007823226579999910e-03 1.456106765729999961e-02 2.162012256869999885e-02
1.168513819529999971e+09 6.462508189860000130e+04 -9.914410766209999330e-04 -1.423350411180000080e-03 2.126492436440000078e-02 3.067203939059999843e-02
1.168435700630000114e+09 6.464944600930000161e+04 -1.281961100180000011e-03 -1.304628198169999892e-03 2.758278425870000147e-02 2.807740220589999974e-02
1.168357581730000019e+09 6.467381337809999968e+04 -6.749609019609999769e-04 -1.591208990460000084e-04 1.442763905900000011e-02 3.382587452509999790e-03
1.168279462829999924e+09 6.469818400570000085e+04 1.069079153239999968e-04 -7.214669840940000087e-04 -2.266236125699999920e-03 1.542943810819999949e-02
1.168201343930000067e+09 6.472255789260000165e+04 7.221757550720000454e-05 -3.511230707400000181e-04 -1.531432334739999930e-03 7.479455695250000237e-03
1.168123225029999971e+09 6.474693503960000089e+04 -1.045531680569999975e-04 -1.752774608709999960e-04 2.221298654810000082e-03 3.726683909169999868e-03
1.168045106140000105e+09 6.477131544720000238e+04 -4.257512046019999849e-04 -3.216163019550000038e-04 9.076382782499999718e-03 6.848759115520000086e-03
1.167966987240000010e+09 6.479569911619999766e+04 -4.674213414549999992e-04 -9.603421600580000451e-04 9.969170277849999373e-03 2.059098372899999946e-02
1.167888868339999914e+09 6.482008604719999857e+04 5.943910218780000168e-05 -1.585473995150000061e-04 -1.260625152239999930e-03 3.370375448119999982e-03
1.167810749440000057e+09 6.484447624080000242e+04 1.680067798589999996e-04 -2.958418755409999729e-04 -3.559108479349999861e-03 6.298165312240000015e-03
1.167732630539999962e+09 6.486886969769999996e+04 -2.226881479150000112e-04 -4.449700058769999944e-04 4.737103168369999687e-03 9.488048787929999686e-03
1.167654511640000105e+09 6.489326641859999654e+04 -3.944867348759999951e-04 -1.841654954199999962e-04 8.407060878770000398e-03 3.916028465860000099e-03
1.167576392750000000e+09 6.491766640419999749e+04 -2.727897081060000036e-04 -2.067273147619999943e-04 5.805981143810000356e-03 4.396830974359999811e-03
1.167498273849999905e+09 6.494206965499999933e+04 -3.959833338739999868e-05 -1.040377383140000050e-04 8.407114267080000513e-04 2.210335910350000148e-03
1.167420154950000048e+09 6.496647617170000012e+04 -6.116228178140000664e-05 -5.964241943889999671e-05 1.298832609419999905e-03 1.266536603600000024e-03
1.167342036049999952e+09 6.499088595499999792e+04 -1.503431121820000111e-04 -9.139392044789999814e-05 3.195691032329999858e-03 1.941450476580000020e-03
1.167263917150000095e+09 6.501529900549999729e+04 5.918709794059999691e-04 -8.076038434849999986e-04 -1.248248882140000002e-02 1.728758857920000003e-02
1.167185798250000000e+09 6.503971532399999705e+04 9.182200301440000085e-04 -9.489989425600000444e-04 -1.929908753830000129e-02 2.034527931860000138e-02
1.167107679349999905e+09 6.506413491100000101e+04 1.030892381099999942e-04 -2.310125237119999922e-05 -2.185376115540000035e-03 4.903763325290000450e-04
1.167029560460000038e+09 6.508855776719999994e+04 1.839829928939999974e-04 -4.483973678330000173e-05 -3.896894978549999850e-03 9.520445453659999533e-04
1.166951441559999943e+09 6.511298389319999842e+04 7.202222477640000346e-04 -8.426375840139999508e-04 -1.516896562000000052e-02 1.804432776620000164e-02
1.166873322660000086e+09 6.513741328980000253e+04 3.817275282930000031e-04 -5.004916298920000393e-04 -8.068406436629999706e-03 1.067827276090000006e-02
1.166795203759999990e+09 6.516184595760000229e+04 3.224850515829999834e-04 -3.812029507119999838e-04 -6.820483997380000218e-03 8.122812024700000813e-03
1.166717084859999895e+09 6.518628189720000228e+04 6.710217567160000262e-04 -8.635047512920000388e-04 -1.414001969870000083e-02 1.849533704649999888e-02
1.166638965960000038e+09 6.521072110930000053e+04 5.563946324399999871e-04 -4.602431471429999782e-04 -1.173867058320000011e-02 9.815319798200000320e-03
1.166560847069999933e+09 6.523516359450000164e+04 -4.982369137000000104e-05 -5.889290461260000180e-04 1.057920668840000048e-03 1.257704689199999962e-02
1.166482728170000076e+09 6.525960935359999712e+04 -1.189836766569999992e-04 -4.048818233879999820e-04 2.528271874649999900e-03 8.629553258709999480e-03
1.166404609269999981e+09 6.528405838709999807e+04 6.786163430660000287e-04 -8.377908635760000300e-04 -1.429891687680000072e-02 1.793960302919999847e-02
1.166326490369999886e+09 6.530851069570000254e+04 8.077251259239999828e-04 -1.078017739660000040e-03 -1.699633006100000066e-02 2.314351193819999888e-02
1.166248371470000029e+09 6.533296628010000131e+04 6.223223172130000307e-04 -7.518895139619999638e-04 -1.312050875359999959e-02 1.608532078199999965e-02
1.166170252569999933e+09 6.535742514099999971e+04 3.332071064510000024e-04 -3.767063881770000189e-04 -7.046455853950000202e-03 8.026612054509999622e-03
1.166092133670000076e+09 6.538188727890000155e+04 -2.181893942179999942e-04 -4.917249963610000225e-04 4.641181619640000200e-03 1.049024713880000043e-02
1.166014014779999971e+09 6.540635269469999912e+04 2.154709218299999971e-04 -9.513529184409999986e-06 -4.562313204349999728e-03 2.019170520169999991e-04
1.165935895880000114e+09 6.543082138880000275e+04 7.471048738809999605e-04 -1.075543117880000017e-03 -1.573072379479999866e-02 2.308976722399999973e-02
1.165857776980000019e+09 6.545529336199999670e+04 7.134792394939999801e-04 -8.589907132239999474e-04 -1.502800947970000037e-02 1.839775634239999846e-02
1.165779658079999924e+09 6.547976861490000010e+04 1.853139547170000023e-04 -6.113655594240000426e-05 -3.925030475210000182e-03 1.298285944759999984e-03
1.165701539180000067e+09 6.550424714829999721e+04 -3.340265247969999816e-04 -3.100679519039999847e-04 7.113974702799999959e-03 6.602025549009999869e-03
1.165623420279999971e+09 6.552872896269999910e+04 1.272872614209999897e-04 -1.306122420970000017e-04 -2.697655697300000051e-03 2.775709296609999918e-03
1.165545301390000105e+09 6.555321405870000308e+04 8.910947944970000261e-04 -1.049852358280000059e-03 -1.873427780699999864e-02 2.253197677619999881e-02
1.165467182490000010e+09 6.557770243720000144e+04 8.609035285190000429e-04 -9.251183029890000476e-04 -1.810525091569999828e-02 1.982820019219999966e-02
1.165389063589999914e+09 6.560219409869999799e+04 -3.559681354090000029e-04 -6.669855642169999826e-04 7.583055242569999681e-03 1.425594109679999971e-02
1.165310944690000057e+09 6.562668904389999807e+04 -7.532036397609999595e-04 -1.055276245949999907e-03 1.611366185950000030e-02 2.264971277250000040e-02
1.165232825789999962e+09 6.565118727350000700e+04 1.154525380120000007e-04 -1.582367017970000105e-04 -2.447143757750000048e-03 3.363759564460000028e-03
1.165154706890000105e+09 6.567568878799999948e+04 7.687264587729999890e-05 -1.649306292310000153e-05 -1.630066468940000006e-03 3.500780081159999830e-04
1.165076587990000010e+09 6.570019358829999692e+04 -2.861746470440000188e-04 -4.527820006569999970e-04 6.091731937620000273e-03 9.655429879069999180e-03
1.164998469099999905e+09 6.572470167480000237e+04 -2.212861436419999960e-04 -1.907130814449999905e-05 4.707208919850000041e-03 4.048143338560000054e-04
1.164920350200000048e+09 6.574921304839999357e+04 8.080765837800000010e-06 -5.967152806759999607e-04 -1.714757784869999960e-04 1.274439216890000011e-02
1.164842231299999952e+09 6.577372770960000344e+04 8.756559691390000124e-05 -5.497400553249999575e-04 -1.856597632080000081e-03 1.173520428519999985e-02
1.164764112400000095e+09 6.579824565919999441e+04 -2.160113072020000062e-04 -1.287034608149999866e-04 4.594744178680000048e-03 2.735089259179999954e-03
1.164685993500000000e+09 6.582276689769999939e+04 -5.017265211789999953e-04 -8.711694769510000503e-04 1.070476139050000053e-02 1.866104849679999997e-02
1.164607874599999905e+09 6.584729142589999537e+04 -5.854886840100000100e-04 -9.843606190190000004e-04 1.250311399199999923e-02 2.111144473739999874e-02
1.164529755710000038e+09 6.587181924440000148e+04 -1.968902361109999943e-04 -2.755586283899999944e-04 4.187169984340000269e-03 5.865087241899999762e-03
1.164451636809999943e+09 6.589635035379999317e+04 8.089153561739999645e-05 -1.067539755219999980e-04 -1.715213041359999998e-03 2.268109276619999833e-03
1.164373517910000086e+09 6.592088475490000565e+04 -0.000000000000000000e+00 -0.000000000000000000e+00 -0.000000000000000000e+00 -0.000000000000000000e+00
1.164295399009999990e+09 6.594542244829999981e+04 -0.000000000000000000e+00 -0.000000000000000000e+00 -0.000000000000000000e+00 -0.000000000000000000e+00
1.164217280109999895e+09 6.596996343459999480e+04 -0.000000000000000000e+00 -0.000000000000000000e+00 -0.000000000000000000e+00 -0.000000000000000000e+00
1.164139161210000038e+09 6.599450771449999593e+04 -0.000000000000000000e+00 -0.000000000000000000e+00 -0.000000000000000000e+00 -0.000000000000000000e+00
1.164061042309999943e+09 6.601905528869999398e+04 -0.000000000000000000e+00 -0.000000000000000000e+00 -0.000000000000000000e+00 -0.000000000000000000e+00
1.163982923420000076e+09 6.604360615789999429e+04 -0.000000000000000000e+00 -0.000000000000000000e+00 -0.000000000000000000e+00 -0.000000000000000000e+00
1.163904804519999981e+09 6.606816032270000142e+04 -0.000000000000000000e+00 -0.000000000000000000e+00 -0.000000000000000000e+00 -0.000000000000000000e+00
1.163826685619999886e+09 6.609271778370000538e+04 -0.000000000000000000e+00 -0.000000000000000000e+00 -0.000000000000000000e+00 -0.000000000000000000e+00
1.163748566720000029e+09 6.611727854169999773e+04 -0.000000000000000000e+00 -0.000000000000000000e+00 -0.000000000000000000e+00 -0.000000000000000000e+00
1.163670447819999933e+09 6.614184259729999758e+04 -0.000000000000000000e+00 -0.000000000000000000e+00 -0.000000000000000000e+00 -0.000000000000000000e+00
1.163592328920000076e+09 6.616640995109999494e+04 -0.000000000000000000e+00 -0.000000000000000000e+00 -0.000000000000000000e+00 -0.000000000000000000e+00
1.163514210029999971e+09 6.619098060389999591e+04 -0.000000000000000000e+00 -0.000000000000000000e+00 -0.000000000000000000e+00 -0.000000000000000000e+00
1.163436091130000114e+09 6.621555455630000506e+04 -0.000000000000000000e+00 -0.000000000000000000e+00 -0.000000000000000000e+00 -0.000000000000000000e+00
1.163357972230000019e+09 6.624013180889999785e+04 -0.000000000000000000e+00 -0.000000000000000000e+00 -0.000000000000000000e+00 -0.000000000000000000e+00
1.163279853329999924e+09 6.626471236239999416e+04 -0.000000000000000000e+00 -0.000000000000000000e+00 -0.000000000000000000e+00 -0.000000000000000000e+00
1.163201734430000067e+09 6.628929621749999933e+04 -0.000000000000000000e+00 -0.000000000000000000e+00 -0.000000000000000000e+00 -0.000000000000000000e+00
1.163123615529999971e+09 6.631388337490000413e+04 -0.000000000000000000e+00 -0.000000000000000000e+00 -0.000000000000000000e+00 -0.000000000000000000e+00
1.163045496630000114e+09 6.633847383519999858e+04 -0.000000000000000000e+00 -0.000000000000000000e+00 -0.000000000000000000e+00 -0.000000000000000000e+00
1.162967377740000010e+09 6.636306759910000255e+04 -0.000000000000000000e+00 -0.000000000000000000e+00 -0.000000000000000000e+00 -0.000000000000000000e+00
