1.368342464079999924e+09 1.140663332980000087e+04 -0.000000000000000000e+00 -0.000000000000000000e+00 -0.000000000000000000e+00 -0.000000000000000000e+00
1.368264341849999905e+09 1.142440151049999986e+04 -0.000000000000000000e+00 -0.000000000000000000e+00 -0.000000000000000000e+00 -0.000000000000000000e+00
1.368186219609999895e+09 1.144217172019999998e+04 -0.000000000000000000e+00 -0.000000000000000000e+00 -0.000000000000000000e+00 -0.000000000000000000e+00
1.368108097380000114e+09 1.145994395950000035e+04 -0.000000000000000000e+00 -0.000000000000000000e+00 -0.000000000000000000e+00 -0.000000000000000000e+00
1.368029975150000095e+09 1.147771822849999990e+04 -0.000000000000000000e+00 -0.000000000000000000e+00 -0.000000000000000000e+00 -0.000000000000000000e+00
1.367951852910000086e+09 1.149549452759999986e+04 -0.000000000000000000e+00 -0.000000000000000000e+00 -0.000000000000000000e+00 -0.000000000000000000e+00
1.367873730680000067e+09 1.151327285730000040e+04 -0.000000000000000000e+00 -0.000000000000000000e+00 -0.000000000000000000e+00 -0.000000000000000000e+00
1.367795608450000048e+09 1.153105321770000046e+04 -0.000000000000000000e+00 -0.000000000000000000e+00 -0.000000000000000000e+00 -0.000000000000000000e+00
1.367717486210000038e+09 1.154883560939999916e+04 -0.000000000000000000e+00 -0.000000000000000000e+00 -0.000000000000000000e+00 -0.000000000000000000e+00
1.367639363980000019e+09 1.156662003259999983e+04 -0.000000000000000000e+00 -0.000000000000000000e+00 -0.000000000000000000e+00 -0.000000000000000000e+00
1.367561241750000000e+09 1.158440648770000007e+04 -0.000000000000000000e+00 -0.000000000000000000e+00 -0.000000000000000000e+00 -0.000000000000000000e+00
1.367483119509999990e+09 1.160219497489999958e+04 6.419546552930000113e-04 -1.044424846049999984e-03 -6.891737364660000323e-03 1.131497610619999934e-02
1.367404997279999971e+09 1.161998549479999929e+04 9.911803063009998974e-04 -1.438278572479999903e-03 -1.062101558879999935e-02 1.561533016159999919e-02
1.367326875049999952e+09 1.163777804760000072e+04 3.960910544270000158e-04 -6.658107769000000311e-04 -4.257864825569999609e-03 7.198379488560000157e-03
1.367248752809999943e+09 1.165557263369999964e+04 3.888532228299999881e-04 -6.425987382789999760e-04 -4.180222611049999593e-03 6.946550011839999587e-03
1.367170630579999924e+09 1.167336925329999940e+04 1.015941612419999935e-03 -1.172280678780000026e-03 -1.088490705350000053e-02 1.270896395989999997e-02
1.367092508349999905e+09 1.169116790699999910e+04 1.339557697069999930e-03 -1.686509070109999935e-03 -1.432742999050000063e-02 1.833520560840000077e-02
1.367014386109999895e+09 1.170896859500000028e+04 9.004679741339999830e-04 -2.401381607860000032e-04 -9.653661497589999599e-03 2.590271434909999834e-03
1.366936263880000114e+09 1.172677131759999975e+04 3.664058749559999991e-04 -4.924475772920000412e-06 -3.939385375889999791e-03 5.305096306439999925e-05
1.366858141640000105e+09 1.174457607520000056e+04 9.262526873499999367e-05 -2.633424109289999888e-04 -9.973202678040000036e-04 2.840921979969999837e-03
1.366780019410000086e+09 1.176238286820000030e+04 4.174688001509999910e-05 -4.139055414270000240e-04 -4.496226004059999818e-04 4.468821615759999838e-03
1.366701897180000067e+09 1.178019169700000020e+04 -2.600186562629999872e-04 -1.455655811070000029e-05 2.805015179619999976e-03 1.568247122570000038e-04
1.366623774940000057e+09 1.179800256179999997e+04 -9.526950889270000260e-04 -7.111691055210000263e-04 1.031605982290000056e-02 7.690659157359999894e-03
1.366545652710000038e+09 1.181581546290000006e+04 -1.177073922010000084e-03 -1.313418261860000054e-03 1.276126158930000060e-02 1.425002006149999993e-02
1.366467530480000019e+09 1.183363040089999959e+04 -3.865813196170000119e-04 -9.715227040750000161e-05 4.173193226200000092e-03 1.047133524459999956e-03
1.366389408240000010e+09 1.185144737600000008e+04 -8.357304614039999372e-05 -5.727049338140000273e-04 9.007070263470000424e-04 6.188648645999999739e-03
1.366311286009999990e+09 1.186926638850000018e+04 -2.160903066400000124e-03 -3.024342161909999906e-03 2.355383587139999943e-02 3.312266823039999863e-02
1.366233163779999971e+09 1.188708743879999929e+04 -2.749088453129999894e-03 -3.927764569009999963e-03 3.006228934879999828e-02 4.323360300870000145e-02
1.366155041539999962e+09 1.190491052730000047e+04 -5.898647941649999863e-04 -4.399643228119999951e-04 6.374670336130000385e-03 4.750840293780000424e-03
1.366076919309999943e+09 1.192273565430000053e+04 3.616891917769999871e-04 -4.852064067759999984e-04 -3.888772782649999905e-03 5.240657425170000029e-03
1.365998797079999924e+09 1.194056282020000071e+04 4.012106801379999995e-04 -3.287194373350000231e-04 -4.312780821819999638e-03 3.547457695849999971e-03
1.365920674839999914e+09 1.195839202529999966e+04 3.030535881409999999e-04 -3.561579444179999794e-04 -3.259366691089999983e-03 3.844137024799999802e-03
1.365842552609999895e+09 1.197622326989999965e+04 2.195825218220000112e-04 -1.629477387440000111e-04 -2.362687935100000070e-03 1.756918190730000044e-03
1.365764430380000114e+09 1.199405655440000010e+04 3.954096755480000216e-04 -5.674144211350000541e-04 -4.250555743570000322e-03 6.131303752500000086e-03
1.365686308140000105e+09 1.201189187920000040e+04 -6.737898220309999605e-04 -1.076957212129999895e-03 7.284959509360000064e-03 1.166948603920000063e-02
1.365608185910000086e+09 1.202972924459999922e+04 -1.130059245040000108e-03 -1.891900865800000015e-03 1.224841675939999930e-02 2.059130137519999890e-02
1.365530063680000067e+09 1.204756865099999959e+04 7.340894080700000436e-04 -6.428402026819999724e-04 -7.876968710579999172e-03 6.949169354280000134e-03
1.365451941440000057e+09 1.206541009859999940e+04 1.002396340479999896e-03 -9.002890655920000110e-04 -1.074055812469999933e-02 9.745817655539999388e-03
1.365373819210000038e+09 1.208325358799999958e+04 -1.039801631119999931e-03 -1.680762942239999924e-03 1.126460645720000001e-02 1.827216125100000060e-02
1.365295696980000019e+09 1.210109911930000089e+04 -1.130167744120000057e-03 -1.774496178540000031e-03 1.224959998480000013e-02 1.930106384550000012e-02
1.365217574740000010e+09 1.211894669299999987e+04 -5.176776903680000146e-05 -5.168227097259999577e-07 5.578305849530000365e-04 5.567555372600000196e-06
1.365139452509999990e+09 1.213679630940000061e+04 -2.458516682959999752e-04 -2.472443597780000146e-04 2.651982478499999817e-03 2.667025382160000211e-03
1.365061330279999971e+09 1.215464796890000071e+04 1.263941521760000012e-05 -5.847083812670000403e-04 -1.361504757909999985e-04 6.318768537870000056e-03
1.364983208039999962e+09 1.217250167169999986e+04 3.160694031979999837e-04 -2.622190793480000176e-04 -3.399115220030000158e-03 2.828786390469999884e-03
1.364905085809999943e+09 1.219035741840000082e+04 4.881353524979999744e-04 -2.215960160980000055e-04 -5.244723945379999724e-03 2.390025748260000017e-03
1.364826963579999924e+09 1.220821520910000072e+04 9.869528003040000785e-04 -9.792423158519998963e-04 -1.057595435110000003e-02 1.060505052450000027e-02
1.364748841339999914e+09 1.222607504440000048e+04 7.434656145049999562e-04 -6.592668585790000370e-04 -7.977177594139999578e-03 7.127377515770000338e-03
1.364670719109999895e+09 1.224393692440000086e+04 3.522379556669999988e-04 -1.458181780719999951e-04 -3.787348134109999858e-03 1.572080363749999961e-03
1.364592596880000114e+09 1.226180084960000022e+04 1.619611575729999937e-04 -3.175692705410000248e-05 -1.743227335369999971e-03 3.421641594169999990e-04
1.364514474640000105e+09 1.227966682030000084e+04 7.911942666399999569e-04 -1.448943998189999903e-03 -8.487125408360000206e-03 1.573203985740000144e-02
1.364436352410000086e+09 1.229753483690000030e+04 1.519714016469999977e-03 -2.695024759299999902e-03 -1.623875181909999882e-02 2.946228685800000163e-02
1.364358230180000067e+09 1.231540489970000090e+04 1.246537081900000055e-03 -1.379898296439999996e-03 -1.333911991719999995e-02 1.497672729329999931e-02
1.364280107940000057e+09 1.233327700910000021e+04 3.330966283100000131e-04 -1.493800800580000069e-04 -3.581904076289999829e-03 1.610512524590000053e-03
1.364201985710000038e+09 1.235115116540000054e+04 -5.270269466560000005e-04 -1.538086476670000053e-03 5.693644418340000103e-03 1.670804186090000046e-02
1.364123863470000029e+09 1.236902736899999945e+04 -7.501888321710000179e-04 -1.210787606000000025e-03 8.114339172059999855e-03 1.312917870700000024e-02
1.364045741240000010e+09 1.238690562019999925e+04 -2.008530427699999944e-04 -1.671815210410000090e-05 2.166059746680000075e-03 1.801146880760000032e-04
1.363967619009999990e+09 1.240478591939999933e+04 8.386128465650000401e-04 -2.010716367960000209e-03 -8.993502926860000649e-03 2.189874032699999987e-02
1.363889496769999981e+09 1.242266826690000016e+04 1.316254027190000026e-03 -2.581857349430000028e-03 -1.407992868960000060e-02 2.820751164080000095e-02
1.363811374539999962e+09 1.244055266309999934e+04 1.425984315569999968e-03 -3.228708381129999794e-03 -1.524480672910000049e-02 3.540096598450000187e-02
1.363733252309999943e+09 1.245843910839999990e+04 9.501114254820000127e-04 -1.490694902139999946e-03 -1.018317397150000046e-02 1.618904301570000051e-02
1.363655130069999933e+09 1.247632760299999973e+04 6.262992974370000260e-04 -3.646734696410000088e-04 -6.724232248680000329e-03 3.936229187450000257e-03
1.363577007839999914e+09 1.249421814740000082e+04 8.221135358330000078e-04 -8.078125142950000163e-04 -8.817337786769999589e-03 8.740351226100000204e-03
1.363498885609999895e+09 1.251211074179999923e+04 -2.031755575440000010e-04 -1.203226050709999950e-04 2.191133906240000200e-03 1.297031697919999926e-03
1.363420763369999886e+09 1.253000538670000060e+04 -5.993480444890000305e-04 -1.124087559799999934e-03 6.477488483069999796e-03 1.218329532850000001e-02
1.363342641140000105e+09 1.254790208239999993e+04 -3.941617324020000191e-04 -6.449342461880000011e-04 4.255199070579999618e-03 6.971885276150000151e-03
1.363264518910000086e+09 1.256580082930000026e+04 -1.358872745190000102e-03 -2.499234409819999902e-03 1.474683546870000049e-02 2.729240011059999929e-02
1.363186396670000076e+09 1.258370162770000024e+04 -1.321795978579999977e-03 -2.249668091069999872e-03 1.434156956720000070e-02 2.453333849889999946e-02
1.363108274440000057e+09 1.260160447790000035e+04 -6.626353133470000000e-04 -1.323149933160000036e-03 7.163924856660000215e-03 1.435636601679999950e-02
1.363030152210000038e+09 1.261950938029999998e+04 -1.229952322319999986e-03 -2.387890151130000159e-03 1.333838343710000082e-02 2.606050144900000018e-02
1.362952029970000029e+09 1.263741633530000036e+04 -8.971792412919999543e-04 -1.750824727569999907e-03 9.711989150239999993e-03 1.904112419800000136e-02
1.362873907740000010e+09 1.265532534320000013e+04 4.926981055180000091e-04 -4.523042066380000034e-04 -5.293618482210000163e-03 4.884415264349999813e-03
1.362795785509999990e+09 1.267323640429999978e+04 9.213093435390000202e-04 -1.521207096590000002e-03 -9.875996165719999956e-03 1.652316000040000149e-02
1.362717663269999981e+09 1.269114951909999945e+04 5.032983026470000225e-04 -3.459066888410000195e-04 -5.407201142260000155e-03 3.733284848320000092e-03
1.362639541039999962e+09 1.270906468789999963e+04 5.516434903259999530e-04 -5.819197176819999526e-04 -5.925063355410000419e-03 6.288537328960000158e-03
1.362561418809999943e+09 1.272698191090000000e+04 6.342077394949999789e-04 -4.586992161569999806e-04 -6.808852441819999643e-03 4.953646048450000006e-03
1.362483296569999933e+09 1.274490118869999969e+04 -9.819605475060000203e-05 -2.920716047910000253e-04 1.058389670890000096e-03 3.151339616930000104e-03
1.362405174339999914e+09 1.276282252150000022e+04 -7.876658346500000490e-04 -9.797281788209999138e-04 8.521437205739999451e-03 1.061034036289999934e-02
1.362327052109999895e+09 1.278074590969999917e+04 -1.602092874239999893e-03 -2.714936511130000129e-03 1.740942227860000149e-02 2.968322693580000005e-02
1.362248929869999886e+09 1.279867135360000066e+04 -1.250593340959999964e-03 -1.480152625000000092e-03 1.356375265469999918e-02 1.607362810330000003e-02
1.362170807640000105e+09 1.281659885360000044e+04 4.499838978519999874e-04 -1.211173448510000040e-03 -4.835798732859999775e-03 1.313339018629999973e-02
1.362092685410000086e+09 1.283452841009999975e+04 1.126148621550000046e-03 -2.132142067509999826e-03 -1.205858467189999984e-02 2.323667022560000142e-02
1.362014563170000076e+09 1.285246002330000010e+04 7.840332691559999574e-04 -1.184063503019999958e-03 -8.410631655740000504e-03 1.283752769960000081e-02
1.361936440940000057e+09 1.287039369380000062e+04 9.703796240499999899e-05 -6.572531270130000563e-05 -1.044808071550000017e-03 7.082852560470000213e-04
1.361858318710000038e+09 1.288832942170000024e+04 -7.745127659290000069e-04 -6.186749923920000036e-04 8.378541683520000782e-03 6.687065507080000235e-03
1.361780196470000029e+09 1.290626720749999913e+04 -1.390238758179999923e-03 -2.396632405210000205e-03 1.508980852860000027e-02 2.615716975210000128e-02
1.361702074240000010e+09 1.292420705149999958e+04 -1.342370756899999990e-03 -2.439690220139999980e-03 1.456644095790000058e-02 2.663342202489999908e-02
1.361623952009999990e+09 1.294214895409999917e+04 -4.136152565480000101e-04 -5.281005989340000406e-04 4.465680483199999627e-03 5.705276585679999735e-03
1.361545829769999981e+09 1.296009291560000020e+04 6.771096377630000289e-04 -8.836674604139999837e-04 -7.267777266740000318e-03 9.565021994169999736e-03
1.361467707539999962e+09 1.297803893640000024e+04 6.973870331420000453e-04 -1.206481720949999920e-03 -7.484612811290000320e-03 1.308218108289999938e-02
1.361389585299999952e+09 1.299598701679999976e+04 1.705409958960000020e-04 -6.900549507089999727e-04 -1.835489521900000040e-03 7.461474420190000040e-03
1.361311463069999933e+09 1.301393715720000000e+04 6.793207721780000026e-04 -1.577810736579999921e-03 -7.291424231339999583e-03 1.714328133809999918e-02
1.361233340839999914e+09 1.303188935800000036e+04 1.255878363739999911e-03 -2.516086346840000140e-03 -1.343841175640000073e-02 2.747898008460000069e-02
1.361155218599999905e+09 1.304984361949999948e+04 1.246820786040000063e-03 -1.824225418449999976e-03 -1.334213565549999952e-02 1.984736804280000030e-02
1.361077096369999886e+09 1.306779994199999965e+04 7.464467198589999934e-04 -1.262019051369999909e-03 -8.009036269130000163e-03 1.368852625789999944e-02
1.360998974140000105e+09 1.308575832590000027e+04 -1.743707398420000002e-04 -1.416342118320000132e-04 1.880197943650000056e-03 1.526938149029999966e-03
1.360920851900000095e+09 1.310371877160000076e+04 -6.046841153869999489e-04 -1.010950527160000022e-04 6.535347232159999936e-03 1.089653063130000031e-03
1.360842729670000076e+09 1.312168127939999977e+04 -1.017300412059999899e-03 -8.330898157300000058e-04 1.101949324310000020e-02 9.015082434789999793e-03
1.360764607440000057e+09 1.313964584970000033e+04 -7.032667053859999618e-04 -8.997356305610000387e-04 7.604875976360000317e-03 9.739797334660000791e-03
1.360686485200000048e+09 1.315761248279999927e+04 3.201976360290000132e-04 -4.349147135920000012e-04 -3.443435254529999840e-03 4.696185166129999804e-03
1.360608362970000029e+09 1.317558117909999964e+04 8.910845499489999629e-04 -1.109981482100000014e-03 -9.553543465409999880e-03 1.202948490890000041e-02
1.360530240740000010e+09 1.319355193890000010e+04 6.958018057050000199e-04 -1.187723009099999954e-03 -7.467662936969999762e-03 1.287746035200000062e-02
1.360452118500000000e+09 1.321152476270000079e+04 -4.803224292120000208e-04 -8.673904468589999995e-04 5.187769088160000194e-03 9.388006178880000177e-03
1.360373996269999981e+09 1.322949965069999962e+04 -8.490883628839999888e-04 -1.979538981360000078e-03 9.189004730670000815e-03 2.155550069960000120e-02
1.360295874039999962e+09 1.324747660329999962e+04 -2.073853975159999964e-04 -7.309129196430000017e-04 2.236585467060000186e-03 7.905016990470000240e-03
1.360217751799999952e+09 1.326545562079999945e+04 -3.067634534090000055e-04 -5.969204132300000472e-04 3.310121621380000042e-03 6.451166907009999590e-03
1.360139629569999933e+09 1.328343670369999927e+04 -2.752921427600000083e-04 -5.449907663779999861e-04 2.970026586270000171e-03 5.888285907589999729e-03
1.360061507339999914e+09 1.330141985229999955e+04 1.266886829400000034e-05 -1.696631006739999847e-05 -1.364677196419999960e-04 1.827884871399999952e-04
1.359983385099999905e+09 1.331940506679999999e+04 -7.285008905459999882e-04 -1.042862403940000024e-03 7.878827219050000066e-03 1.129795310940000068e-02
1.359905262869999886e+09 1.333739234779999970e+04 -7.200569962149999843e-04 -2.661961223309999955e-04 7.787148959390000416e-03 2.871751892259999904e-03
1.359827140640000105e+09 1.335538169550000021e+04 4.173649649600000180e-04 -4.257619355049999956e-04 -4.486041034309999793e-03 4.597126449539999833e-03
1.359749018400000095e+09 1.337337311029999910e+04 6.300407112579999849e-04 -8.548827979160000421e-04 -6.764266204290000396e-03 9.252004253400000072e-03
1.359670896170000076e+09 1.339136659259999942e+04 5.606567719950000242e-04 -9.342693550970000314e-04 -6.021581843280000325e-03 1.011552804569999971e-02
1.359592773940000057e+09 1.340936214269999982e+04 2.504016156309999850e-04 -7.624654476840000451e-04 -2.693852298590000000e-03 8.247676997519999553e-03
1.359514651700000048e+09 1.342735976090000077e+04 -3.407690091990000039e-04 -1.904899987150000080e-04 3.677733059289999863e-03 2.054186689470000136e-03
1.359436529470000029e+09 1.344535944770000060e+04 5.648172227669999521e-04 -9.830536217429999748e-04 -6.066130777790000247e-03 1.064654691089999931e-02
1.359358407240000010e+09 1.346336120330000085e+04 1.326887286270000011e-03 -1.737767354450000037e-03 -1.419286894950000030e-02 1.889776819379999917e-02
1.359280285000000000e+09 1.348136502819999987e+04 -9.583070641379999631e-05 -6.339868818770000389e-04 1.032881990419999953e-03 6.853135340460000252e-03
1.359202162769999981e+09 1.349937092269999994e+04 -8.822826202959999694e-04 -1.634740931709999928e-03 9.549960358109999686e-03 1.776736837800000149e-02
1.359124040539999962e+09 1.351737888720000046e+04 4.054645542060000135e-04 -6.960714531270000439e-04 -4.358407983270000050e-03 7.526775520619999674e-03
1.359045918299999952e+09 1.353538892189999933e+04 4.969979636369999468e-04 -1.030270009450000041e-03 -5.339693645019999609e-03 1.116076801800000053e-02
1.358967796069999933e+09 1.355340102730000035e+04 -2.849523152690000257e-04 -3.174944925190000098e-04 3.074407035400000127e-03 3.426113152040000109e-03
1.358889673839999914e+09 1.357141520379999929e+04 -2.279994077980000092e-04 -1.868074939749999989e-04 2.459174573519999889e-03 2.014435644319999882e-03
1.358811551599999905e+09 1.358943145159999949e+04 -3.244493855160000199e-04 -5.003050516080000338e-04 3.501295600900000086e-03 5.404177550979999932e-03
1.358733429369999886e+09 1.360744977110000036e+04 -1.371925609420000000e-04 -6.400014857179999600e-04 1.479017918049999958e-03 6.918376131809999934e-03
1.358655307140000105e+09 1.362547016280000025e+04 8.023862610570000036e-04 -7.537959435980000041e-04 -8.606666539820000128e-03 8.153514606830000039e-03
1.358577184900000095e+09 1.364349262690000069e+04 6.191987078640000253e-03 -9.504011965939999571e-03 -6.457350769849999617e-02 1.080120336899999950e-01
1.358499062670000076e+09 1.366151716379999925e+04 1.206109300260000024e-02 -1.936810448620000097e-02 -1.221554125520000061e-01 2.340091501709999910e-01
1.358420940430000067e+09 1.367954377390000082e+04 1.482224650680000026e-02 -2.306087569140000126e-02 -1.481394301700000027e-01 2.855859819400000110e-01
1.358342818200000048e+09 1.369757245750000038e+04 1.472411025319999948e-02 -2.266038238430000129e-02 -1.472273917860000003e-01 2.798619522740000143e-01
1.358264695970000029e+09 1.371560321499999918e+04 5.966963246459999586e-03 -7.765536615079999920e-03 -6.229840878259999826e-02 8.736262419880000407e-02
1.358186573730000019e+09 1.373363604669999950e+04 -6.938036531209999889e-04 -1.764670182510000036e-03 7.502161078820000252e-03 1.919315495059999849e-02
1.358108451500000000e+09 1.375167095300000074e+04 4.199802351650000227e-04 -3.136945349379999790e-04 -4.514087875800000191e-03 3.385037967939999882e-03
1.358030329269999981e+09 1.376970793430000049e+04 1.714933547189999991e-03 -2.408468993690000056e-03 -1.830576710110000047e-02 2.628806884419999934e-02
1.357952207029999971e+09 1.378774699089999922e+04 1.851958339099999936e-03 -2.738251029729999852e-03 -1.975405957609999846e-02 2.994198604599999924e-02
1.357874084799999952e+09 1.380578812319999997e+04 7.091109291650000328e-04 -1.254064275010000062e-03 -7.609960393160000031e-03 1.360165508029999998e-02
1.357795962569999933e+09 1.382383133149999958e+04 1.112649100830000008e-03 -1.788707540930000069e-03 -1.191489209859999954e-02 1.945715334969999946e-02
1.357717840329999924e+09 1.384187661619999926e+04 1.347054028880000044e-03 -1.849741595319999909e-03 -1.440703326630000079e-02 2.012779376419999988e-02
1.357639718099999905e+09 1.385992397759999949e+04 -3.898417344320000079e-04 -1.647828854649999967e-04 4.208463973289999771e-03 1.776722507280000017e-03
1.357561595869999886e+09 1.387797341620000043e+04 -4.504960379559999877e-04 -5.146453446029999879e-04 4.864841348620000012e-03 5.559509397859999959e-03
1.357483473630000114e+09 1.389602493219999997e+04 6.027060444469999534e-04 -1.056936378439999897e-03 -6.471742295759999770e-03 1.145130122539999955e-02
1.357405351400000095e+09 1.391407852599999933e+04 7.516203913840000146e-04 -9.445235664130000085e-04 -8.064324197000000832e-03 1.022712217819999984e-02
1.357327229170000076e+09 1.393213419799999974e+04 6.337267404890000431e-05 -7.746968537570000034e-06 -6.824574482499999725e-04 8.345870895229999585e-05
1.357249106930000067e+09 1.395019194860000061e+04 -1.680122368270000038e-04 -5.577677111290000071e-04 1.811573586880000026e-03 6.026749654890000384e-03
1.357170984700000048e+09 1.396825177810000059e+04 -9.602796635590000367e-04 -1.857774989999999918e-03 1.039861629219999972e-02 2.021609797559999894e-02
1.357092862470000029e+09 1.398631368680000014e+04 -2.138595562429999788e-03 -3.556946701940000115e-03 2.330782822490000059e-02 3.907110225669999798e-02
1.357014740230000019e+09 1.400437767510000049e+04 -8.651719545010000227e-04 -1.336531790249999947e-03 9.363882051939999632e-03 1.450261901690000008e-02
1.356936618000000000e+09 1.402244374339999922e+04 7.731739315199999624e-04 -9.509337645439999926e-04 -8.294621079539999872e-03 1.029688915959999992e-02
1.356858495769999981e+09 1.404051189209999939e+04 -1.438754261469999990e-04 -6.739738788720000444e-04 1.551119108359999901e-03 7.286956784809999789e-03
1.356780373529999971e+09 1.405858212149999963e+04 -1.531532383519999992e-03 -2.853422473319999937e-03 1.663625003859999993e-02 3.122121402090000108e-02
1.356702251299999952e+09 1.407665443190000042e+04 -1.137029612439999958e-04 -6.357375419459999465e-04 1.225630720150000085e-03 6.872124422710000104e-03
1.356624129069999933e+09 1.409472882369999934e+04 1.220487174579999896e-03 -1.875580702779999949e-03 -1.306217400430000064e-02 2.041184869040000086e-02
1.356546006829999924e+09 1.411280529729999944e+04 3.701566602100000167e-04 -6.889108858100000468e-04 -3.979631527099999899e-03 7.449057605799999822e-03
1.356467884599999905e+09 1.413088385299999936e+04 1.936737535289999941e-04 -6.558841131690000201e-04 -2.084202245619999876e-03 7.090676467239999912e-03
1.356389762369999886e+09 1.414896449120000034e+04 1.666013849900000029e-04 -3.157497870760000123e-04 -1.793126480289999967e-03 3.407253759060000029e-03
1.356311640130000114e+09 1.416704721229999996e+04 -5.682337796320000370e-04 -8.000063446920000106e-04 6.140184723030000374e-03 8.655523622890000032e-03
1.356233517900000095e+09 1.418513201660000050e+04 -2.291892014909999956e-04 -6.371290258740000502e-05 2.472023421940000142e-03 6.865911813000000370e-04
1.356155395670000076e+09 1.420321890449999955e+04 9.486894123260000136e-04 -1.219511046919999949e-03 -1.016801023740000059e-02 1.322439958420000040e-02
1.356077273430000067e+09 1.422130787629999941e+04 1.896139467140000104e-03 -3.180582920510000196e-03 -2.022058805390000019e-02 3.486399046989999834e-02
1.355999151200000048e+09 1.423939893239999947e+04 2.451770706099999902e-03 -3.924662985509999764e-03 -2.606924399490000155e-02 4.319871519420000194e-02
1.355921028970000029e+09 1.425749207319999914e+04 2.211581682790000111e-03 -3.512602515179999874e-03 -2.354517539620000141e-02 3.857448825140000204e-02
1.355842906730000019e+09 1.427558729889999995e+04 1.206675544379999998e-03 -1.756016298529999983e-03 -1.291530648799999945e-02 1.909812780990000070e-02
1.355764784500000000e+09 1.429368461009999919e+04 -8.591639925729999475e-04 -8.680577101769999847e-04 9.298553743109999950e-03 9.395262186540000171e-03
1.355686662259999990e+09 1.431178400700000020e+04 -2.241997746749999857e-03 -3.297839001019999949e-03 2.444866004639999896e-02 3.617281834640000138e-02
1.355608540029999971e+09 1.432988548989999981e+04 -1.141492277380000073e-03 -1.542574366160000005e-03 1.237310619949999989e-02 1.675720400179999889e-02
1.355530417799999952e+09 1.434798905940000077e+04 -3.476568381299999797e-04 -2.814307742750000118e-04 3.752209256099999987e-03 3.036354689950000133e-03
1.355452295559999943e+09 1.436609471560000020e+04 -8.821305236780000109e-04 -7.791659300819999811e-04 9.548306156489999239e-03 8.429091531309999136e-03
1.355374173329999924e+09 1.438420245910000085e+04 -1.042370684440000047e-03 -1.020257089940000000e-03 1.129259582570000045e-02 1.105169788369999954e-02
1.355296051099999905e+09 1.440231228999999985e+04 -8.404335239899999579e-04 -6.949554785289999842e-04 9.094913090840000061e-03 7.514662784300000023e-03
1.355217928859999895e+09 1.442042420889999994e+04 -3.778784594030000195e-04 -2.652654531080000022e-04 4.079052898110000110e-03 2.861697354669999818e-03
1.355139806630000114e+09 1.443853821609999977e+04 1.171955518660000063e-04 -8.031345082630000589e-06 -1.261708039949999962e-03 8.652245265670000136e-05
1.355061684400000095e+09 1.445665431180000087e+04 9.501398308199999468e-04 -1.388373023849999921e-03 -1.018347687139999937e-02 1.506940428309999983e-02
1.354983562160000086e+09 1.447477249660000052e+04 1.371670980009999982e-03 -2.163898692520000149e-03 -1.466839521550000053e-02 2.358687631220000164e-02
1.354905439930000067e+09 1.449289277070000026e+04 1.659547415329999925e-04 -3.839839768409999748e-04 -1.786172885169999948e-03 4.145096397160000223e-03
1.354827317700000048e+09 1.451101513449999948e+04 3.631354775280000240e-05 -2.729930259619999856e-04 -3.911159213779999769e-04 2.945185690429999968e-03
1.354749195460000038e+09 1.452913958830000047e+04 1.028883270919999943e-03 -2.007200031799999916e-03 -1.102280394730000002e-02 2.186002221009999968e-02
1.354671073230000019e+09 1.454726613259999976e+04 1.447750953960000005e-03 -2.075740884809999971e-03 -1.547571645819999925e-02 2.261499077390000112e-02
1.354592951000000000e+09 1.456539476769999965e+04 1.506064552809999917e-03 -2.865268554680000090e-03 -1.609406920380000022e-02 3.135288323720000075e-02
1.354514828759999990e+09 1.458352549399999953e+04 7.550835725849999562e-04 -1.745067380830000016e-03 -8.101331431769999772e-03 1.897791214990000169e-02
1.354436706529999971e+09 1.460165831169999910e+04 3.042324096900000073e-04 -3.798635481870000032e-04 -3.272024296120000161e-03 4.100525162979999985e-03
1.354358584299999952e+09 1.461979322139999931e+04 9.246327681469999936e-05 -3.306141518910000110e-04 -9.955769267839999909e-04 3.567941500629999950e-03
1.354280462059999943e+09 1.463793022319999909e+04 -3.345244331290000029e-04 -9.853604784080000761e-04 3.610216971999999878e-03 1.067166412969999985e-02
1.354202339829999924e+09 1.465606931769999937e+04 -8.989096968430000060e-04 -2.522884631259999979e-03 9.730812813560000760e-03 2.755425866020000045e-02
1.354124217599999905e+09 1.467421050520000063e+04 -1.567443250679999940e-03 -3.004040166319999795e-03 1.702967154670000094e-02 3.289662246149999830e-02
1.354046095359999895e+09 1.469235378590000073e+04 -1.468288130129999976e-03 -2.559106362840000027e-03 1.594375372370000071e-02 2.795544370120000080e-02
1.353967973130000114e+09 1.471049916040000062e+04 -1.226432970719999998e-03 -1.999144544600000087e-03 1.329996242100000073e-02 2.177132948740000129e-02
1.353889850900000095e+09 1.472864662890000000e+04 -6.240801303649999923e-04 -1.131427456290000095e-03 6.745685453390000419e-03 1.226333774679999947e-02
1.353811728660000086e+09 1.474679619180000009e+04 8.668744121680000423e-04 -1.169070186039999947e-03 -9.295183000019999892e-03 1.267393677240000009e-02
1.353733606430000067e+09 1.476494784950000030e+04 1.499437144959999899e-03 -2.740966511829999886e-03 -1.602381195550000095e-02 2.997212851860000041e-02
1.353655484200000048e+09 1.478310160229999929e+04 6.468398496510000201e-04 -1.014105874890000028e-03 -6.944000950259999680e-03 1.098469896400000069e-02
1.353577361960000038e+09 1.480125745070000085e+04 -3.274584887549999946e-04 -4.169304914790000023e-04 3.533825782859999903e-03 4.501554769300000064e-03
1.353499239730000019e+09 1.481941539489999923e+04 -9.949527448040000610e-04 -2.026030285469999914e-03 1.077611217190000033e-02 2.206737822160000084e-02
1.353421117500000000e+09 1.483757543529999930e+04 -9.591968264430000227e-04 -1.622387585250000029e-03 1.038682942520000041e-02 1.763191394429999836e-02
1.353342995259999990e+09 1.485573757230000047e+04 4.463316581679999790e-04 -4.699582921989999972e-04 -4.796643540660000017e-03 5.075545656900000424e-03
1.353264873029999971e+09 1.487390180630000032e+04 1.575878122820000005e-03 -2.405993422620000127e-03 -1.683386417409999877e-02 2.626069045050000161e-02
1.353186750799999952e+09 1.489206813759999932e+04 1.269221655090000105e-03 -1.735917450610000067e-03 -1.358022529499999971e-02 1.887745988829999874e-02
1.353108628559999943e+09 1.491023656660000051e+04 3.564950893629999858e-04 -6.696169911539999594e-04 -3.833034255750000091e-03 7.239679499170000206e-03
1.353030506329999924e+09 1.492840709360000074e+04 -6.498885340989999740e-06 -5.581342226789999745e-05 7.001253859389999518e-05 6.014381798160000183e-04
1.352952384089999914e+09 1.494657971899999939e+04 9.057226125149999557e-04 -7.290283236359999981e-04 -9.709722373060000050e-03 7.884554020089999324e-03
1.352874261859999895e+09 1.496475444319999951e+04 1.110621844420000073e-03 -1.253985742990000032e-03 -1.189331164619999992e-02 1.360079749859999937e-02
1.352796139630000114e+09 1.498293126649999977e+04 -1.674812519919999980e-04 -1.845322227179999953e-04 1.805843128309999896e-03 1.989875865399999815e-03
1.352718017390000105e+09 1.500111018929999955e+04 -1.050957362170000086e-03 -1.516030023849999908e-03 1.138615180249999935e-02 1.646646175500000170e-02
1.352639895160000086e+09 1.501929121200000009e+04 -8.282297640109999607e-04 -1.259054079070000016e-03 8.962254167420000833e-03 1.365614600720000023e-02
1.352561772930000067e+09 1.503747433490000003e+04 -5.533029907379999768e-04 -1.009005435609999996e-03 5.978363301810000162e-03 1.092914847820000007e-02
1.352483650690000057e+09 1.505565955840000061e+04 -7.163077825679999965e-04 -5.157803912640000115e-04 7.746445153970000184e-03 5.571805079140000096e-03
1.352405528460000038e+09 1.507384688289999940e+04 -1.299549243409999942e-03 -1.988569991660000136e-03 1.409848146129999945e-02 2.165491322499999913e-02
1.352327406230000019e+09 1.509203630859999976e+04 -2.327524591240000187e-03 -3.276107895159999835e-03 2.539325846739999906e-02 3.593012351449999947e-02
1.352249283990000010e+09 1.511022783610000079e+04 -2.172362990680000005e-03 -3.415452013899999886e-03 2.368023970469999850e-02 3.748735346950000241e-02
1.352171161759999990e+09 1.512842146560000037e+04 -9.105922072189999873e-04 -1.302998184000000005e-03 9.857902865740000506e-03 1.413616385960000076e-02
1.352093039529999971e+09 1.514661719749999975e+04 -3.612600849009999881e-04 -5.035465688209999659e-04 3.899313712839999873e-03 5.439287056089999947e-03
1.352014917289999962e+09 1.516481503220000013e+04 -7.222822750919999683e-05 -1.750496532740000103e-04 7.783908445500000361e-04 1.887525417870000027e-03
1.351936795059999943e+09 1.518301497000000018e+04 1.554380403829999993e-03 -2.252667669240000087e-03 -1.660611714090000010e-02 2.456645495200000112e-02
1.351858672829999924e+09 1.520121701129999929e+04 3.349749837070000076e-03 -5.910909119609999637e-03 -3.544978124079999765e-02 6.579374854080000112e-02
1.351780550589999914e+09 1.521942115650000051e+04 2.705226652319999911e-03 -4.831597759009999792e-03 -2.872583992380000131e-02 5.345248207179999905e-02
1.351702428359999895e+09 1.523762740590000067e+04 7.779846200720000500e-04 -1.490500902139999927e-03 -8.346015446389999648e-03 1.618691901910000036e-02
1.351624306130000114e+09 1.525583575989999918e+04 -0.000000000000000000e+00 -0.000000000000000000e+00 -0.000000000000000000e+00 -0.000000000000000000e+00
1.351546183890000105e+09 1.527404621890000089e+04 -0.000000000000000000e+00 -0.000000000000000000e+00 -0.000000000000000000e+00 -0.000000000000000000e+00
1.351468061660000086e+09 1.529225878320000083e+04 -0.000000000000000000e+00 -0.000000000000000000e+00 -0.000000000000000000e+00 -0.000000000000000000e+00
1.351389939430000067e+09 1.531047345320000022e+04 -0.000000000000000000e+00 -0.000000000000000000e+00 -0.000000000000000000e+00 -0.000000000000000000e+00
1.351311817190000057e+09 1.532869022930000028e+04 -0.000000000000000000e+00 -0.000000000000000000e+00 -0.000000000000000000e+00 -0.000000000000000000e+00
1.351233694960000038e+09 1.534690911179999966e+04 -0.000000000000000000e+00 -0.000000000000000000e+00 -0.000000000000000000e+00 -0.000000000000000000e+00
