1.207483086599999905e+09 5.286418471010000212e+04 -0.000000000000000000e+00 -0.000000000000000000e+00 -0.000000000000000000e+00 -0.000000000000000000e+00
1.207404967660000086e+09 5.288700154669999756e+04 -0.000000000000000000e+00 -0.000000000000000000e+00 -0.000000000000000000e+00 -0.000000000000000000e+00
1.207326848730000019e+09 5.290982133600000088e+04 -0.000000000000000000e+00 -0.000000000000000000e+00 -0.000000000000000000e+00 -0.000000000000000000e+00
1.207248729789999962e+09 5.293264407850000134e+04 -0.000000000000000000e+00 -0.000000000000000000e+00 -0.000000000000000000e+00 -0.000000000000000000e+00
1.207170610849999905e+09 5.295546977489999699e+04 -0.000000000000000000e+00 -0.000000000000000000e+00 -0.000000000000000000e+00 -0.000000000000000000e+00
1.207092491920000076e+09 5.297829842559999815e+04 -0.000000000000000000e+00 -0.000000000000000000e+00 -0.000000000000000000e+00 -0.000000000000000000e+00
1.207014372980000019e+09 5.300113003139999637e+04 -0.000000000000000000e+00 -0.000000000000000000e+00 -0.000000000000000000e+00 -0.000000000000000000e+00
1.206936254049999952e+09 5.302396459260000120e+04 -0.000000000000000000e+00 -0.000000000000000000e+00 -0.000000000000000000e+00 -0.000000000000000000e+00
1.206858135109999895e+09 5.304680210999999690e+04 -0.000000000000000000e+00 -0.000000000000000000e+00 -0.000000000000000000e+00 -0.000000000000000000e+00
1.206780016170000076e+09 5.306964258420000260e+04 -0.000000000000000000e+00 -0.000000000000000000e+00 -0.000000000000000000e+00 -0.000000000000000000e+00
1.206701897240000010e+09 5.309248601549999876e+04 -0.000000000000000000e+00 -0.000000000000000000e+00 -0.000000000000000000e+00 -0.000000000000000000e+00
1.206623778299999952e+09 5.311533240479999949e+04 -0.000000000000000000e+00 -0.000000000000000000e+00 -0.000000000000000000e+00 -0.000000000000000000e+00
1.206545659359999895e+09 5.313818175239999982e+04 -0.000000000000000000e+00 -0.000000000000000000e+00 -0.000000000000000000e+00 -0.000000000000000000e+00
1.206467540430000067e+09 5.316103405909999856e+04 -0.000000000000000000e+00 -0.000000000000000000e+00 -0.000000000000000000e+00 -0.000000000000000000e+00
1.206389421490000010e+09 5.318388932529999875e+04 -0.000000000000000000e+00 -0.000000000000000000e+00 -0.000000000000000000e+00 -0.000000000000000000e+00
1.206311302549999952e+09 5.320674755169999844e+04 -0.000000000000000000e+00 -0.000000000000000000e+00 -0.000000000000000000e+00 -0.000000000000000000e+00
1.206233183619999886e+09 5.322960873870000069e+04 -0.000000000000000000e+00 -0.000000000000000000e+00 -0.000000000000000000e+00 -0.000000000000000000e+00
1.206155064680000067e+09 5.325247288709999702e+04 -0.000000000000000000e+00 -0.000000000000000000e+00 -0.000000000000000000e+00 -0.000000000000000000e+00
1.206076945750000000e+09 5.327533999739999854e+04 -0.000000000000000000e+00 -0.000000000000000000e+00 -0.000000000000000000e+00 -0.000000000000000000e+00
1.205998826809999943e+09 5.329821007010000176e+04 -0.000000000000000000e+00 -0.000000000000000000e+00 -0.000000000000000000e+00 -0.000000000000000000e+00
1.205920707869999886e+09 5.332108310579999670e+04 -0.000000000000000000e+00 -0.000000000000000000e+00 -0.000000000000000000e+00 -0.000000000000000000e+00
1.205842588940000057e+09 5.334395910510000249e+04 -0.000000000000000000e+00 -0.000000000000000000e+00 -0.000000000000000000e+00 -0.000000000000000000e+00
1.205764470000000000e+09 5.336683806860000186e+04 -0.000000000000000000e+00 -0.000000000000000000e+00 -0.000000000000000000e+00 -0.000000000000000000e+00
1.205686351059999943e+09 5.338971999689999939e+04 -4.330201481930000241e-04 -6.647214255219999679e-04 1.415627274539999966e-02 2.181415516689999903e-02
1.205608232130000114e+09 5.341260489049999887e+04 -7.041625212880000010e-04 -1.028178900110000024e-03 2.312357071150000082e-02 3.394607605439999704e-02
1.205530113190000057e+09 5.343549274999999761e+04 -2.690752153280000268e-04 -4.078849398100000182e-04 8.772993002309999178e-03 1.332905224600000084e-02
1.205451994250000000e+09 5.345838357589999941e+04 -4.894910380239999572e-04 -5.680738743990000313e-04 1.601727594259999901e-02 1.861275687299999981e-02
1.205373875319999933e+09 5.348127736900000309e+04 -9.021645528260000425e-04 -1.509818917350000010e-03 2.972312826979999975e-02 5.025299056299999817e-02
1.205295756380000114e+09 5.350417412959999638e+04 -9.297158103440000300e-04 -1.461166688069999919e-03 3.064489410700000152e-02 4.859364279069999792e-02
1.205217637440000057e+09 5.352707385849999991e+04 -1.202003448269999995e-03 -1.491644880739999898e-03 3.980064377109999996e-02 4.963281911560000342e-02
1.205139518509999990e+09 5.354997655620000296e+04 -1.271269866269999962e-03 -1.659941427089999932e-03 4.214318344000000244e-02 5.539053968999999716e-02
1.205061399569999933e+09 5.357288222320000204e+04 -9.094577981159999557e-04 -1.353288453250000049e-03 2.996705131029999900e-02 4.492410675280000126e-02
1.204983280640000105e+09 5.359579086020000250e+04 3.649502468760000107e-04 -5.276312190600000425e-04 -1.177725831390000026e-02 1.727615133779999979e-02
1.204905161700000048e+09 5.361870246770000085e+04 1.676351763310000029e-03 -2.171552026720000115e-03 -5.298812733899999766e-02 7.310001424270000381e-02
1.204827042759999990e+09 5.364161704620000091e+04 1.867869286800000065e-03 -2.349220464130000012e-03 -5.886693594720000117e-02 7.932414223339999404e-02
1.204748923829999924e+09 5.366453459650000150e+04 1.637947862039999987e-03 -2.116356957850000064e-03 -5.180511246700000155e-02 7.117426638950000162e-02
1.204670804890000105e+09 5.368745511899999838e+04 5.925996229050000102e-04 -8.153634116659999468e-04 -1.905406799730000045e-02 2.682461750439999945e-02
1.204592685950000048e+09 5.371037861439999688e+04 -1.285892212759999899e-04 -2.215748728609999939e-04 4.182953284629999796e-03 7.218675663200000044e-03
1.204514567019999981e+09 5.373330508320000081e+04 4.806141951119999919e-04 -6.165293852750000463e-04 -1.548107208009999979e-02 2.021653856909999894e-02
1.204436448079999924e+09 5.375623452589999943e+04 3.417265543250000057e-04 -8.528734999570000393e-04 -1.103192804399999970e-02 2.807614401890000042e-02
1.204358329140000105e+09 5.377916694329999882e+04 -2.521236601749999922e-04 -3.354770318029999987e-04 8.218022958209999368e-03 1.094986597139999997e-02
1.204280210210000038e+09 5.380210233570000128e+04 1.533532631580000099e-04 -3.805817278729999985e-04 -4.965748553810000326e-03 1.243125565209999943e-02
1.204202091269999981e+09 5.382504070399999910e+04 1.421872992069999958e-03 -2.494893055909999918e-03 -4.512280784299999709e-02 8.445644562350000661e-02
1.204123972339999914e+09 5.384798204850000184e+04 1.410180004310000084e-03 -2.325215554109999905e-03 -4.475991520719999756e-02 7.848092892289999789e-02
1.204045853400000095e+09 5.387092636990000028e+04 -1.251503359529999903e-03 -2.046916352210000067e-03 4.147413488860000191e-02 6.875674972610000546e-02
1.203967734460000038e+09 5.389387366869999823e+04 -3.201083745810000096e-03 -5.078510040510000358e-03 1.097171319189999966e-01 1.801520253699999963e-01
1.203889615529999971e+09 5.391682394560000103e+04 -1.804317929779999897e-03 -2.878881692900000198e-03 6.035647048650000235e-02 9.811264410599999930e-02
1.203811496589999914e+09 5.393977720119999867e+04 1.310897496300000061e-04 -9.325246496539999798e-07 -4.246359610600000146e-03 3.027173701510000019e-05
1.203733377650000095e+09 5.396273343590000150e+04 3.535549330989999866e-04 -1.346914845870000047e-05 -1.141161188630000073e-02 4.373262523509999938e-04
1.203655258720000029e+09 5.398569265040000028e+04 5.072669591749999832e-04 -5.519593617270000026e-04 -1.633261087029999961e-02 1.807996775860000113e-02
1.203577139779999971e+09 5.400865484529999958e+04 2.929711772590000104e-04 -3.938188616609999732e-04 -9.465386243270000610e-03 1.286642442580000073e-02
1.203499020839999914e+09 5.403162002110000321e+04 2.881351974789999885e-05 -2.006075341009999982e-04 -9.348969331349999898e-04 6.533345313589999752e-03
1.203420901910000086e+09 5.405458817850000196e+04 1.722665969279999973e-03 -2.567032056460000211e-03 -5.441295646719999934e-02 8.700781561089999949e-02
1.203342782970000029e+09 5.407755931799999962e+04 2.707064151759999877e-03 -4.156615865499999583e-03 -8.422693244529999568e-02 1.449455035979999862e-01
1.203264664039999962e+09 5.410053344010000001e+04 2.282931236549999945e-04 -7.818689851300000522e-04 -7.383444205270000074e-03 2.570839603639999901e-02
1.203186545099999905e+09 5.412351054550000117e+04 -1.716540893539999927e-03 -2.544483699749999859e-03 5.733438017070000003e-02 8.620963894859999532e-02
1.203108426160000086e+09 5.414649063480000041e+04 -5.588859203270000065e-04 -7.824060233630000414e-04 1.830894362520000054e-02 2.572628332659999961e-02
1.203030307230000019e+09 5.416947370850000152e+04 -1.725648035060000133e-04 -6.807281076819999459e-05 5.617484975939999667e-03 2.212200141789999984e-03
1.202952188289999962e+09 5.419245976720000181e+04 -8.489366155119999887e-04 -5.761218104510000071e-04 2.794471602150000109e-02 1.887894959920000115e-02
1.202874069349999905e+09 5.421544881149999856e+04 -1.083958661179999956e-03 -9.860619161010000626e-04 3.582105663670000217e-02 3.253268169279999872e-02
1.202795950420000076e+09 5.423844084200000361e+04 -1.089415396559999943e-03 -1.242740561069999913e-03 3.600466822989999843e-02 4.117767845300000090e-02
1.202717831480000019e+09 5.426143585919999896e+04 3.946264041590000216e-04 -6.316083108019999960e-04 -1.272886319069999918e-02 2.071614642570000081e-02
1.202639712539999962e+09 5.428443386379999720e+04 1.521912286989999955e-03 -2.468220646000000157e-03 -4.822216263129999736e-02 8.351475732860000334e-02
1.202561593609999895e+09 5.430743485630000214e+04 1.436125021429999983e-04 -4.193050065040000002e-04 -4.651064258060000345e-03 1.370481126600000057e-02
1.202483474670000076e+09 5.433043883729999652e+04 -1.450158189980000050e-03 -2.426211190459999934e-03 4.821856528389999869e-02 8.203337969780000183e-02
1.202405355740000010e+09 5.435344580739999947e+04 -1.331737614239999947e-03 -2.914513657600000147e-03 4.419265433499999784e-02 9.938936864319999898e-02
1.202327236799999952e+09 5.437645576710000023e+04 -7.142043905330000032e-04 -1.636214572210000070e-03 2.345722744970000009e-02 5.457679210509999712e-02
1.202249117859999895e+09 5.439946871709999687e+04 1.764704938979999951e-04 -4.568931953249999803e-04 -5.712175937790000060e-03 1.494258859490000049e-02
1.202170998930000067e+09 5.442248465800000122e+04 1.930725760760000024e-03 -2.984119611989999830e-03 -6.078886551789999815e-02 1.018881230870000015e-01
1.202092879990000010e+09 5.444550359020000178e+04 2.346739172940000024e-03 -3.354658560920000063e-03 -7.341680534010000536e-02 1.152960615050000054e-01
1.202014761049999952e+09 5.446852551449999737e+04 1.251392182890000062e-03 -1.468152586349999933e-03 -3.981884354959999706e-02 4.883173673909999707e-02
1.201936642119999886e+09 5.449155043129999831e+04 4.649111069740000058e-04 -4.649441949890000024e-04 -1.497902876940000044e-02 1.520790698419999948e-02
1.201858523180000067e+09 5.451457834140000341e+04 2.294948208149999891e-04 -3.193275680649999880e-04 -7.422165554820000372e-03 1.041999643049999931e-02
1.201780404240000010e+09 5.453760924510000041e+04 -3.236145712439999740e-04 -8.665120100629999673e-04 1.056062713019999960e-02 2.853158235659999931e-02
1.201702285309999943e+09 5.456064314320000267e+04 -2.216754946860000162e-03 -3.181964048560000004e-03 7.467990440869999580e-02 1.090247421459999977e-01
1.201624166369999886e+09 5.458368003619999945e+04 -2.954882103949999905e-03 -4.182403020999999818e-03 1.008377776519999991e-01 1.459136323749999908e-01
1.201546047430000067e+09 5.460671992470000259e+04 -2.238623797890000079e-03 -2.965328883239999949e-03 7.544514084950000588e-02 1.012129472370000005e-01
1.201467928500000000e+09 5.462976280940000288e+04 -1.768806483600000043e-03 -2.476531405439999847e-03 5.913274069640000324e-02 8.380807947229999832e-02
1.201389809559999943e+09 5.465280869060000259e+04 -7.708427729090000296e-04 -1.028001296910000016e-03 2.534121345180000151e-02 3.394011171269999821e-02
1.201311690630000114e+09 5.467585756920000131e+04 -1.140010310339999904e-03 -1.670270718480000062e-03 3.770872443610000235e-02 5.574500501009999748e-02
1.201233571690000057e+09 5.469890944550000131e+04 -1.349444384689999898e-03 -1.551901381790000067e-03 4.479359683240000112e-02 5.169049211289999946e-02
1.201155452750000000e+09 5.472196432030000142e+04 2.356035402039999955e-04 -8.483672287929999983e-04 -7.618978871499999979e-03 2.792570918280000078e-02
1.201077333819999933e+09 5.474502219419999892e+04 1.320062554440000089e-03 -2.365819027500000015e-03 -4.195868697720000345e-02 7.990761108789999623e-02
1.200999214880000114e+09 5.476808306759999687e+04 2.347172703589999864e-03 -3.402799900550000211e-03 -7.342988218309999537e-02 1.170513243399999986e-01
1.200921095940000057e+09 5.479114694120000058e+04 1.415972830729999915e-03 -2.201360367109999813e-03 -4.493971241189999993e-02 7.414156713300000534e-02
1.200842977009999990e+09 5.481421381549999933e+04 -8.366964757440000216e-04 -4.473779617369999843e-04 2.753620446149999956e-02 1.462910753060000027e-02
1.200764858069999933e+09 5.483728369119999843e+04 -5.269177490849999857e-04 -6.209636831330000214e-04 1.725258761139999986e-02 2.036343361130000043e-02
1.200686739130000114e+09 5.486035656890000246e+04 5.218165460970000105e-04 -9.829195995060000315e-04 -1.679715510029999859e-02 3.242730943899999746e-02
1.200608620200000048e+09 5.488343244910000067e+04 9.675811743359999731e-04 -1.411658373410000066e-03 -3.092609143540000008e-02 4.690791890840000089e-02
1.200530501259999990e+09 5.490651133239999763e+04 3.496962599459999812e-04 -2.591675923760000124e-04 -1.128776664219999920e-02 8.448593979909999399e-03
1.200452382329999924e+09 5.492959321929999714e+04 -1.790230977350000053e-03 -3.313095961229999952e-03 5.987085276890000141e-02 1.137831378030000062e-01
1.200374263390000105e+09 5.495267811059999804e+04 -2.922792918980000182e-03 -4.267619070820000311e-03 9.968625535689999706e-02 1.491195865480000049e-01
1.200296144450000048e+09 5.497576600679999683e+04 -1.602623728100000065e-03 -2.050653613619999802e-03 5.342587558809999693e-02 6.888671065950000005e-02
1.200218025519999981e+09 5.499885690839999734e+04 -2.185254707000000129e-04 -4.450110410170000030e-04 7.118974888540000392e-03 1.455114416649999978e-02
1.200139906579999924e+09 5.502195081599999685e+04 2.264743670819999799e-06 -3.025189099599999757e-04 -7.351458992249999727e-05 9.868796516100000402e-03
1.200061787640000105e+09 5.504504773030000069e+04 1.230117864909999930e-03 -1.472385721409999980e-03 -3.915498257700000123e-02 4.897603837700000018e-02
1.199983668710000038e+09 5.506814765179999813e+04 1.834327704269999920e-03 -1.900637424160000035e-03 -5.783983903429999740e-02 6.368321398689999469e-02
1.199905549769999981e+09 5.509125058110000100e+04 1.446224050600000124e-04 -1.705978798840000039e-04 -4.683694707620000321e-03 5.553277788780000210e-03
1.199827430829999924e+09 5.511435651869999856e+04 -1.102328067650000043e-03 -1.257147217939999940e-03 3.643929606839999696e-02 4.166512022220000139e-02
1.199749311900000095e+09 5.513746546539999690e+04 -9.296330390500000176e-04 -4.215806229570000165e-04 3.064212360479999855e-02 1.377970365759999954e-02
1.199671192960000038e+09 5.516057742159999907e+04 -4.002424539070000204e-04 -1.502384955030000070e-04 1.307766731580000015e-02 4.888919166100000324e-03
1.199593074029999971e+09 5.518369238800000312e+04 1.615470682740000096e-04 -4.593732539410000175e-04 -5.230380344619999823e-03 1.502431071459999976e-02
1.199514955089999914e+09 5.520681036519999907e+04 8.031812612899999785e-04 -1.219473765779999956e-03 -2.573848538660000046e-02 4.039095986710000002e-02
1.199436836150000095e+09 5.522993135369999800e+04 1.520867925139999946e-03 -2.304115811210000024e-03 -4.818985643379999906e-02 7.774035123880000675e-02
1.199358717220000029e+09 5.525305535399999644e+04 1.631373772400000061e-03 -2.460992592919999944e-03 -5.160246023119999942e-02 8.325971844580000447e-02
1.199280598279999971e+09 5.527618236700000125e+04 8.614948601459999737e-04 -8.636913295760000444e-04 -2.758164061789999955e-02 2.843737279269999835e-02
1.199202479339999914e+09 5.529931239300000016e+04 -1.761794992489999919e-04 -2.840592886220000236e-04 5.735491892560000415e-03 9.263807038019999246e-03
1.199124360410000086e+09 5.532244543259999773e+04 -2.762824587990000210e-04 -5.129054287500000447e-04 9.009041347419999637e-03 1.678991612350000037e-02
1.199046241470000029e+09 5.534558148660000006e+04 8.753563743080000539e-04 -6.847253014660000187e-04 -2.801927106849999918e-02 2.247805494539999865e-02
1.198968122529999971e+09 5.536872055540000292e+04 1.291783992200000019e-03 -1.465980442310000015e-03 -4.107805072339999752e-02 4.875769947789999892e-02
1.198890003599999905e+09 5.539186263969999709e+04 6.797598907720000475e-04 -8.568237471230000148e-04 -2.182618674940000128e-02 2.820803547780000031e-02
1.198811884660000086e+09 5.541500774010000168e+04 1.303387252849999979e-04 -1.036962642400000026e-04 -4.222083139079999860e-03 3.371828959679999856e-03
1.198733765720000029e+09 5.543815585699999792e+04 1.686049799899999981e-04 -1.925733195790000100e-04 -5.458270548879999920e-03 6.270866490760000286e-03
1.198655646789999962e+09 5.546130699119999917e+04 8.067138260230000265e-04 -1.169670308789999905e-03 -2.585023813880000035e-02 3.870903639239999666e-02
1.198577527849999905e+09 5.548446114320000197e+04 3.789027687160000092e-06 -1.010128529860000035e-04 -1.229904865010000078e-04 3.284430642009999925e-03
1.198499408920000076e+09 5.550761831360000360e+04 -1.573943067340000069e-03 -2.495592249830000040e-03 5.244424295550000059e-02 8.448114309099999386e-02
1.198421289980000019e+09 5.553077850300000136e+04 -1.513956231070000052e-03 -2.212232306159999870e-03 5.039422615860000149e-02 7.452172088139999429e-02
1.198343171039999962e+09 5.555394171199999982e+04 -8.239768794739999467e-04 -1.018757646050000082e-03 2.711186790319999873e-02 3.362973681749999860e-02
1.198265052109999895e+09 5.557710794120000355e+04 -2.697205054570000256e-04 -2.931151961619999887e-04 8.794124978899999640e-03 9.560556598750000537e-03
1.198186933170000076e+09 5.560027719110000180e+04 6.755528738719999895e-04 -9.044272718240000146e-04 -2.169255959240000073e-02 2.979879868080000105e-02
1.198108814230000019e+09 5.562344946239999990e+04 1.150660333219999951e-03 -1.914181005440000055e-03 -3.667162150960000255e-02 6.415187950369999337e-02
1.198030695299999952e+09 5.564662475560000166e+04 3.127000818489999740e-04 -1.028380149210000004e-03 -1.009958433929999955e-02 3.395283452549999886e-02
1.197952576359999895e+09 5.566980307139999786e+04 -1.295969996139999974e-04 -4.426182737690000199e-04 4.215805089440000097e-03 1.447233562829999994e-02
1.197874457420000076e+09 5.569298441029999958e+04 -9.759500971999999532e-05 -1.553685784740000048e-04 3.173123038860000203e-03 5.056280222779999979e-03
1.197796338490000010e+09 5.571616877289999684e+04 -4.803301708310000117e-04 -3.931063345559999826e-04 1.571514330590000064e-02 1.284299538190000062e-02
1.197718219549999952e+09 5.573935615990000224e+04 2.711036067920000246e-04 -3.512837377709999770e-04 -8.761969091410000757e-03 1.146876153890000020e-02
1.197640100619999886e+09 5.576254657169999700e+04 1.786309876479999937e-03 -2.558811565700000110e-03 -5.636761777640000165e-02 8.671674925960000391e-02
1.197561981680000067e+09 5.578574000900000101e+04 3.237915225329999949e-03 -4.727595467979999605e-03 -9.994310049059999812e-02 1.666043209039999862e-01
1.197483862740000010e+09 5.580893647249999776e+04 5.268146749589999907e-03 -7.604505575550000139e-03 -1.578689126110000007e-01 2.834971311110000003e-01
1.197405743809999943e+09 5.583213596259999758e+04 5.728259216990000055e-03 -8.898865927169999357e-03 -1.705430320280000023e-01 3.409025223339999799e-01
1.197327624869999886e+09 5.585533847999999853e+04 3.601016709580000079e-03 -5.512913648689999647e-03 -1.105524293570000066e-01 1.971812749009999866e-01
1.197249505930000067e+09 5.587854402519999712e+04 1.866849604990000007e-03 -2.066921997280000110e-03 -5.883572720190000105e-02 6.945263041440000173e-02
1.197171387000000000e+09 5.590175259889999870e+04 7.975038024600000037e-04 -9.517750065010000156e-04 -2.555885269989999903e-02 3.138352832260000308e-02
1.197093268059999943e+09 5.592496420170000056e+04 -9.750668541529999758e-04 -9.887250147440000518e-04 3.216402948569999781e-02 3.262199287930000330e-02
1.197015149119999886e+09 5.594817883409999922e+04 -1.465346431359999986e-03 -2.066494472389999830e-03 4.873609032620000031e-02 6.943775423110000455e-02
1.196937030190000057e+09 5.597139649669999926e+04 -8.144617313519999504e-04 -1.055376180110000062e-03 2.679455215250000147e-02 3.485984610879999668e-02
1.196858911250000000e+09 5.599461719019999873e+04 -9.273953037339999943e-04 -8.061288221939999802e-04 3.056722553860000136e-02 2.651674495399999887e-02
1.196780792319999933e+09 5.601784091510000144e+04 -7.349363295359999946e-04 -4.185994696120000249e-04 2.414643077600000035e-02 1.368159261099999996e-02
1.196702673380000114e+09 5.604106767209999816e+04 -4.249681369399999900e-04 -3.978258072240000256e-04 1.389119989319999998e-02 1.299818950260000008e-02
1.196624554440000057e+09 5.606429746159999922e+04 -9.220697393179999926e-05 -9.125514098300000669e-05 2.997678080969999950e-03 2.966687741909999985e-03
1.196546435509999990e+09 5.608753028430000268e+04 3.169297997370000130e-04 -2.953762496709999921e-04 -1.023549894899999924e-02 9.634661934080000073e-03
1.196468316569999933e+09 5.611076614089999930e+04 7.051641005089999805e-04 -6.755962987330000214e-04 -2.263271948079999957e-02 2.217502184049999908e-02
1.196390197630000114e+09 5.613400503179999941e+04 9.300081874240000027e-04 -1.575289081880000075e-03 -2.974285359569999940e-02 5.249029049630000304e-02
1.196312078700000048e+09 5.615724695780000184e+04 -2.882792323360000033e-04 -9.594855137410000648e-05 9.402077798470000192e-03 3.119507876779999828e-03
1.196233959759999990e+09 5.618049191930000234e+04 -8.015147177499999751e-04 -1.161924030640000029e-03 2.636295054469999996e-02 3.844768916090000183e-02
1.196155840819999933e+09 5.620373991699999897e+04 5.821128143000000145e-04 -9.290917645659999740e-04 -1.872001817189999917e-02 3.062400637590000085e-02
1.196077721890000105e+09 5.622699095140000281e+04 1.400062930770000014e-03 -1.697868425510000012e-03 -4.444582487220000155e-02 5.669267900779999952e-02
1.195999602950000048e+09 5.625024502329999814e+04 9.108340600509999942e-04 -1.082084490379999929e-03 -2.913848745019999992e-02 3.575800116040000337e-02
1.195921484019999981e+09 5.627350213310000254e+04 -3.704904229380000095e-04 -6.296880301879999873e-04 1.209963269290000032e-02 2.065250817480000084e-02
1.195843365079999924e+09 5.629676228139999876e+04 -1.429041381930000031e-03 -1.805884134519999962e-03 4.749947467130000156e-02 6.041047663299999732e-02
1.195765246140000105e+09 5.632002546900000016e+04 -1.054870313959999995e-03 -1.021034988479999983e-03 3.484284247239999993e-02 3.370619440630000241e-02
1.195687127210000038e+09 5.634329169620000175e+04 -1.747438363960000026e-04 -4.954609201379999762e-05 5.688620956620000363e-03 1.609642147610000065e-03
1.195609008269999981e+09 5.636656096380000236e+04 -1.519225334049999925e-04 -1.289680317560000131e-04 4.943855221140000013e-03 4.195301714749999876e-03
1.195530889329999924e+09 5.638983327239999926e+04 -3.651122096929999670e-05 -2.717348307299999986e-05 1.185917007780000042e-03 8.824850819259999653e-04
1.195452770400000095e+09 5.641310862250000355e+04 8.529297192580000478e-04 -9.174925844459999548e-04 -2.731112948439999924e-02 3.023584413499999859e-02
1.195374651460000038e+09 5.643638701469999796e+04 9.140082984229999695e-04 -1.279894925180000056e-03 -2.923856428699999829e-02 4.243526120209999836e-02
1.195296532519999981e+09 5.645966844970000238e+04 -6.773932836949999843e-04 -1.016694929060000000e-03 2.223466468269999843e-02 3.356048992849999801e-02
1.195218413589999914e+09 5.648295292799999879e+04 -1.917817047799999898e-03 -2.789208993799999810e-03 6.427773944320000488e-02 9.490678714620000289e-02
1.195140294650000095e+09 5.650624045019999903e+04 -1.223606523129999952e-03 -2.024104438569999855e-03 4.053065531669999833e-02 6.796384564099999803e-02
1.195062175710000038e+09 5.652953101690000040e+04 -2.963811857630000010e-04 -5.703064708359999874e-04 9.667600169169999341e-03 1.868659490729999983e-02
1.194984056779999971e+09 5.655282462880000094e+04 1.260636636289999947e-04 -8.521214479419999622e-05 -4.083882766899999718e-03 2.769958705589999938e-03
1.194905937839999914e+09 5.657612128629999643e+04 7.637352682650000359e-04 -7.139943598510000398e-04 -2.448976158979999929e-02 2.345024771329999938e-02
1.194827818910000086e+09 5.659942099020000023e+04 7.799839368089999921e-04 -1.157779351989999921e-03 -2.500432715290000149e-02 3.830788227169999727e-02
1.194749699970000029e+09 5.662272374100000161e+04 5.226881476119999825e-04 -5.221725097690000164e-04 -1.682497704429999907e-02 1.709588102779999869e-02
1.194671581029999971e+09 5.664602953929999785e+04 3.740250540429999990e-04 -5.890216880259999669e-05 -1.206835002819999988e-02 1.913891280680000105e-03
1.194593462099999905e+09 5.666933838570000080e+04 -1.799625169949999951e-05 -5.296283488700000326e-04 5.843585359140000173e-04 1.734211336620000016e-02
1.194515343160000086e+09 5.669265028090000123e+04 -4.839624452869999800e-04 -7.884965702620000232e-04 1.583492766550000097e-02 2.592916535439999948e-02
1.194437224220000029e+09 5.671596522530000220e+04 -9.321273537349999928e-04 -1.676009252050000018e-03 3.072561611670000109e-02 5.594198580950000138e-02
1.194359105289999962e+09 5.673928321960000176e+04 -8.720081532369999833e-04 -1.703807862980000068e-03 2.871517676950000042e-02 5.689675005500000049e-02
1.194280986349999905e+09 5.676260426439999719e+04 -1.078935107220000073e-03 -1.663271012359999980e-03 3.565205079830000012e-02 5.550478574260000325e-02
1.194202867410000086e+09 5.678592836030000035e+04 -1.712086726910000108e-03 -2.268652474619999894e-03 5.718127013250000334e-02 7.649686151869999895e-02
1.194124748480000019e+09 5.680925550800000201e+04 -1.791268819939999951e-03 -2.048217049659999817e-03 5.990662213859999918e-02 6.880197875229999982e-02
1.194046629539999962e+09 5.683258570789999794e+04 -8.023506961759999459e-04 -7.491266537569999480e-04 2.639081309410000117e-02 2.461844155860000091e-02
1.193968510609999895e+09 5.685591896070000075e+04 5.891178734599999706e-04 -9.799674857509999611e-04 -1.894317172009999869e-02 3.232832542900000022e-02
1.193890391670000076e+09 5.687925526700000046e+04 9.681828087199999787e-04 -1.538400604770000018e-03 -3.094502655060000010e-02 5.122909177090000099e-02
1.193812272730000019e+09 5.690259462740000163e+04 1.201168401170000068e-03 -2.088965160059999895e-03 -3.825091169869999919e-02 7.021994571730000301e-02
1.193734153799999952e+09 5.692593704250000155e+04 1.477599260399999970e-03 -2.322888244590000113e-03 -4.685046917220000301e-02 7.839921601179999922e-02
1.193656034859999895e+09 5.694928251279999677e+04 2.040138933809999963e-04 -4.168129954869999819e-04 -6.600792181289999797e-03 1.362280358670000038e-02
1.193577915920000076e+09 5.697263103910000063e+04 -2.565301256250000252e-04 -1.874383822940000081e-04 8.362254809670000705e-03 6.103143509479999965e-03
1.193499796990000010e+09 5.699598262190000241e+04 9.515617275610000186e-04 -9.853877488689999093e-04 -3.042178276419999980e-02 3.251007370339999841e-02
1.193421678049999952e+09 5.701933726179999940e+04 7.798336446289999861e-04 -9.592169083259999588e-04 -2.499956888789999984e-02 3.163283746980000144e-02
1.193343559109999895e+09 5.704269495930000267e+04 4.715517279689999800e-04 -6.099283802130000057e-04 -1.519136676969999947e-02 1.999790695110000016e-02
1.193265440180000067e+09 5.706605571519999648e+04 1.095372368579999910e-03 -1.593678348010000006e-03 -3.494000894669999774e-02 5.311960499329999863e-02
1.193187321240000010e+09 5.708941952989999845e+04 1.069825491869999968e-03 -1.854330972349999950e-03 -3.413886978709999853e-02 6.208247111009999875e-02
1.193109202309999943e+09 5.711278640420000011e+04 9.190962882709999499e-04 -1.740369439749999943e-03 -2.939895665809999850e-02 5.815387447280000177e-02
1.193031083369999886e+09 5.713615633849999722e+04 1.243991311639999894e-03 -1.763886415629999918e-03 -3.958795078170000009e-02 5.896331246349999916e-02
1.192952964430000067e+09 5.715952933350000239e+04 8.922144770620000446e-04 -1.304878033560000032e-03 -2.855125070299999873e-02 4.328176736319999662e-02
1.192874845500000000e+09 5.718290538989999914e+04 -2.515287196730000077e-04 -1.565749511989999998e-04 8.198551037269999689e-03 5.095640343270000337e-03
1.192796726559999943e+09 5.720628450809999777e+04 -9.697345667520000222e-04 -1.322017691210000028e-03 3.198529274060000344e-02 4.386292749669999658e-02
1.192718607619999886e+09 5.722966668880000361e+04 -1.209081383420000048e-03 -1.668946375120000094e-03 4.003976280660000164e-02 5.569955113390000212e-02
1.192640488690000057e+09 5.725305193270000018e+04 -1.202803803610000060e-03 -1.652746685400000070e-03 3.982767989109999712e-02 5.514371541969999985e-02
1.192562369750000000e+09 5.727644024019999779e+04 -4.478550399649999922e-04 -8.812377140740000094e-04 1.464482261790000031e-02 2.902355896089999984e-02
1.192484250809999943e+09 5.729983161210000253e+04 -3.061298630200000098e-04 -3.890832942440000165e-04 9.987183501529999993e-03 1.271072160589999979e-02
1.192406131880000114e+09 5.732322604889999639e+04 -7.617815281259999668e-04 -1.109958181390000107e-03 2.503956690609999980e-02 3.669620702819999941e-02
1.192328012940000057e+09 5.734662355109999771e+04 -3.450909571259999750e-04 -4.419989495060000083e-04 1.126543558780000037e-02 1.445193848400000078e-02
1.192249894009999990e+09 5.737002411949999805e+04 -1.574018679090000053e-04 -4.080605581299999733e-04 5.122620910970000427e-03 1.333482961689999927e-02
1.192171775069999933e+09 5.739342775470000197e+04 -3.474141121839999821e-04 -5.358334575969999963e-04 1.134170628639999921e-02 1.754708602580000096e-02
1.192093656130000114e+09 5.741683445709999796e+04 -6.062719039620000040e-04 -1.058962763589999922e-03 1.987682152010000064e-02 3.498040993169999890e-02
1.192015537200000048e+09 5.744024422749999940e+04 -6.589421536769999525e-05 -2.626794841330000029e-04 2.141325253669999849e-03 8.563569587639999203e-03
1.191937418259999990e+09 5.746365706630000204e+04 1.097502419730000088e-03 -1.552698093499999986e-03 -3.500677746329999840e-02 5.171772705509999901e-02
1.191859299319999933e+09 5.748707297439999820e+04 7.272956427189999646e-04 -1.194861224989999908e-03 -2.333482177569999941e-02 3.955941078849999765e-02
1.191781180390000105e+09 5.751049195209999743e+04 -0.000000000000000000e+00 -0.000000000000000000e+00 -0.000000000000000000e+00 -0.000000000000000000e+00
1.191703061450000048e+09 5.753391400019999855e+04 -0.000000000000000000e+00 -0.000000000000000000e+00 -0.000000000000000000e+00 -0.000000000000000000e+00
1.191624942509999990e+09 5.755733911929999886e+04 -0.000000000000000000e+00 -0.000000000000000000e+00 -0.000000000000000000e+00 -0.000000000000000000e+00
1.191546823579999924e+09 5.758076730980000139e+04 -0.000000000000000000e+00 -0.000000000000000000e+00 -0.000000000000000000e+00 -0.000000000000000000e+00
1.191468704640000105e+09 5.760419857259999844e+04 -0.000000000000000000e+00 -0.000000000000000000e+00 -0.000000000000000000e+00 -0.000000000000000000e+00
1.191390585700000048e+09 5.762763290799999959e+04 -0.000000000000000000e+00 -0.000000000000000000e+00 -0.000000000000000000e+00 -0.000000000000000000e+00
1.191312466769999981e+09 5.765107031689999712e+04 -0.000000000000000000e+00 -0.000000000000000000e+00 -0.000000000000000000e+00 -0.000000000000000000e+00
1.191234347829999924e+09 5.767451079970000137e+04 -0.000000000000000000e+00 -0.000000000000000000e+00 -0.000000000000000000e+00 -0.000000000000000000e+00
1.191156228900000095e+09 5.769795435710000311e+04 -0.000000000000000000e+00 -0.000000000000000000e+00 -0.000000000000000000e+00 -0.000000000000000000e+00
1.191078109960000038e+09 5.772140098959999887e+04 -0.000000000000000000e+00 -0.000000000000000000e+00 -0.000000000000000000e+00 -0.000000000000000000e+00
1.190999991019999981e+09 5.774485069790000125e+04 -0.000000000000000000e+00 -0.000000000000000000e+00 -0.000000000000000000e+00 -0.000000000000000000e+00
1.190921872089999914e+09 5.776830348270000104e+04 -0.000000000000000000e+00 -0.000000000000000000e+00 -0.000000000000000000e+00 -0.000000000000000000e+00
1.190843753150000095e+09 5.779175934440000128e+04 -0.000000000000000000e+00 -0.000000000000000000e+00 -0.000000000000000000e+00 -0.000000000000000000e+00
1.190765634210000038e+09 5.781521828370000003e+04 -0.000000000000000000e+00 -0.000000000000000000e+00 -0.000000000000000000e+00 -0.000000000000000000e+00
1.190687515279999971e+09 5.783868030110000109e+04 -0.000000000000000000e+00 -0.000000000000000000e+00 -0.000000000000000000e+00 -0.000000000000000000e+00
1.190609396339999914e+09 5.786214539740000328e+04 -0.000000000000000000e+00 -0.000000000000000000e+00 -0.000000000000000000e+00 -0.000000000000000000e+00
1.190531277400000095e+09 5.788561357319999661e+04 -0.000000000000000000e+00 -0.000000000000000000e+00 -0.000000000000000000e+00 -0.000000000000000000e+00
1.190453158470000029e+09 5.790908482889999868e+04 -0.000000000000000000e+00 -0.000000000000000000e+00 -0.000000000000000000e+00 -0.000000000000000000e+00
1.190375039529999971e+09 5.793255916520000028e+04 -0.000000000000000000e+00 -0.000000000000000000e+00 -0.000000000000000000e+00 -0.000000000000000000e+00
