1.390700236349999905e+09 6.403600876960000278e+03 -0.000000000000000000e+00 -0.000000000000000000e+00 -0.000000000000000000e+00 -0.000000000000000000e+00
1.390622109069999933e+09 6.420803440509999746e+03 -0.000000000000000000e+00 -0.000000000000000000e+00 -0.000000000000000000e+00 -0.000000000000000000e+00
1.390543981789999962e+09 6.438007937110000057e+03 -0.000000000000000000e+00 -0.000000000000000000e+00 -0.000000000000000000e+00 -0.000000000000000000e+00
1.390465854509999990e+09 6.455214367079999647e+03 -0.000000000000000000e+00 -0.000000000000000000e+00 -0.000000000000000000e+00 -0.000000000000000000e+00
1.390387727230000019e+09 6.472422730729999785e+03 -0.000000000000000000e+00 -0.000000000000000000e+00 -0.000000000000000000e+00 -0.000000000000000000e+00
1.390309599950000048e+09 6.489633028410000406e+03 -0.000000000000000000e+00 -0.000000000000000000e+00 -0.000000000000000000e+00 -0.000000000000000000e+00
1.390231472670000076e+09 6.506845260430000053e+03 -0.000000000000000000e+00 -0.000000000000000000e+00 -0.000000000000000000e+00 -0.000000000000000000e+00
1.390153345390000105e+09 6.524059427119999782e+03 -0.000000000000000000e+00 -0.000000000000000000e+00 -0.000000000000000000e+00 -0.000000000000000000e+00
1.390075218109999895e+09 6.541275528809999741e+03 -0.000000000000000000e+00 -0.000000000000000000e+00 -0.000000000000000000e+00 -0.000000000000000000e+00
1.389997090829999924e+09 6.558493565830000080e+03 -0.000000000000000000e+00 -0.000000000000000000e+00 -0.000000000000000000e+00 -0.000000000000000000e+00
1.389918963549999952e+09 6.575713538490000246e+03 -0.000000000000000000e+00 -0.000000000000000000e+00 -0.000000000000000000e+00 -0.000000000000000000e+00
1.389840836269999981e+09 6.592935447130000284e+03 -0.000000000000000000e+00 -0.000000000000000000e+00 -0.000000000000000000e+00 -0.000000000000000000e+00
1.389762708990000010e+09 6.610159292070000447e+03 -0.000000000000000000e+00 -0.000000000000000000e+00 -0.000000000000000000e+00 -0.000000000000000000e+00
1.389684581710000038e+09 6.627385073649999867e+03 -0.000000000000000000e+00 -0.000000000000000000e+00 -0.000000000000000000e+00 -0.000000000000000000e+00
1.389606454430000067e+09 6.644612792179999815e+03 -0.000000000000000000e+00 -0.000000000000000000e+00 -0.000000000000000000e+00 -0.000000000000000000e+00
1.389528327150000095e+09 6.661842447990000437e+03 -0.000000000000000000e+00 -0.000000000000000000e+00 -0.000000000000000000e+00 -0.000000000000000000e+00
1.389450199869999886e+09 6.679074041410000063e+03 -0.000000000000000000e+00 -0.000000000000000000e+00 -0.000000000000000000e+00 -0.000000000000000000e+00
1.389372072589999914e+09 6.696307572769999751e+03 -0.000000000000000000e+00 -0.000000000000000000e+00 -0.000000000000000000e+00 -0.000000000000000000e+00
1.389293945309999943e+09 6.713543042389999755e+03 -0.000000000000000000e+00 -0.000000000000000000e+00 -0.000000000000000000e+00 -0.000000000000000000e+00
1.389215818029999971e+09 6.730780450600000222e+03 -0.000000000000000000e+00 -0.000000000000000000e+00 -0.000000000000000000e+00 -0.000000000000000000e+00
1.389137690750000000e+09 6.748019797730000391e+03 -0.000000000000000000e+00 -0.000000000000000000e+00 -0.000000000000000000e+00 -0.000000000000000000e+00
1.389059563470000029e+09 6.765261084110000411e+03 -0.000000000000000000e+00 -0.000000000000000000e+00 -0.000000000000000000e+00 -0.000000000000000000e+00
1.388981436190000057e+09 6.782504310059999625e+03 -0.000000000000000000e+00 -0.000000000000000000e+00 -0.000000000000000000e+00 -0.000000000000000000e+00
1.388903308910000086e+09 6.799749475900000107e+03 -7.375611457969999830e-04 -1.016714346309999933e-03 2.045716034249999912e-02 2.831031034529999865e-02
1.388825181630000114e+09 6.816996581979999974e+03 -1.698301173749999999e-03 -2.151887089819999859e-03 4.774792026869999900e-02 6.089595451009999910e-02
1.388747054349999905e+09 6.834245628609999585e+03 -5.231943796389999703e-04 -6.093651934040000134e-04 1.446817261850000084e-02 1.687130694579999993e-02
1.388668927069999933e+09 6.851496616110000105e+03 1.004440477120000083e-03 -1.586700216630000096e-03 -2.720297731260000115e-02 4.453928523700000086e-02
1.388590799789999962e+09 6.868749544829999650e+03 4.010864940940000230e-04 -5.915369134550000447e-04 -1.095142095339999948e-02 1.637363728690000020e-02
1.388512672509999990e+09 6.886004415090000293e+03 -1.600160612720000002e-04 -1.869333178130000049e-04 4.402830473909999723e-03 5.145365293659999797e-03
1.388434545230000019e+09 6.903261227209999561e+03 -3.131421690339999909e-04 -1.247028150750000063e-04 8.634313227379999608e-03 3.429520722789999865e-03
1.388356417950000048e+09 6.920519981520000329e+03 -7.172148325480000308e-04 -4.555169863080000018e-04 1.988718107489999970e-02 1.258482399830000015e-02
1.388278290670000076e+09 6.937780678359999911e+03 -2.085633022939999874e-04 -2.321124467090000072e-04 5.742446134060000089e-03 6.392909676800000163e-03
1.388200163390000105e+09 6.955043318039999576e+03 8.255708962680000280e-05 -9.800960711540000259e-05 -2.263994343090000062e-03 2.694426119910000098e-03
1.388122036109999895e+09 6.972307900900000277e+03 -1.132244477049999896e-03 -1.932400953080000037e-03 3.157853909270000314e-02 5.451214992689999705e-02
1.388043908829999924e+09 6.989574427260000448e+03 -1.555166556499999915e-03 -2.439204874970000037e-03 4.363452450560000029e-02 6.931472739300000019e-02
1.387965781549999952e+09 7.006842897460000131e+03 2.152211673089999926e-04 -4.426952092640000112e-04 -5.891389431870000179e-03 1.222841470420000035e-02
1.387887654269999981e+09 7.024113311819999581e+03 1.604261808099999949e-03 -1.969397649040000031e-03 -4.310174746969999693e-02 5.558535561329999708e-02
1.387809526990000010e+09 7.041385670659999960e+03 1.195182907399999902e-03 -1.515813931340000099e-03 -3.228622887709999695e-02 4.250656979410000202e-02
1.387731399710000038e+09 7.058659974330000296e+03 1.029085135090000063e-03 -1.532410596120000043e-03 -2.786120845689999889e-02 4.298212082490000113e-02
1.387653272430000067e+09 7.075936223140000038e+03 9.130511316469999521e-04 -1.076256205930000093e-03 -2.475828115080000100e-02 2.999335445759999941e-02
1.387575145150000095e+09 7.093214417430000140e+03 4.565352573990000013e-04 -3.588702118759999919e-04 -1.245602296240000059e-02 9.901440529530000645e-03
1.387497017869999886e+09 7.110494557519999944e+03 9.622742072680000140e-04 -1.151428268620000072e-03 -2.607575777849999860e-02 3.212226443019999822e-02
1.387418890589999914e+09 7.127776643739999599e+03 7.963938987809999863e-04 -5.902651692910000289e-04 -2.162895153930000092e-02 1.633814649389999860e-02
1.387340763309999943e+09 7.145060676420000163e+03 -2.131358487529999958e-04 -6.643008908420000407e-04 5.868713794480000245e-03 1.840637532949999933e-02
1.387262636029999971e+09 7.162346655889999965e+03 -7.268639747049999902e-04 -1.615821099760000098e-03 2.015745052660000008e-02 4.537554646559999877e-02
1.387184508750000000e+09 7.179634582489999957e+03 -4.110677982679999736e-04 -8.499504689400000368e-04 1.134980448689999928e-02 2.361148896730000044e-02
1.387106381470000029e+09 7.196924456529999588e+03 3.105934592899999794e-04 -5.478994717719999586e-04 -8.491020225099999569e-03 1.515655868899999995e-02
1.387028254190000057e+09 7.214216278339999917e+03 2.387817949059999945e-05 -3.039338240459999937e-04 -6.553473891909999830e-04 8.379343438190000812e-03
1.386950126910000086e+09 7.231510048260000076e+03 -6.313188932840000083e-04 -1.208081012700000078e-03 1.748447660279999968e-02 3.372969843560000291e-02
1.386871999630000114e+09 7.248805766620000213e+03 -1.210569869729999923e-03 -1.964107869900000216e-03 3.380037518949999958e-02 5.543183832430000069e-02
1.386793872349999905e+09 7.266103433749999567e+03 -1.836943323719999977e-03 -2.598541521329999788e-03 5.174840874819999770e-02 7.401422502250000479e-02
1.386715745069999933e+09 7.283403049960000317e+03 -1.134014222769999958e-03 -1.445283370229999984e-03 3.162868653900000049e-02 4.048814759080000131e-02
1.386637617789999962e+09 7.300704615599999670e+03 2.909138274840000066e-04 -8.051684877149999911e-04 -7.955151515420000666e-03 2.235344126610000134e-02
1.386559490509999990e+09 7.318008130999999594e+03 8.890535682440000318e-04 -1.352820108959999898e-03 -2.411534618879999925e-02 3.784821837240000264e-02
1.386481363230000019e+09 7.335313596470000448e+03 5.518474499700000120e-04 -6.591465147230000021e-04 -1.503704060140000076e-02 1.826224636320000067e-02
1.386403235950000048e+09 7.352621012360000350e+03 -1.557887444509999976e-04 -1.319438777169999993e-04 4.286266515610000390e-03 3.629022938289999927e-03
1.386325108670000076e+09 7.369930378989999554e+03 -8.970684721129999501e-04 -3.986770598570000038e-04 2.493687278550000067e-02 1.100579983149999920e-02
1.386246981390000105e+09 7.387241696690000026e+03 -4.647889873010000112e-04 -1.718838633709999987e-04 1.284263868119999916e-02 4.730145671159999808e-03
1.386168854109999895e+09 7.404554965799999991e+03 4.816597502210000193e-04 -9.949834993579998940e-04 -1.313703142670000039e-02 2.769675873150000134e-02
1.386090726829999924e+09 7.421870186629999807e+03 -1.618064998179999923e-04 -1.477350067279999872e-04 4.452204090609999942e-03 4.064230490199999789e-03
1.386012599549999952e+09 7.439187359530000322e+03 -1.130922813900000047e-03 -1.298599354999999990e-03 3.154109013709999881e-02 3.630339083519999732e-02
1.385934472269999981e+09 7.456506484819999969e+03 -1.231031375940000103e-03 -1.657095806219999971e-03 3.438161559979999865e-02 4.656202704529999875e-02
1.385856344990000010e+09 7.473827562829999806e+03 -4.728154453909999794e-04 -8.728863078400000367e-04 1.306587383159999935e-02 2.425643248920000133e-02
1.385778217710000038e+09 7.491150593889999982e+03 -1.673959195609999969e-05 -3.107706840809999977e-04 4.596818516879999975e-04 8.568642984330000767e-03
1.385700090430000067e+09 7.508475578339999629e+03 -1.117852661990000052e-04 -4.361258759079999830e-04 3.073721538490000165e-03 1.204585493999999965e-02
1.385621963150000095e+09 7.525802516499999911e+03 5.126405158080000156e-04 -5.714330170529999513e-04 -1.397613826200000062e-02 1.581274161200000097e-02
1.385543835869999886e+09 7.543131408700000065e+03 8.823860553089999791e-04 -1.144649574070000057e-03 -2.393663893289999997e-02 3.193010241909999963e-02
1.385465708589999914e+09 7.560462255280000136e+03 1.301694079300000102e-03 -1.832188911000000048e-03 -3.511352972000000155e-02 5.161095589609999978e-02
1.385387581309999943e+09 7.577795056560000376e+03 2.253076061610000212e-03 -3.800533022719999963e-03 -6.001921866499999869e-02 1.101961066880000062e-01
1.385309454029999971e+09 7.595129812879999918e+03 1.842409372330000095e-03 -2.901728989099999940e-03 -4.934460815549999990e-02 8.301793620040000266e-02
1.385231326750000000e+09 7.612466524559999925e+03 3.983112983410000050e-04 -4.944794855700000409e-04 -1.087605650559999963e-02 1.366865191080000007e-02
1.385153199470000029e+09 7.629805191940000441e+03 -3.607367980289999886e-04 -4.808066284900000239e-04 9.953197887090000848e-03 1.328817741639999953e-02
1.385075072190000057e+09 7.647145815349999793e+03 9.169311670120000482e-05 -6.600347032979999326e-05 -2.514220367830000136e-03 1.813732494330000085e-03
1.384996944910000086e+09 7.664488395119999950e+03 6.977412849660000020e-04 -1.025214618200000075e-03 -1.897493195339999827e-02 2.855041061089999901e-02
1.384918817630000114e+09 7.681832931580000150e+03 1.509648573119999962e-04 -7.020497682679999716e-05 -4.136091010070000115e-03 1.929298606699999998e-03
1.384840690349999905e+09 7.699179425059999630e+03 -7.852579001340000316e-04 -1.049802736390000046e-03 2.179460655520000165e-02 2.924525591790000031e-02
1.384762563069999933e+09 7.716527875890000360e+03 -5.376889021139999621e-04 -7.729195273179999791e-04 1.487199252209999920e-02 2.144845947319999960e-02
1.384684435789999962e+09 7.733878284409999651e+03 -2.654173003979999829e-04 -2.644850734700000079e-04 7.313563823259999590e-03 7.287782514429999928e-03
1.384606308509999990e+09 7.751230650939999578e+03 -4.035900637970000213e-04 -2.821331181069999870e-04 1.114218563349999962e-02 7.775962888459999993e-03
1.384528181230000019e+09 7.768584975820000182e+03 5.123519804329999512e-04 -7.599745154040000355e-04 -1.396832659569999940e-02 2.108542217789999978e-02
1.384450053950000048e+09 7.785941259379999792e+03 6.391385104509999691e-04 -7.421026113459999914e-04 -1.739501894799999962e-02 2.058442879620000013e-02
1.384371926670000076e+09 7.803299501950000376e+03 3.661014488900000106e-04 -3.510991227879999899e-04 -1.000093576759999991e-02 9.685989824700000014e-03
1.384293799390000105e+09 7.820659703860000263e+03 4.550297162499999807e-04 -1.011770108090000002e-03 -1.241519999319999970e-02 2.817068098280000113e-02
1.384215672109999895e+09 7.838021865439999601e+03 -1.023742137480000052e-03 -9.619379135500000276e-04 2.850881451719999848e-02 2.676446616819999971e-02
1.384137544829999924e+09 7.855385987030000251e+03 -1.564532285559999897e-03 -2.607763597459999798e-03 4.390315965120000080e-02 7.428689954250000671e-02
1.384059417549999952e+09 7.872752068949999739e+03 -3.399238921699999916e-04 -6.798211922400000098e-04 9.376241847219999453e-03 1.884048641529999929e-02
1.383981290269999981e+09 7.890120111549999820e+03 4.695637617259999742e-04 -7.651461513089999930e-05 -1.280922317520000013e-02 2.102875821369999936e-03
1.383903162990000010e+09 7.907490115139999943e+03 1.177544007079999984e-03 -1.420399333009999925e-03 -3.181723811670000152e-02 3.977699489110000236e-02
1.383825035710000038e+09 7.924862080070000047e+03 9.718257351780000206e-04 -9.701187068029999824e-04 -2.633120753659999938e-02 2.699518436659999882e-02
1.383746908430000067e+09 7.942236006660000385e+03 -4.583916452249999982e-04 -9.974431914260000354e-04 1.266474885619999977e-02 2.776618711309999932e-02
1.383668781150000095e+09 7.959611895259999983e+03 -7.624320569449999927e-04 -1.592693159440000108e-03 2.115433273960000068e-02 4.471132678149999928e-02
1.383590653869999886e+09 7.976989746180000111e+03 -3.935519634979999713e-05 -1.906489181919999933e-04 1.081059225270000019e-03 5.247906528810000228e-03
1.383512526589999914e+09 7.994369559769999796e+03 5.616494454440000474e-04 -7.833044815109999840e-04 -1.530209750000000035e-02 2.173979635670000160e-02
1.383434399309999943e+09 8.011751336350000201e+03 5.198754952289999986e-04 -5.693325874250000033e-04 -1.417199462509999980e-02 1.575415809020000099e-02
1.383356272029999971e+09 8.029135076249999656e+03 -4.814168787560000142e-04 -6.991344610059999944e-04 1.330515576019999924e-02 1.938095211219999919e-02
1.383278144750000000e+09 8.046520779819999916e+03 -3.403795999469999859e-04 -3.477278119860000168e-04 9.388870991029999932e-03 9.592535856600000257e-03
1.383200017470000029e+09 8.063908447390000219e+03 2.390093577559999970e-04 -5.079075125890000417e-04 -6.540434028629999764e-03 1.404245446960000060e-02
1.383121890190000057e+09 8.081298079270000017e+03 -5.735550075770000150e-04 -9.668866393219999883e-04 1.587192997859999954e-02 2.690402586879999877e-02
1.383043762910000086e+09 8.098689675820000048e+03 -8.213834371419999726e-04 -1.589645599069999977e-03 2.280878055230000159e-02 4.462383568139999951e-02
1.382965635630000114e+09 8.116083237359999657e+03 -2.297204628120000033e-04 -3.177619544740000086e-04 6.326820098379999820e-03 8.762254921790000803e-03
1.382887508349999905e+09 8.133478764219999903e+03 -8.014166960490000120e-04 -8.900775722460000121e-04 2.224811504699999998e-02 2.474011452360000071e-02
1.382809381069999933e+09 8.150876256749999811e+03 -1.206348650159999938e-03 -1.514318543499999954e-03 3.368050701099999794e-02 4.246373293820000089e-02
1.382731253789999962e+09 8.168275715259999743e+03 -3.857245901600000202e-04 -4.023451958250000120e-04 1.064632626729999920e-02 1.110762613320000029e-02
1.382653126509999990e+09 8.185677140099999633e+03 -4.165938589720000152e-04 -5.054811750570000449e-04 1.150326293690000050e-02 1.397490098080000041e-02
1.382574999230000019e+09 8.203080531589999737e+03 -1.044958247800000049e-03 -1.508654227010000105e-03 2.910831541140000006e-02 4.230148965709999709e-02
1.382496871950000048e+09 8.220485890080000900e+03 -7.206883747130000311e-04 -3.435076217700000186e-04 1.998446548929999969e-02 9.475562948600000507e-03
1.382418744670000076e+09 8.237893215890000647e+03 1.340654416710000099e-04 -9.485959265630000388e-04 -3.673935182279999823e-03 2.638830395810000048e-02
1.382340617390000105e+09 8.255302509360000840e+03 2.762748044919999995e-04 -7.333622558390000398e-04 -7.556350288250000130e-03 2.033950651709999849e-02
1.382262490109999895e+09 8.272713770829999703e+03 2.302368520759999905e-04 -4.005797354890000268e-04 -6.301131205359999585e-03 1.105861621490000085e-02
1.382184362829999924e+09 8.290127000610000323e+03 5.700988112950000413e-04 -8.490032518980000472e-04 -1.553052141560000085e-02 2.358486267250000171e-02
1.382106235559999943e+09 8.307542199060000712e+03 5.231988034209999767e-04 -7.149574990459999510e-04 -1.426194623529999927e-02 1.982396441169999995e-02
1.382028108279999971e+09 8.324959366499999305e+03 -7.177636143750000444e-05 -1.956634900460000085e-04 1.972524347149999958e-03 5.386312786339999929e-03
1.381949981000000000e+09 8.342378503269999783e+03 -1.134272315539999916e-03 -1.488221574839999894e-03 3.163600005580000096e-02 4.171645488910000199e-02
1.381871853720000029e+09 8.359799609699999564e+03 -1.213151146660000103e-03 -1.761755004689999956e-03 3.387368169379999933e-02 4.957688055110000269e-02
1.381793726440000057e+09 8.377222686119999707e+03 5.961768911219999948e-04 -6.791065508109999597e-04 -1.623519897049999910e-02 1.882049337490000057e-02
1.381715599160000086e+09 8.394647732879999239e+03 1.120658009310000107e-03 -1.329113016540000095e-03 -3.030322817709999936e-02 3.717247546329999902e-02
1.381637471880000114e+09 8.412074750289999429e+03 -4.154567141089999887e-04 -1.122877907720000066e-03 1.147168255219999967e-02 3.131317021490000185e-02
1.381559344599999905e+09 8.429503738710000107e+03 -7.368241786029999752e-04 -2.210136277769999841e-03 2.043650935710000088e-02 6.259701068360000453e-02
1.381481217319999933e+09 8.446934698459999709e+03 2.066878514599999948e-04 -3.413525864959999936e-04 -5.658461013660000261e-03 9.415836144859999340e-03
1.381403090039999962e+09 8.464367629880000095e+03 8.257204899559999816e-04 -3.647458744419999752e-05 -2.241655912160000000e-02 1.001891296719999895e-03
1.381324962759999990e+09 8.481802533289999701e+03 7.254288066180000077e-04 -1.349929267450000064e-04 -1.972051176530000005e-02 3.713040755099999805e-03
1.381246835480000019e+09 8.499239409050000177e+03 5.047575104979999845e-04 -3.411772054979999810e-04 -1.376269567159999971e-02 9.410975617370000851e-03
1.381168708200000048e+09 8.516678257469999153e+03 4.369156667959999936e-04 -6.862337635909999609e-04 -1.192390419349999980e-02 1.901990447890000019e-02
1.381090580920000076e+09 8.534119078899999295e+03 9.051791857930000049e-05 -7.270088424039999799e-04 -2.482036455159999933e-03 2.016150878210000094e-02
1.381012453640000105e+09 8.551561873669999841e+03 5.211191019040000046e-04 -1.481314208579999911e-03 -1.420565613499999956e-02 4.151875817239999988e-02
1.380934326359999895e+09 8.569006642120000834e+03 1.086653326639999912e-03 -1.321975318440000036e-03 -2.939710419479999934e-02 3.696911314160000045e-02
1.380856199079999924e+09 8.586453384579999693e+03 9.993619751189999120e-04 -1.106578370140000019e-03 -2.706728236859999928e-02 3.085154783839999873e-02
1.380778071799999952e+09 8.603902101379999294e+03 1.109802862629999994e-03 -1.862492779839999965e-03 -3.001405990619999964e-02 5.248738220620000061e-02
1.380699944519999981e+09 8.621352792859999681e+03 2.170276362450000197e-03 -4.134097023019999741e-03 -5.787612722089999912e-02 1.204734103130000039e-01
1.380621817240000010e+09 8.638805459360000896e+03 3.450652817259999925e-03 -5.617152398790000410e-03 -9.051301864919999995e-02 1.674910395080000114e-01
1.380543689960000038e+09 8.656260101210000357e+03 2.806522417809999802e-03 -4.241645164429999615e-03 -7.422723047220000647e-02 1.238096771799999940e-01
1.380465562680000067e+09 8.673716718749999927e+03 1.702171983200000084e-03 -1.980554201960000194e-03 -4.567310915410000005e-02 5.590921272729999780e-02
1.380387435400000095e+09 8.691175312310000663e+03 2.207541139800000066e-03 -2.494460870880000052e-03 -5.884121394419999929e-02 7.094195532489999678e-02
1.380309308119999886e+09 8.708635882219999985e+03 3.030999097970000101e-03 -4.335488000370000226e-03 -7.993291646510000681e-02 1.267299109950000002e-01
1.380231180839999914e+09 8.726098428830000557e+03 3.689441597090000174e-03 -5.404511493080000305e-03 -9.648364834700000336e-02 1.606123551739999933e-01
1.380153053559999943e+09 8.743562952469999800e+03 4.054940305650000035e-03 -6.068137483150000400e-03 -1.055540206070000042e-01 1.822383796519999877e-01
1.380074926279999971e+09 8.761029453479999574e+03 2.697796327989999878e-03 -3.956739952139999572e-03 -7.145191420249999426e-02 1.149957874560000037e-01
1.379996799000000000e+09 8.778497932180000134e+03 1.024224329740000073e-03 -1.985568860110000205e-03 -2.773141609950000031e-02 5.605481450839999713e-02
1.379918671720000029e+09 8.795968388920000507e+03 6.861137226220000206e-04 -1.184009134700000042e-03 -1.866165483900000116e-02 3.304638040220000267e-02
1.379840544440000057e+09 8.813440824029999931e+03 6.797583773729999612e-04 -8.195765253689999601e-04 -1.849038363100000137e-02 2.275802958429999981e-02
1.379762417160000086e+09 8.830915237859999252e+03 8.400620426980000104e-04 -1.000847511569999924e-03 -2.280149631150000036e-02 2.786228694759999847e-02
1.379684289880000114e+09 8.848391630719999739e+03 7.057994953359999829e-04 -9.991162687579999927e-04 -1.919198377520000068e-02 2.781341490579999909e-02
1.379606162599999905e+09 8.865870002969999405e+03 -5.346867255870000257e-04 -8.140444188390000366e-04 1.478833797359999959e-02 2.260266459499999867e-02
1.379528035319999933e+09 8.883350354930000321e+03 -1.199802150949999925e-03 -1.613282703059999929e-03 3.349463727069999786e-02 4.530262377520000161e-02
1.379449908039999962e+09 8.900832686949999697e+03 -1.672412909099999943e-04 -3.120057943500000080e-05 4.602090289250000341e-03 8.569616928309999786e-04
1.379371780759999990e+09 8.918316999360000409e+03 1.185562461610000038e-03 -2.234861611259999960e-03 -3.203046354430000298e-02 6.331994250780000055e-02
1.379293653480000019e+09 8.935803292489999876e+03 8.773718727750000031e-04 -1.349203320860000018e-03 -2.380222433019999959e-02 3.774509654000000186e-02
1.379215526200000048e+09 8.953291566690000764e+03 -8.471594774159999603e-04 -1.249912433550000096e-03 2.353303615850000155e-02 3.491826081919999908e-02
1.379137398920000076e+09 8.970781822290000491e+03 -4.160833195780000025e-04 -5.254627858769999552e-04 1.148908429419999953e-02 1.453136004640000027e-02
1.379059271640000105e+09 8.988274059620000116e+03 1.783472020179999954e-03 -2.811308941270000087e-03 -4.780323472910000260e-02 8.032425259799999551e-02
1.378981144359999895e+09 9.005768279030000485e+03 2.012125914920000029e-03 -2.809410192239999993e-03 -5.376993608339999953e-02 8.026776509800000181e-02
1.378903017079999924e+09 9.023264480850000837e+03 1.015167450530000005e-03 -1.303483097679999968e-03 -2.748953598089999908e-02 3.644243795729999735e-02
1.378824889799999952e+09 9.040762665410000409e+03 5.713757709599999934e-04 -1.038340340069999947e-03 -1.556503877310000047e-02 2.892127547399999873e-02
1.378746762519999981e+09 9.058262833060000048e+03 3.034544351980000181e-04 -7.947520344130000339e-04 -8.296660568030000613e-03 2.206104149529999892e-02
1.378668635240000010e+09 9.075764984130000812e+03 -6.602384382859999984e-04 -7.153910648640000305e-04 1.829277748320000049e-02 1.983610611979999896e-02
1.378590507960000038e+09 9.093269118959999105e+03 -1.051360275599999951e-03 -1.564038463130000079e-03 2.928928729589999960e-02 4.388899364889999738e-02
1.378512380680000067e+09 9.110775237890000426e+03 -4.235078231429999923e-04 -6.040929760969999691e-04 1.169529657200000031e-02 1.672410921000000092e-02
1.378434253400000095e+09 9.128283341250000376e+03 -2.825874544210000118e-04 -4.088799664589999735e-04 7.788533891010000418e-03 1.128905500570000046e-02
1.378356126119999886e+09 9.145793429380000816e+03 -6.813136860729999663e-04 -1.070599483740000083e-03 1.888224219600000142e-02 2.983333649879999980e-02
1.378277998839999914e+09 9.163305502619999970e+03 -8.436314528810000225e-04 -1.257223333600000076e-03 2.343387467679999836e-02 3.512613160999999984e-02
1.378199871559999943e+09 9.180819561300000714e+03 -1.387826487189999867e-04 -6.608105738169999487e-04 3.817477964050000096e-03 1.830877525589999846e-02
1.378121744279999971e+09 9.198335605770000257e+03 -9.398104157300000289e-04 -1.458762917709999956e-03 2.614068367379999980e-02 4.087358641870000170e-02
1.378043617000000000e+09 9.215853636359999655e+03 -1.298441784460000002e-03 -1.746509953729999962e-03 3.629890489890000294e-02 4.913715972589999953e-02
1.377965489720000029e+09 9.233373653399999966e+03 1.132907927969999942e-03 -1.601428682210000089e-03 -3.062945113070000142e-02 4.496215357339999885e-02
1.377887362440000057e+09 9.250895657249999203e+03 2.071770140900000123e-03 -3.129798072089999810e-03 -5.532050955710000190e-02 8.984470026030000334e-02
1.377809235160000086e+09 9.268419648229999439e+03 1.047246856610000105e-03 -1.720317538449999935e-03 -2.834601050000000108e-02 4.838212963909999803e-02
1.377731107880000114e+09 9.285945626680000714e+03 -9.537974256089999908e-05 -2.940206660979999932e-05 2.622032463580000177e-03 8.075434092069999669e-04
1.377652980599999905e+09 9.303473592950000238e+03 -1.718009938490000065e-03 -2.801352806459999917e-03 4.831563741610000323e-02 8.002809456789999887e-02
1.377574853319999933e+09 9.321003547360000084e+03 -2.121813362460000119e-03 -3.162497771800000003e-03 6.001884012429999776e-02 9.082732762640000068e-02
1.377496726039999962e+09 9.338535490259999278e+03 -5.228315130809999640e-04 -8.747197285820000005e-04 1.445806518540000002e-02 2.430800525820000016e-02
1.377418598759999990e+09 9.356069421989999682e+03 -4.735877155329999884e-06 -3.317577421459999977e-04 1.300293344539999883e-04 9.149958318580000624e-03
1.377340471480000019e+09 9.373605342880000535e+03 -9.652805747460000340e-04 -1.638546024069999956e-03 2.685873088449999835e-02 4.602862179259999825e-02
1.377262344200000048e+09 9.391143253280000863e+03 -1.686050556599999950e-03 -2.660491207359999902e-03 4.739519976409999752e-02 7.584735708560000345e-02
1.377184216920000076e+09 9.408683153509999102e+03 -2.025959314780000162e-03 -2.925568550380000174e-03 5.722833456399999824e-02 8.372934566329999495e-02
1.377106089640000105e+09 9.426225043930000538e+03 -2.111336681990000179e-03 -2.616231766149999891e-03 5.971346341409999869e-02 7.453734833960000417e-02
1.377027962359999895e+09 9.443768924870000774e+03 -1.986511517320000038e-03 -2.243892621560000019e-03 5.608218714990000076e-02 6.358412612390000607e-02
1.376949835079999924e+09 9.461314796660000866e+03 -1.599360955879999911e-03 -1.932511588309999929e-03 4.490277638140000027e-02 5.451535753370000126e-02
1.376871707799999952e+09 9.478862659649999841e+03 -5.033908528279999956e-04 -4.112811910029999778e-04 1.391670640580000042e-02 1.135572995619999956e-02
1.376793580519999981e+09 9.496412514179999562e+03 5.606462364089999460e-04 -7.163051862669999595e-04 -1.527497283499999921e-02 1.986170593459999842e-02
1.376715453240000010e+09 9.513964360579999266e+03 9.787419112399998924e-04 -8.990186590610000196e-04 -2.651613570179999976e-02 2.499176753250000049e-02
1.376637325960000038e+09 9.531518199199999799e+03 1.114586717449999893e-03 -1.802446848190000089e-03 -3.014150644680000171e-02 5.075152397740000099e-02
1.376559198680000067e+09 9.549074030359999597e+03 1.067197881639999919e-03 -1.579102976730000028e-03 -2.887830475869999913e-02 4.432123109979999726e-02
1.376481071400000095e+09 9.566631854420000309e+03 6.544433999810000306e-04 -9.067637290219999861e-04 -1.780787500520000094e-02 2.520980902890000014e-02
1.376402944119999886e+09 9.584191671720000159e+03 1.363409683109999986e-04 -4.031315300890000249e-05 -3.736177465359999915e-03 1.107388188130000025e-03
1.376324816839999914e+09 9.601753482579999400e+03 6.530031096189999485e-04 -4.947127515739999917e-04 -1.776902981039999926e-02 1.367514425819999976e-02
1.376246689559999943e+09 9.619317287350000697e+03 1.887744758279999999e-03 -2.103255054479999994e-03 -5.052863832320000220e-02 5.947796195979999923e-02
1.376168562279999971e+09 9.636883086379999440e+03 1.464654342270000015e-03 -2.129586928830000045e-03 -3.942383938639999752e-02 6.024548612069999948e-02
1.376090435000000000e+09 9.654450879989999521e+03 2.116444520649999987e-04 -7.616798685350000203e-04 -5.793764747599999994e-03 2.113324053660000160e-02
1.376012307720000029e+09 9.672020668540000770e+03 7.027302053759999952e-04 -1.437682505769999905e-03 -1.910931650959999881e-02 4.027087133900000143e-02
1.375934180440000057e+09 9.689592452349999803e+03 9.571537957530000355e-04 -1.288577633000000024e-03 -2.593878863949999891e-02 3.601811864130000096e-02
1.375856053160000086e+09 9.707166231780000089e+03 4.971523885620000123e-04 -6.840668837880000243e-04 -1.355673394779999957e-02 1.895927350120000035e-02
1.375777925880000114e+09 9.724742007150000063e+03 8.178171701730000201e-04 -1.146887823080000070e-03 -2.220436520990000037e-02 3.199354807950000046e-02
1.375699798599999905e+09 9.742319778810000571e+03 1.276748022059999953e-03 -1.714090552949999952e-03 -3.445206207490000144e-02 4.820271260970000055e-02
1.375621671319999933e+09 9.759899547099999836e+03 1.123971072960000105e-03 -1.471988055940000057e-03 -3.039146762220000172e-02 4.125189501970000228e-02
1.375543544039999962e+09 9.777481312359999720e+03 -1.308810315090000085e-04 -1.880048053129999920e-05 3.599737427149999822e-03 5.162900218920000181e-04
1.375465416759999990e+09 9.795065074939999249e+03 -3.208672860639999783e-04 -5.227109719350000539e-04 8.848264087020000362e-03 1.445470760579999937e-02
1.375387289480000019e+09 9.812650835160000497e+03 7.938411436039999932e-04 -1.039908305309999916e-03 -2.156036428770000124e-02 2.896558724200000087e-02
1.375309162200000048e+09 9.830238593370000672e+03 -2.661080798129999937e-04 -2.282190705370000061e-04 7.332668181470000136e-03 6.285339448830000106e-03
1.375231034920000076e+09 9.847828349920000619e+03 -2.067351946609999845e-03 -3.174422902970000081e-03 5.843240280169999940e-02 9.118591873150000415e-02
1.375152907640000105e+09 9.865420105130000593e+03 -2.035848330710000008e-03 -2.823854216549999928e-03 5.751586388370000247e-02 8.069755287270000133e-02
1.375074780359999895e+09 9.883013859360000424e+03 -8.069463656279999989e-04 -1.119951252139999957e-03 2.240335653620000034e-02 3.123026813519999903e-02
1.374996653079999924e+09 9.900609612950000155e+03 -0.000000000000000000e+00 -0.000000000000000000e+00 -0.000000000000000000e+00 -0.000000000000000000e+00
1.374918525799999952e+09 9.918207366220000040e+03 -0.000000000000000000e+00 -0.000000000000000000e+00 -0.000000000000000000e+00 -0.000000000000000000e+00
1.374840398519999981e+09 9.935807119540000713e+03 -0.000000000000000000e+00 -0.000000000000000000e+00 -0.000000000000000000e+00 -0.000000000000000000e+00
1.374762271240000010e+09 9.953408873219999805e+03 -0.000000000000000000e+00 -0.000000000000000000e+00 -0.000000000000000000e+00 -0.000000000000000000e+00
1.374684143960000038e+09 9.971012627629999770e+03 -0.000000000000000000e+00 -0.000000000000000000e+00 -0.000000000000000000e+00 -0.000000000000000000e+00
1.374606016680000067e+09 9.988618383090000862e+03 -0.000000000000000000e+00 -0.000000000000000000e+00 -0.000000000000000000e+00 -0.000000000000000000e+00
1.374527889400000095e+09 1.000622614000000067e+04 -0.000000000000000000e+00 -0.000000000000000000e+00 -0.000000000000000000e+00 -0.000000000000000000e+00
1.374449762119999886e+09 1.002383589860000029e+04 -0.000000000000000000e+00 -0.000000000000000000e+00 -0.000000000000000000e+00 -0.000000000000000000e+00
1.374371634839999914e+09 1.004144765919999918e+04 -0.000000000000000000e+00 -0.000000000000000000e+00 -0.000000000000000000e+00 -0.000000000000000000e+00
1.374293507559999943e+09 1.005906142240000008e+04 -0.000000000000000000e+00 -0.000000000000000000e+00 -0.000000000000000000e+00 -0.000000000000000000e+00
1.374215380279999971e+09 1.007667718819999936e+04 -0.000000000000000000e+00 -0.000000000000000000e+00 -0.000000000000000000e+00 -0.000000000000000000e+00
1.374137253000000000e+09 1.009429495719999977e+04 -0.000000000000000000e+00 -0.000000000000000000e+00 -0.000000000000000000e+00 -0.000000000000000000e+00
1.374059125720000029e+09 1.011191472969999995e+04 -0.000000000000000000e+00 -0.000000000000000000e+00 -0.000000000000000000e+00 -0.000000000000000000e+00
1.373980998440000057e+09 1.012953650589999961e+04 -0.000000000000000000e+00 -0.000000000000000000e+00 -0.000000000000000000e+00 -0.000000000000000000e+00
1.373902871160000086e+09 1.014716028619999997e+04 -0.000000000000000000e+00 -0.000000000000000000e+00 -0.000000000000000000e+00 -0.000000000000000000e+00
1.373824743880000114e+09 1.016478607109999939e+04 -0.000000000000000000e+00 -0.000000000000000000e+00 -0.000000000000000000e+00 -0.000000000000000000e+00
1.373746616599999905e+09 1.018241386070000044e+04 -0.000000000000000000e+00 -0.000000000000000000e+00 -0.000000000000000000e+00 -0.000000000000000000e+00
1.373668489319999933e+09 1.020004365549999966e+04 -0.000000000000000000e+00 -0.000000000000000000e+00 -0.000000000000000000e+00 -0.000000000000000000e+00
1.373590362039999962e+09 1.021767545579999933e+04 -0.000000000000000000e+00 -0.000000000000000000e+00 -0.000000000000000000e+00 -0.000000000000000000e+00
