1.241401978339999914e+09 4.322852865819999715e+04 -0.000000000000000000e+00 -0.000000000000000000e+00 -0.000000000000000000e+00 -0.000000000000000000e+00
1.241323859119999886e+09 4.325011571669999830e+04 -0.000000000000000000e+00 -0.000000000000000000e+00 -0.000000000000000000e+00 -0.000000000000000000e+00
1.241245739910000086e+09 4.327170549239999673e+04 -0.000000000000000000e+00 -0.000000000000000000e+00 -0.000000000000000000e+00 -0.000000000000000000e+00
1.241167620690000057e+09 4.329329798589999700e+04 -0.000000000000000000e+00 -0.000000000000000000e+00 -0.000000000000000000e+00 -0.000000000000000000e+00
1.241089501470000029e+09 4.331489319760000217e+04 -0.000000000000000000e+00 -0.000000000000000000e+00 -0.000000000000000000e+00 -0.000000000000000000e+00
1.241011382259999990e+09 4.333649112800000148e+04 -0.000000000000000000e+00 -0.000000000000000000e+00 -0.000000000000000000e+00 -0.000000000000000000e+00
1.240933263039999962e+09 4.335809177780000027e+04 -0.000000000000000000e+00 -0.000000000000000000e+00 -0.000000000000000000e+00 -0.000000000000000000e+00
1.240855143819999933e+09 4.337969514730000083e+04 -0.000000000000000000e+00 -0.000000000000000000e+00 -0.000000000000000000e+00 -0.000000000000000000e+00
1.240777024609999895e+09 4.340130123699999967e+04 -0.000000000000000000e+00 -0.000000000000000000e+00 -0.000000000000000000e+00 -0.000000000000000000e+00
1.240698905390000105e+09 4.342291004760000214e+04 -0.000000000000000000e+00 -0.000000000000000000e+00 -0.000000000000000000e+00 -0.000000000000000000e+00
1.240620786170000076e+09 4.344452157949999673e+04 -0.000000000000000000e+00 -0.000000000000000000e+00 -0.000000000000000000e+00 -0.000000000000000000e+00
1.240542666960000038e+09 4.346613583330000256e+04 -7.108586723920000188e-04 -9.537383934300000402e-04 2.003277978489999972e-02 2.697042602550000015e-02
1.240464547740000010e+09 4.348775280940000084e+04 -1.277063041929999993e-03 -1.529892911170000055e-03 3.628123289920000272e-02 4.362288012499999923e-02
1.240386428519999981e+09 4.350937250830000266e+04 -8.287391392510000485e-05 -4.034670818990000241e-04 2.314917835199999975e-03 1.132085506739999997e-02
1.240308309309999943e+09 4.353099493069999880e+04 5.803984240629999746e-04 -1.192592512450000100e-03 -1.606380758709999995e-02 3.384034987620000018e-02
1.240230190089999914e+09 4.355262007689999882e+04 -1.122661866249999958e-03 -9.754283346949999857e-04 3.182411336549999942e-02 2.759232761999999908e-02
1.240152070869999886e+09 4.357424794750000001e+04 -2.710662316530000095e-03 -3.733049676789999913e-03 7.864218915909999830e-02 1.099875497050000067e-01
1.240073951660000086e+09 4.359587854309999966e+04 -2.505640964959999877e-03 -3.699850133689999796e-03 7.247300406270000550e-02 1.089540988889999978e-01
1.239995832440000057e+09 4.361751186410000082e+04 1.652981154619999891e-04 -8.286526700079999619e-05 -4.601331286379999747e-03 2.314676020829999938e-03
1.239917713220000029e+09 4.363914791100000002e+04 2.998399315400000070e-03 -3.301207075610000045e-03 -8.034184709189999551e-02 9.662764614940000385e-02
1.239839594009999990e+09 4.366078668440000183e+04 2.134306123479999973e-03 -2.992750195260000193e-03 -5.784300780679999671e-02 8.719303176489999474e-02
1.239761474789999962e+09 4.368242818480000278e+04 2.495548105800000156e-04 -6.924671783660000255e-04 -6.938626670689999887e-03 1.950939796830000045e-02
1.239683355569999933e+09 4.370407241269999940e+04 2.510086342230000113e-04 -1.016238235119999896e-03 -6.978908086150000141e-03 2.876349285219999968e-02
1.239605236359999895e+09 4.372571936860000278e+04 1.293527195229999963e-03 -1.809665408379999970e-03 -3.545431997440000316e-02 5.181020431390000180e-02
1.239527117140000105e+09 4.374736905310000293e+04 9.575735894030000138e-04 -9.850116581380000905e-04 -2.636631025389999869e-02 2.786722726809999842e-02
1.239448997920000076e+09 4.376902146650000213e+04 7.306810584849999981e-04 -1.527241635489999961e-04 -2.018149216519999831e-02 4.270215974020000020e-03
1.239370878710000038e+09 4.379067660959999921e+04 2.582685556259999796e-03 -3.240196149330000063e-03 -6.958085898589999596e-02 9.475446058839999408e-02
1.239292759490000010e+09 4.381233448269999644e+04 2.368249930440000008e-03 -3.460541133009999853e-03 -6.398446629159999788e-02 1.015362056870000029e-01
1.239214640269999981e+09 4.383399508639999840e+04 -3.628496779130000089e-05 -2.954760112320000049e-04 1.012888917460000099e-03 8.278158104390000854e-03
1.239136521059999943e+09 4.385565842130000237e+04 -5.263771163299999596e-04 -1.556806095099999912e-03 1.479520295050000024e-02 4.440756591270000192e-02
1.239058401839999914e+09 4.387732448770000337e+04 2.319957711730000010e-04 -5.282007919899999945e-04 -6.451986266139999628e-03 1.484684452099999975e-02
1.238980282619999886e+09 4.389899328629999945e+04 3.206002584189999983e-04 -9.509796755739999708e-04 -8.905203383560000158e-03 2.689135481760000085e-02
1.238902163410000086e+09 4.392066481760000170e+04 2.299087645949999929e-04 -8.127365585730000203e-04 -6.394130124299999586e-03 2.293697420209999879e-02
1.238824044190000057e+09 4.394233908199999860e+04 -4.774818080480000169e-04 -1.020322590830000098e-03 1.341161319960000077e-02 2.888078150609999992e-02
1.238745924970000029e+09 4.396401608010000200e+04 -6.342053529809999965e-04 -1.046576882429999964e-03 1.785319952340000058e-02 2.963504309939999845e-02
1.238667805759999990e+09 4.398569581250000192e+04 2.468031598260000113e-04 -5.100594626770000011e-04 -6.862381628270000124e-03 1.433324970780000020e-02
1.238589686539999962e+09 4.400737827950000064e+04 1.134547754190000021e-03 -1.326049663459999981e-03 -3.116399886279999989e-02 3.769949766419999904e-02
1.238511567319999933e+09 4.402906348189999699e+04 1.257422612980000102e-03 -1.409555613709999973e-03 -3.448159275959999936e-02 4.012181562659999923e-02
1.238433448109999895e+09 4.405075141989999975e+04 -9.061482269319999505e-04 -1.902370134050000066e-03 2.560725784679999950e-02 5.453798911459999815e-02
1.238355328890000105e+09 4.407244209430000046e+04 -3.141342662269999784e-03 -4.634549343749999779e-03 9.172684398310000653e-02 1.384660462179999885e-01
1.238277209670000076e+09 4.409413550550000218e+04 -3.780421568080000096e-03 -5.524095228300000132e-03 1.114640156379999997e-01 1.673850341189999924e-01
1.238199090460000038e+09 4.411583165390000067e+04 -4.926827270540000067e-03 -6.288002299590000378e-03 1.478760100289999990e-01 1.929049876520000095e-01
1.238120971240000010e+09 4.413753054030000203e+04 -3.249409841370000124e-03 -3.593897141669999927e-03 9.503711876860000685e-02 1.056630699189999995e-01
1.238042852019999981e+09 4.415923216490000050e+04 1.465000910680000100e-03 -2.011382250490000197e-03 -4.006127868690000093e-02 5.775515815840000233e-02
1.237964732809999943e+09 4.418093652850000217e+04 1.711610122580000098e-03 -2.242431062899999904e-03 -4.664990029789999743e-02 6.460828744919999700e-02
1.237886613589999914e+09 4.420264363140000205e+04 -9.505365742370000537e-04 -1.017953167440000060e-03 2.687865509550000157e-02 2.881273813689999921e-02
1.237808494369999886e+09 4.422435347429999820e+04 -1.179872779180000031e-03 -1.298586927960000085e-03 3.347331263810000151e-02 3.690414652360000242e-02
1.237730375160000086e+09 4.424606605750000017e+04 4.975900519639999547e-04 -4.683373825699999700e-05 -1.378762473549999951e-02 1.307548702349999948e-03
1.237652255940000057e+09 4.426778138179999951e+04 1.195748685860000037e-03 -8.634619470229999965e-04 -3.281778621360000037e-02 2.438613499630000112e-02
1.237574136720000029e+09 4.428949944749999850e+04 1.922314404510000094e-04 -2.655236810779999860e-05 -5.349060607450000122e-03 7.411042930140000241e-04
1.237496017509999990e+09 4.431122025510000094e+04 -1.009994186459999953e-03 -1.608993473710000014e-03 2.858421182800000016e-02 4.593090764840000034e-02
1.237417898289999962e+09 4.433294380529999762e+04 -5.714622093360000434e-04 -3.706349564910000130e-04 1.607267369939999885e-02 1.039481531470000039e-02
1.237339779069999933e+09 4.435467009849999886e+04 1.090005389409999916e-03 -2.411260418840000148e-03 -2.995864162190000138e-02 6.964579323130000443e-02
1.237261659859999895e+09 4.437639913530000194e+04 8.328906260429999684e-04 -2.777064663340000211e-03 -2.297233785720000088e-02 8.064845292260000575e-02
1.237183540640000105e+09 4.439813091610000265e+04 -4.413608621689999871e-05 -4.807360791159999923e-04 1.232186674269999992e-03 1.350363981459999987e-02
1.237105421420000076e+09 4.441986544149999827e+04 1.630589831620000074e-03 -2.464200496699999864e-03 -4.449007775750000310e-02 7.123065216259999444e-02
1.237027302210000038e+09 4.444160271199999988e+04 4.046779125930000283e-03 -6.269279574389999971e-03 -1.069763945670000049e-01 1.922716661199999899e-01
1.236949182990000010e+09 4.446334272809999675e+04 3.235132899139999806e-03 -4.909259545799999833e-03 -8.641847732450000374e-02 1.473079044760000067e-01
1.236871063769999981e+09 4.448508549040000071e+04 4.562582180369999891e-04 -1.372206818120000078e-03 -1.264958078129999920e-02 3.903768653709999842e-02
1.236792944549999952e+09 4.450683099930000026e+04 1.358295558020000085e-04 -1.478033813700000082e-03 -3.782577154850000085e-03 4.211260076889999926e-02
1.236714825339999914e+09 4.452857925539999997e+04 9.889057837429999619e-04 -3.071300170619999798e-03 -2.721739027509999936e-02 8.958716563950000489e-02
1.236636706119999886e+09 4.455033025919999636e+04 1.241214689799999922e-03 -2.780210949689999791e-03 -3.404461207590000343e-02 8.074361397529999929e-02
1.236558586900000095e+09 4.457208401130000129e+04 2.585240639749999871e-03 -3.699445564310000194e-03 -6.964735371520000551e-02 1.089415118500000057e-01
1.236480467690000057e+09 4.459384051210000325e+04 2.581961220129999970e-03 -2.817086999750000129e-03 -6.956200770739999484e-02 8.185962469950000542e-02
1.236402348470000029e+09 4.461559976209999877e+04 2.515240339559999985e-04 -1.033931931889999986e-04 -6.993187991779999807e-03 2.888911690730000190e-03
1.236324229250000000e+09 4.463736176200000045e+04 -1.252120826390000063e-03 -2.084374229649999920e-03 3.555987587210000106e-02 5.991509959909999822e-02
1.236246110039999962e+09 4.465912651219999680e+04 -6.986039225009999659e-04 -1.200676133109999932e-03 1.968400587480000075e-02 3.407367871409999749e-02
1.236167990819999933e+09 4.468089401319999888e+04 4.221414565109999912e-05 -6.628498606530000082e-04 -1.177111283199999909e-03 1.866712902239999958e-02
1.236089871599999905e+09 4.470266426550000324e+04 -1.464729662980000010e-03 -3.699787308070000020e-03 4.172551472020000207e-02 1.089521442359999981e-01
1.236011752390000105e+09 4.472443726969999989e+04 -3.478649305180000085e-03 -6.282443958180000156e-03 1.020955868550000034e-01 1.927169273609999900e-01
1.235933633170000076e+09 4.474621302640000067e+04 -2.344458596780000202e-03 -3.974794033229999725e-03 6.764953514740000562e-02 1.175450563590000053e-01
1.235855513950000048e+09 4.476799153590000060e+04 6.163711077530000426e-05 -8.811476179929999663e-04 -1.718241713550000029e-03 2.489188660480000023e-02
1.235777394740000010e+09 4.478977279889999772e+04 -1.220914535220000074e-03 -1.708549643919999965e-03 3.465808688250000130e-02 4.884338901190000276e-02
1.235699275519999981e+09 4.481155681580000237e+04 -3.732152748850000104e-03 -4.414728021970000180e-03 1.099596156729999996e-01 1.314467287080000046e-01
1.235621156299999952e+09 4.483334358719999727e+04 -3.113281913099999985e-03 -3.709408948239999951e-03 9.086908633149999581e-02 1.092515406450000059e-01
1.235543037089999914e+09 4.485513311370000156e+04 -2.035387326029999919e-03 -3.060325708450000078e-03 5.846498938740000290e-02 8.925232905999999633e-02
1.235464917869999886e+09 4.487692539569999644e+04 -1.918149180709999985e-03 -2.554847683300000196e-03 5.500302068170000169e-02 7.395018911810000151e-02
1.235386798650000095e+09 4.489872043370000029e+04 -1.416326966139999904e-03 -1.662849010599999925e-03 4.031849461169999954e-02 4.750537948599999755e-02
1.235308679440000057e+09 4.492051822830000310e+04 -1.238431315869999985e-03 -2.068548904689999912e-03 3.516418083720000004e-02 5.944640839330000287e-02
1.235230560220000029e+09 4.494231878000000142e+04 -4.360720631669999731e-04 -1.280397012350000105e-03 1.224133760670000071e-02 3.637769452499999695e-02
1.235152441000000000e+09 4.496412208929999906e+04 -1.400005421599999876e-04 -1.087196407430000020e-03 3.913762367259999639e-03 3.080312675609999870e-02
1.235074321789999962e+09 4.498592815680000058e+04 -1.783200888889999993e-03 -2.653365159610000107e-03 5.103286391209999745e-02 7.691425646600000277e-02
1.234996202569999933e+09 4.500773698290000175e+04 -1.931016566229999979e-03 -2.252131235090000082e-03 5.538240148370000143e-02 6.489703367440000092e-02
1.234918083349999905e+09 4.502954856819999986e+04 -5.355469183999999553e-04 -3.009696284409999747e-04 1.505489399699999967e-02 8.432719939459999356e-03
1.234839964140000105e+09 4.505136291329999949e+04 -2.279821055709999945e-04 -6.000761493080000513e-04 6.381177549070000433e-03 1.688428729399999925e-02
1.234761844920000076e+09 4.507318001859999640e+04 3.000651777260000081e-04 -8.127092881119999702e-04 -8.337178420339999563e-03 2.293619568369999889e-02
1.234683725700000048e+09 4.509499988460000168e+04 2.788312733169999794e-03 -3.258973415450000001e-03 -7.491810959160000172e-02 9.533059517899999946e-02
1.234605606490000010e+09 4.511682251189999806e+04 3.637888701629999905e-03 -5.447689608710000291e-03 -9.667257233169999908e-02 1.648680054159999964e-01
1.234527487269999981e+09 4.513864790109999740e+04 1.746454858219999989e-03 -3.322334779350000038e-03 -4.757735161119999723e-02 9.727713743669999524e-02
1.234449368049999952e+09 4.516047605260000273e+04 3.217237535860000214e-04 -6.724438851640000391e-04 -8.936271300220000741e-03 1.893988999639999865e-02
1.234371248839999914e+09 4.518230696690000332e+04 -6.878909771329999763e-04 -1.040919383559999909e-03 1.937921180810000046e-02 2.947246027760000095e-02
1.234293129619999886e+09 4.520414064469999721e+04 -8.048373274510000366e-06 -6.156643248129999892e-05 2.245804906560000091e-04 1.719223781219999907e-03
1.234215010400000095e+09 4.522597708630000125e+04 1.444246270690000087e-03 -1.424851494740000035e-03 -3.950479454139999708e-02 4.056615092239999887e-02
1.234136891190000057e+09 4.524781629239999893e+04 1.933909836230000108e-03 -1.898694144879999957e-03 -5.255207401479999874e-02 5.442968339240000092e-02
1.234058771970000029e+09 4.526965826340000058e+04 2.819390967490000184e-03 -2.987610921449999988e-03 -7.572230265929999482e-02 8.703659083539999619e-02
1.233980652750000000e+09 4.529150299990000349e+04 3.809178248050000114e-03 -4.402856050939999745e-03 -1.010019074290000041e-01 1.310690325649999932e-01
1.233902533539999962e+09 4.531335050249999767e+04 3.716275328770000160e-03 -4.647396492679999914e-03 -9.865611693430000051e-02 1.388778083070000002e-01
1.233824414319999933e+09 4.533520077149999997e+04 1.836191164329999950e-03 -2.640145544510000015e-03 -4.996188199130000007e-02 7.651601092939999682e-02
1.233746295099999905e+09 4.535705380770000193e+04 -4.668979090640000329e-05 -5.832049244790000076e-04 1.303527223269999999e-03 1.640566758259999827e-02
1.233668175890000105e+09 4.537890961139999854e+04 -1.137354178350000059e-03 -3.486200911299999934e-03 3.224738409919999937e-02 1.023289566819999968e-01
1.233590056670000076e+09 4.540076818320000166e+04 -2.157456707210000067e-03 -4.318340403220000297e-03 6.208240317710000261e-02 1.283843574859999948e-01
1.233511937450000048e+09 4.542262952370000130e+04 -2.472412772479999892e-03 -3.915659936059999631e-03 7.147672698910000066e-02 1.156910994060000031e-01
1.233433818240000010e+09 4.544449363330000051e+04 -1.148390118030000054e-03 -1.766705283840000040e-03 3.256543628990000300e-02 5.054864523150000288e-02
1.233355699019999981e+09 4.546636051259999658e+04 1.282240264119999988e-04 -5.572382240510000227e-05 -3.571156333779999976e-03 1.555943685469999942e-03
1.233277579799999952e+09 4.548823016220000136e+04 -2.869904856199999841e-04 -7.187142208640000121e-04 8.039466455429999589e-03 2.025641508120000142e-02
1.233199460589999914e+09 4.551010258250000334e+04 -3.516835276970000160e-04 -5.641717388860000492e-04 9.860674792599999350e-03 1.586599006209999871e-02
1.233121341369999886e+09 4.553197777399999904e+04 1.009417930619999982e-03 -1.517543879659999893e-03 -2.777417203050000158e-02 4.326303544759999703e-02
1.233043222150000095e+09 4.555385573740000109e+04 1.425227150319999985e-03 -2.133978163519999974e-03 -3.899457198839999944e-02 6.138562099380000248e-02
1.232965102940000057e+09 4.557573647309999797e+04 1.949547004190000114e-04 -1.943229656360000149e-05 -5.424633278779999838e-03 5.423217696810000467e-04
1.232886983720000029e+09 4.559761998160000076e+04 -3.008898056579999885e-04 -3.314848865079999835e-04 8.430473970179999665e-03 9.291695864289999801e-03
1.232808864500000000e+09 4.561950626349999948e+04 5.552717484529999655e-04 -1.406838405639999987e-03 -1.537368918410000028e-02 4.004290316459999804e-02
1.232730745289999962e+09 4.564139531929999794e+04 1.767304842360000036e-03 -3.206275147189999956e-03 -4.813189799019999826e-02 9.371451809740000138e-02
1.232652626069999933e+09 4.566328714960000070e+04 1.597872120330000052e-03 -2.285601584229999834e-03 -4.361657166969999666e-02 6.589399034729999383e-02
1.232574506849999905e+09 4.568518175480000355e+04 -1.476641045880000082e-05 -9.887136664349999366e-05 4.120781287520000223e-04 2.762392555770000133e-03
1.232496387640000105e+09 4.570707913549999648e+04 -1.098771346730000086e-03 -1.726380383390000101e-03 3.113623381159999828e-02 4.936591798900000216e-02
1.232418268420000076e+09 4.572897929219999787e+04 -2.642749459479999956e-04 -6.236681621120000046e-04 7.400775144880000420e-03 1.755395338089999965e-02
1.232340149200000048e+09 4.575088222539999697e+04 7.463184301739999834e-04 -8.208698874149999948e-04 -2.060897764489999853e-02 2.316919189579999885e-02
1.232262029990000010e+09 4.577278793569999834e+04 1.690618664719999978e-04 -1.326817335579999870e-04 -4.705855041790000387e-03 3.708782714239999920e-03
1.232183910769999981e+09 4.579469642369999929e+04 -2.943231957030000099e-04 -5.257534838189999518e-04 8.245726899500000623e-03 1.477754397369999972e-02
1.232105791549999952e+09 4.581660768970000208e+04 -1.228707551489999932e-04 -4.244155427680000136e-04 3.434070152150000069e-03 1.191216101699999960e-02
1.232027672339999914e+09 4.583852173439999751e+04 -9.465317707510000457e-04 -1.972673728979999937e-03 2.676388078600000150e-02 5.661160558100000045e-02
1.231949553119999886e+09 4.586043855829999666e+04 -2.576685044910000198e-03 -4.224932513889999817e-03 7.460644615219999554e-02 1.254255774649999933e-01
1.231871433900000095e+09 4.588235816190000332e+04 -2.595484489580000137e-03 -3.934694027790000201e-03 7.517175279280000066e-02 1.162874762999999978e-01
1.231793314690000057e+09 4.590428054580000025e+04 -1.632954692470000007e-03 -1.630879227240000047e-03 4.663111010809999762e-02 4.657044079599999969e-02
1.231715195470000029e+09 4.592620571039999777e+04 -5.197545979169999669e-04 -6.019056865979999899e-05 1.460769353439999967e-02 1.680770898770000098e-03
1.231637076250000000e+09 4.594813365630000044e+04 1.390321645890000039e-03 -3.244395455210000081e-03 -3.805749038959999747e-02 9.488327722950000431e-02
1.231558957039999962e+09 4.597006438409999828e+04 2.600670792160000161e-03 -4.364837575659999587e-03 -7.004882152060000478e-02 1.298604677680000041e-01
1.231480837819999933e+09 4.599199789420000161e+04 2.395506715400000028e-03 -3.691136358249999787e-03 -6.469756035599999455e-02 1.086830292899999967e-01
1.231402718599999905e+09 4.601393418720000045e+04 1.536051509899999910e-03 -1.758464081340000004e-03 -4.196398285769999820e-02 5.030681743419999907e-02
1.231324599390000105e+09 4.603587326359999861e+04 1.761666033419999897e-03 -1.762692211059999937e-03 -4.798195309960000265e-02 5.043087931620000158e-02
1.231246480170000076e+09 4.605781512400000065e+04 2.028095303100000118e-03 -1.988870657120000128e-03 -5.504227910040000032e-02 5.708994677120000222e-02
1.231168360950000048e+09 4.607975976880000235e+04 2.449051244180000053e-04 -8.815038599709999355e-05 -6.809785886280000401e-03 2.462487195159999889e-03
1.231090241740000010e+09 4.610170719870000175e+04 -9.351978078480000000e-04 -1.208254559840000065e-03 2.643913029080000032e-02 3.429247488980000091e-02
1.231012122519999981e+09 4.612365741410000192e+04 -1.231451751660000028e-03 -1.660636823860000026e-03 3.496249691870000065e-02 4.744065714690000324e-02
1.230934003299999952e+09 4.614561041560000012e+04 -1.180689432660000015e-03 -1.500922015590000014e-03 3.349687372710000166e-02 4.277888689449999698e-02
1.230855884089999914e+09 4.616756620359999943e+04 -1.495415344829999996e-03 -2.513908161879999884e-03 4.261854460640000092e-02 7.272103275079999651e-02
1.230777764869999886e+09 4.618952477879999788e+04 -3.056290093809999834e-03 -4.393527136739999901e-03 8.912922853610000251e-02 1.307723415610000106e-01
1.230699645650000095e+09 4.621148614169999928e+04 -2.069048583509999848e-03 -3.140703495129999832e-03 5.946120378789999938e-02 9.170729780670000553e-02
1.230621526440000057e+09 4.623345029269999941e+04 2.249214157929999892e-04 -5.921067452810000126e-04 -6.255856934219999714e-03 1.665817475490000144e-02
1.230543407220000029e+09 4.625541723250000359e+04 -1.503489038439999878e-04 -1.421681476189999918e-03 4.203663174220000250e-03 4.047404774579999726e-02
1.230465288000000000e+09 4.627738696150000033e+04 -1.095639774579999998e-03 -1.692057228240000100e-03 3.104610154440000033e-02 4.836032249509999992e-02
1.230387168789999962e+09 4.629935948030000145e+04 -1.417083200070000035e-03 -2.764798478799999817e-03 4.034046239209999885e-02 8.027754229479999726e-02
1.230309049569999933e+09 4.632133478949999699e+04 -1.367140677760000011e-03 -1.966810924950000098e-03 3.889072140600000060e-02 5.643851674840000276e-02
1.230230930349999905e+09 4.634331288939999649e+04 -3.608302213250000204e-04 -2.553046797260000210e-04 1.011843607869999939e-02 7.148671077070000227e-03
1.230152811140000105e+09 4.636529378079999879e+04 -5.833413451910000489e-04 -3.811254111240000179e-05 1.640953678270000091e-02 1.063932475019999969e-03
1.230074691920000076e+09 4.638727746409999963e+04 -9.093893459070000141e-04 -4.403020536699999766e-04 2.570003720429999902e-02 1.236081805190000077e-02
1.229996572700000048e+09 4.640926393980000285e+04 -7.060190546329999511e-04 -3.248358560909999997e-04 1.989502825689999990e-02 9.104469007900000549e-03
1.229918453490000010e+09 4.643125320849999844e+04 -2.267429139469999844e-03 -2.797334383140000040e-03 6.535257778009999352e-02 8.126167986410000321e-02
1.229840334269999981e+09 4.645324527059999673e+04 -2.357107819990000158e-03 -3.509463995730000181e-03 6.802722980229999883e-02 1.030482061049999981e-01
1.229762215049999952e+09 4.647524012689999654e+04 -3.254681068939999805e-04 -9.952292787070000056e-04 9.122270746739999728e-03 2.816040512469999979e-02
1.229684095839999914e+09 4.649723777770000015e+04 1.043473603199999988e-03 -1.046459861090000103e-03 -2.869789521209999833e-02 2.963167992139999901e-02
1.229605976619999886e+09 4.651923822359999758e+04 2.192106563600000092e-03 -3.314568566150000086e-03 -5.936388833370000173e-02 9.703834557109999870e-02
1.229527857400000095e+09 4.654124146520000068e+04 2.319560386240000077e-03 -3.289307834109999815e-03 -6.270937990109999582e-02 9.626203461530000172e-02
1.229449738190000057e+09 4.656324750289999793e+04 1.725805457679999979e-03 -2.740075561689999870e-03 -4.702783688269999984e-02 7.953037698209999840e-02
1.229371618970000029e+09 4.658525633730000118e+04 1.905040466229999908e-03 -3.056898950579999864e-03 -5.178754251070000203e-02 8.914779985109999583e-02
1.229293499750000000e+09 4.660726796900000045e+04 1.800855505279999992e-03 -2.601987264960000171e-03 -4.902359886600000244e-02 7.536736819969999668e-02
1.229215380539999962e+09 4.662928239839999878e+04 3.895491827279999879e-04 -7.445246770809999795e-04 -1.081005637829999914e-02 2.099155110209999925e-02
1.229137261319999933e+09 4.665129962610000075e+04 -3.520773607309999860e-04 -4.209159486079999896e-04 9.871771959999999305e-03 1.181335468820000033e-02
1.229059142099999905e+09 4.667331965269999637e+04 5.445426795630000207e-04 -7.815943819380000374e-04 -1.507886405709999919e-02 2.204832054620000162e-02
1.228981022890000105e+09 4.669534247869999672e+04 2.045622823060000125e-04 -4.712264981069999733e-04 -5.691205855289999810e-03 1.323474483280000051e-02
1.228902903670000076e+09 4.671736810449999757e+04 -1.219371624760000019e-04 -3.389893119059999866e-04 3.407932997540000057e-03 9.503051494500000182e-03
1.228824784450000048e+09 4.673939653079999698e+04 -7.630316540600000147e-04 -7.349408358449999916e-04 2.151900156629999936e-02 2.071852008550000013e-02
1.228746665240000010e+09 4.676142775809999875e+04 -2.192983170969999788e-03 -1.278402471499999948e-03 6.313766032329999611e-02 3.631998544060000000e-02
1.228668546019999981e+09 4.678346178689999942e+04 -1.217181095849999934e-03 -1.143629434429999960e-03 3.455025364290000012e-02 3.242822253080000078e-02
1.228590426799999952e+09 4.680549861770000280e+04 -0.000000000000000000e+00 -0.000000000000000000e+00 -0.000000000000000000e+00 -0.000000000000000000e+00
1.228512307589999914e+09 4.682753825109999889e+04 -0.000000000000000000e+00 -0.000000000000000000e+00 -0.000000000000000000e+00 -0.000000000000000000e+00
1.228434188369999886e+09 4.684958068759999878e+04 -0.000000000000000000e+00 -0.000000000000000000e+00 -0.000000000000000000e+00 -0.000000000000000000e+00
1.228356069150000095e+09 4.687162592769999901e+04 -0.000000000000000000e+00 -0.000000000000000000e+00 -0.000000000000000000e+00 -0.000000000000000000e+00
1.228277949940000057e+09 4.689367397209999763e+04 -0.000000000000000000e+00 -0.000000000000000000e+00 -0.000000000000000000e+00 -0.000000000000000000e+00
1.228199830720000029e+09 4.691572482109999692e+04 -0.000000000000000000e+00 -0.000000000000000000e+00 -0.000000000000000000e+00 -0.000000000000000000e+00
1.228121711500000000e+09 4.693777847540000221e+04 -0.000000000000000000e+00 -0.000000000000000000e+00 -0.000000000000000000e+00 -0.000000000000000000e+00
1.228043592289999962e+09 4.695983493550000276e+04 -0.000000000000000000e+00 -0.000000000000000000e+00 -0.000000000000000000e+00 -0.000000000000000000e+00
1.227965473069999933e+09 4.698189420190000237e+04 -0.000000000000000000e+00 -0.000000000000000000e+00 -0.000000000000000000e+00 -0.000000000000000000e+00
1.227887353849999905e+09 4.700395627519999834e+04 -0.000000000000000000e+00 -0.000000000000000000e+00 -0.000000000000000000e+00 -0.000000000000000000e+00
1.227809234640000105e+09 4.702602115580000100e+04 -0.000000000000000000e+00 -0.000000000000000000e+00 -0.000000000000000000e+00 -0.000000000000000000e+00
1.227731115420000076e+09 4.704808884440000111e+04 -0.000000000000000000e+00 -0.000000000000000000e+00 -0.000000000000000000e+00 -0.000000000000000000e+00
1.227652996200000048e+09 4.707015934150000248e+04 -0.000000000000000000e+00 -0.000000000000000000e+00 -0.000000000000000000e+00 -0.000000000000000000e+00
1.227574876980000019e+09 4.709223264750000089e+04 -0.000000000000000000e+00 -0.000000000000000000e+00 -0.000000000000000000e+00 -0.000000000000000000e+00
1.227496757769999981e+09 4.711430876310000167e+04 -0.000000000000000000e+00 -0.000000000000000000e+00 -0.000000000000000000e+00 -0.000000000000000000e+00
1.227418638549999952e+09 4.713638768880000134e+04 -0.000000000000000000e+00 -0.000000000000000000e+00 -0.000000000000000000e+00 -0.000000000000000000e+00
1.227340519329999924e+09 4.715846942509999644e+04 -0.000000000000000000e+00 -0.000000000000000000e+00 -0.000000000000000000e+00 -0.000000000000000000e+00
1.227262400119999886e+09 4.718055397249999805e+04 -0.000000000000000000e+00 -0.000000000000000000e+00 -0.000000000000000000e+00 -0.000000000000000000e+00
1.227184280900000095e+09 4.720264133160000347e+04 -0.000000000000000000e+00 -0.000000000000000000e+00 -0.000000000000000000e+00 -0.000000000000000000e+00
1.227106161680000067e+09 4.722473150300000270e+04 -0.000000000000000000e+00 -0.000000000000000000e+00 -0.000000000000000000e+00 -0.000000000000000000e+00
1.227028042470000029e+09 4.724682448709999881e+04 -0.000000000000000000e+00 -0.000000000000000000e+00 -0.000000000000000000e+00 -0.000000000000000000e+00
1.226949923250000000e+09 4.726892028440000286e+04 -0.000000000000000000e+00 -0.000000000000000000e+00 -0.000000000000000000e+00 -0.000000000000000000e+00
1.226871804029999971e+09 4.729101889569999912e+04 -9.045811020769999608e-04 -1.785078843569999933e-03 2.556240085980000104e-02 5.108800502429999835e-02
1.226793684819999933e+09 4.731312032129999716e+04 -2.260177629070000017e-03 -4.081928630179999622e-03 6.513661495939999935e-02 1.209126922309999991e-01
1.226715565599999905e+09 4.733522456180000154e+04 -1.023535151030000034e-03 -1.747950973239999943e-03 2.897304485709999849e-02 4.999840826500000224e-02
1.226637446380000114e+09 4.735733161770000152e+04 1.682720263489999963e-03 -2.392815921389999847e-03 -4.588029528789999700e-02 6.909421263430000348e-02
1.226559327170000076e+09 4.737944148960000166e+04 2.151226624849999873e-03 -3.568146231719999863e-03 -5.828846988999999978e-02 1.048648486869999952e-01
1.226481207950000048e+09 4.740155417809999926e+04 1.416620798409999951e-04 -1.266543682630000072e-04 -3.944681155839999988e-03 3.540004372059999804e-03
1.226403088730000019e+09 4.742366968359999737e+04 -8.927224553190000415e-04 -1.131507886889999938e-03 2.522302714990000069e-02 3.207893686080000306e-02
1.226324969519999981e+09 4.744578800670000055e+04 2.160200674550000091e-04 -3.653072489739999767e-05 -6.009021411069999895e-03 1.019752685799999977e-03
1.226246850299999952e+09 4.746790914799999882e+04 6.654253229499999464e-04 -4.853567395099999955e-04 -1.839559324869999984e-02 1.363432071949999963e-02
1.226168731079999924e+09 4.749003310790000251e+04 2.191795792900000123e-04 -3.253782448590000200e-04 -6.096642051829999701e-03 9.119740559840000191e-03
1.226090611869999886e+09 4.751215988700000162e+04 -6.022945744920000502e-04 -2.890495457539999789e-04 1.694723883410000076e-02 8.097381080879999596e-03
1.226012492650000095e+09 4.753428948590000073e+04 -8.128524641510000539e-04 -9.579146574899999756e-04 2.294028308660000029e-02 2.709013927040000019e-02
1.225934373430000067e+09 4.755642190509999637e+04 -8.216688001989999515e-05 -2.604651183450000127e-04 2.295145568810000140e-03 7.293694411399999876e-03
1.225856254220000029e+09 4.757855714509999962e+04 2.709155669439999837e-04 -4.579722339810000063e-04 -7.530310745439999787e-03 1.286008495379999984e-02
1.225778135000000000e+09 4.760069520650000049e+04 1.461157226000000110e-04 -2.620761683219999770e-04 -4.068444062239999666e-03 7.338973909739999850e-03
1.225700015779999971e+09 4.762283608980000281e+04 -0.000000000000000000e+00 -0.000000000000000000e+00 -0.000000000000000000e+00 -0.000000000000000000e+00
1.225621896569999933e+09 4.764497979559999658e+04 -0.000000000000000000e+00 -0.000000000000000000e+00 -0.000000000000000000e+00 -0.000000000000000000e+00
1.225543777349999905e+09 4.766712632429999940e+04 -0.000000000000000000e+00 -0.000000000000000000e+00 -0.000000000000000000e+00 -0.000000000000000000e+00
1.225465658130000114e+09 4.768927567660000204e+04 -0.000000000000000000e+00 -0.000000000000000000e+00 -0.000000000000000000e+00 -0.000000000000000000e+00
1.225387538920000076e+09 4.771142785300000105e+04 -0.000000000000000000e+00 -0.000000000000000000e+00 -0.000000000000000000e+00 -0.000000000000000000e+00
1.225309419700000048e+09 4.773358285389999946e+04 -0.000000000000000000e+00 -0.000000000000000000e+00 -0.000000000000000000e+00 -0.000000000000000000e+00
1.225231300480000019e+09 4.775574068000000261e+04 -0.000000000000000000e+00 -0.000000000000000000e+00 -0.000000000000000000e+00 -0.000000000000000000e+00
1.225153181269999981e+09 4.777790133179999975e+04 -0.000000000000000000e+00 -0.000000000000000000e+00 -0.000000000000000000e+00 -0.000000000000000000e+00
1.225075062049999952e+09 4.780006480980000197e+04 -0.000000000000000000e+00 -0.000000000000000000e+00 -0.000000000000000000e+00 -0.000000000000000000e+00
1.224996942829999924e+09 4.782223111459999927e+04 -0.000000000000000000e+00 -0.000000000000000000e+00 -0.000000000000000000e+00 -0.000000000000000000e+00
1.224918823619999886e+09 4.784440024670000275e+04 -0.000000000000000000e+00 -0.000000000000000000e+00 -0.000000000000000000e+00 -0.000000000000000000e+00
1.224840704400000095e+09 4.786657220670000243e+04 -0.000000000000000000e+00 -0.000000000000000000e+00 -0.000000000000000000e+00 -0.000000000000000000e+00
1.224762585180000067e+09 4.788874699510000210e+04 -0.000000000000000000e+00 -0.000000000000000000e+00 -0.000000000000000000e+00 -0.000000000000000000e+00
1.224684465970000029e+09 4.791092461239999830e+04 -0.000000000000000000e+00 -0.000000000000000000e+00 -0.000000000000000000e+00 -0.000000000000000000e+00
1.224606346750000000e+09 4.793310505910000211e+04 -0.000000000000000000e+00 -0.000000000000000000e+00 -0.000000000000000000e+00 -0.000000000000000000e+00
1.224528227529999971e+09 4.795528833589999704e+04 -0.000000000000000000e+00 -0.000000000000000000e+00 -0.000000000000000000e+00 -0.000000000000000000e+00
1.224450108319999933e+09 4.797747444330000144e+04 -0.000000000000000000e+00 -0.000000000000000000e+00 -0.000000000000000000e+00 -0.000000000000000000e+00
1.224371989099999905e+09 4.799966338169999653e+04 -0.000000000000000000e+00 -0.000000000000000000e+00 -0.000000000000000000e+00 -0.000000000000000000e+00
1.224293869880000114e+09 4.802185515180000220e+04 -0.000000000000000000e+00 -0.000000000000000000e+00 -0.000000000000000000e+00 -0.000000000000000000e+00
