1.343289193009999990e+09 1.721071128440000030e+04 -1.289209118110000007e-03 -2.712431425829999907e-05 5.158166577869999951e-04 1.084978456199999956e-05
1.343211072470000029e+09 1.722914804219999860e+04 3.177862963639999875e-04 -1.763907645169999995e-03 -1.271064401799999928e-04 7.058120848259999544e-04
1.343132951940000057e+09 1.724758694480000122e+04 1.666960772130000011e-03 -2.821354654369999902e-03 -6.665621069620000132e-04 1.129179144629999937e-03
1.343054831400000095e+09 1.726602799239999877e+04 1.999111380430000032e-03 -2.298695202900000092e-03 -7.993250068030000391e-04 9.199010604310000347e-04
1.342976710869999886e+09 1.728447118540000156e+04 2.638203091919999813e-03 -1.795273336030000057e-03 -1.054724818939999954e-03 7.183672984259999780e-04
1.342898590329999924e+09 1.730291652420000173e+04 2.597687765959999853e-03 -1.047662954449999923e-03 -1.038535641510000005e-03 4.191530141330000172e-04
1.342820469799999952e+09 1.732136400919999869e+04 1.547211315479999922e-03 -3.968676302170000259e-04 -6.186930961430000490e-04 1.587596537340000007e-04
1.342742349259999990e+09 1.733981364069999836e+04 5.788312992079999849e-04 -1.050947491679999956e-04 -2.315057201660000090e-04 4.203878328449999814e-05
1.342664228730000019e+09 1.735826541910000014e+04 -2.961168356709999779e-04 -8.549303162630000097e-06 1.184537496370000027e-04 3.419727112309999808e-06
1.342586108190000057e+09 1.737671934479999982e+04 1.637539244260000114e-04 -3.546604638309999984e-04 -6.549942463619999979e-05 1.418742492079999975e-04
1.342507987660000086e+09 1.739517541820000042e+04 1.051830127839999997e-03 -1.448426032019999986e-03 -4.206435682220000015e-04 5.795383126979999737e-04
1.342429867119999886e+09 1.741363363960000061e+04 1.190979150119999977e-03 -6.129515611369999641e-04 -4.762782215689999733e-04 2.452106861379999784e-04
1.342351746589999914e+09 1.743209400950000054e+04 1.014507724900000048e-03 -3.006721991830000034e-03 -4.057207741559999779e-04 1.203412607310000090e-03
1.342273626049999952e+09 1.745055652810000174e+04 2.500233531460000066e-04 -5.786710376579999853e-04 -1.000043406580000048e-04 2.314952080109999909e-04
1.342195505509999990e+09 1.746902119600000151e+04 2.346092078369999868e-04 -2.121052482559999887e-04 -9.383928009179999411e-05 8.484569859710000040e-05
1.342117384980000019e+09 1.748748801330000060e+04 -1.032146974470000061e-04 -2.005034791680000047e-05 4.128673126400000053e-05 8.020171328160000351e-06
1.342039264440000057e+09 1.750595698059999995e+04 -1.048779813569999898e-03 -5.142763735330000297e-04 4.195999451749999991e-04 2.057317107300000124e-04
1.341961143910000086e+09 1.752442809819999820e+04 -6.200785283000000278e-04 -3.129655247370000093e-04 2.480621761979999950e-04 1.251940463420000017e-04
1.341883023369999886e+09 1.754290136640000128e+04 2.851879107769999936e-04 -1.084519155760000101e-03 -1.140686582340000001e-04 4.339017840689999845e-04
1.341804902839999914e+09 1.756137678569999844e+04 1.244851620870000104e-03 -1.579541893090000019e-03 -4.978167170410000269e-04 6.320164375539999782e-04
1.341726782299999952e+09 1.757985435639999923e+04 2.180193085219999868e-03 -3.125293699509999854e-04 -8.716971956709999641e-04 1.250195626000000107e-04
1.341648661769999981e+09 1.759833407889999944e+04 1.331636449320000018e-03 -7.477804767669999839e-04 -5.325127696329999766e-04 2.991569336809999941e-04
1.341570541230000019e+09 1.761681595359999847e+04 -1.724834291959999972e-04 -1.988514415150000134e-03 6.899575183070000425e-05 7.957222690679999861e-04
1.341492420700000048e+09 1.763529998079999859e+04 -7.345239864659999784e-04 -2.146891935220000130e-03 2.938527650820000237e-04 8.591257169229999952e-04
1.341414300160000086e+09 1.765378616089999923e+04 -1.556789735330000061e-03 -1.598763598689999926e-03 6.229098622039999774e-04 6.397100103000000421e-04
1.341336179619999886e+09 1.767227449440000055e+04 -1.465303008440000049e-03 -1.420356356140000092e-03 5.862930395579999884e-04 5.683039965870000272e-04
1.341258059089999914e+09 1.769076498150000043e+04 -5.845397245140000319e-04 -4.076343277210000031e-04 2.338432290019999975e-04 1.630670257930000083e-04
1.341179938549999952e+09 1.770925762269999905e+04 -6.955328863109999692e-04 -1.121864671990000081e-03 2.782518629839999917e-04 4.488465853569999914e-04
1.341101818019999981e+09 1.772775241829999868e+04 -1.299084397030000068e-03 -1.106198223360000061e-03 5.197688152229999877e-04 4.425772121920000155e-04
1.341023697480000019e+09 1.774624936869999874e+04 -1.476807985449999933e-03 -3.859024883270000179e-04 5.908977398699999601e-04 1.543729102150000025e-04
1.340945576950000048e+09 1.776474847429999863e+04 -1.080900314260000057e-03 -3.043892019189999823e-04 4.324536202950000040e-04 1.217630935920000011e-04
1.340867456410000086e+09 1.778324973550000141e+04 -7.973033934829999465e-04 -4.044880845250000030e-04 3.189722236250000227e-04 1.618083240710000087e-04
1.340789335880000114e+09 1.780175315259999843e+04 -1.078299101209999946e-04 -3.967654091360000223e-04 4.313289425829999887e-05 1.587187588099999900e-04
1.340711215339999914e+09 1.782025872600000002e+04 5.907897138969999984e-05 -6.809064875679999738e-04 -2.363130933420000014e-05 2.723996924550000157e-04
1.340633094809999943e+09 1.783876645609999832e+04 -1.144366804510000028e-03 -3.845639056420000162e-04 4.578515198169999956e-04 1.538373946219999920e-04
1.340554974269999981e+09 1.785727634330000001e+04 -1.522728125560000000e-03 -1.441566820559999967e-03 6.092768216590000200e-04 5.767930413519999815e-04
1.340476853740000010e+09 1.787578838790000009e+04 -1.501251710579999893e-03 -2.006327894830000052e-03 6.006810569799999732e-04 8.028533584570000502e-04
1.340398733200000048e+09 1.789430259030000161e+04 -1.849771011619999938e-03 -5.476252137770000515e-04 7.401822719710000106e-04 2.190740804849999955e-04
1.340320612660000086e+09 1.791281895100000111e+04 -1.351554645230000108e-03 -4.988181642139999762e-04 5.407680467780000494e-04 1.995471738989999962e-04
1.340242492130000114e+09 1.793133747020000010e+04 -8.869427838359999518e-04 -3.370995811129999975e-04 3.548400618229999911e-04 1.348489241529999964e-04
1.340164371589999914e+09 1.794985814830000163e+04 -6.302458350549999550e-04 -3.767264095280000238e-04 2.521301161480000042e-04 1.507019187750000021e-04
1.340086251059999943e+09 1.796838098579999860e+04 1.471657596989999883e-04 -1.180060699810000016e-03 -5.886457132700000290e-05 4.721357184540000062e-04
1.340008130519999981e+09 1.798690598300000056e+04 1.090033212679999931e-03 -1.457223344819999922e-03 -4.359182588989999859e-04 5.830592839599999661e-04
1.339930009990000010e+09 1.800543314029999965e+04 2.076396252960000053e-03 -1.344408811270000025e-03 -8.302137783340000085e-04 5.379081711729999556e-04
1.339851889450000048e+09 1.802396245809999891e+04 2.501581795510000004e-03 -7.528477772669999596e-04 -1.000132418999999991e-03 3.011844623940000101e-04
1.339773768920000076e+09 1.804249393670000063e+04 1.820444595070000058e-03 -1.368011827190000014e-03 -7.279128451789999669e-04 5.473545020239999580e-04
1.339695648380000114e+09 1.806102757650000058e+04 9.535735007379999868e-04 -2.039775806239999857e-03 -3.813566745939999769e-04 8.162433584890000119e-04
1.339617527849999905e+09 1.807956337790000180e+04 8.032994810490000533e-04 -2.042413446700000045e-04 -3.212681802709999924e-04 8.169987521209999613e-05
1.339539407309999943e+09 1.809810134130000006e+04 6.586665986109999874e-04 -7.266309393949999668e-04 -2.634319382040000096e-04 2.906946233460000126e-04
1.339461286769999981e+09 1.811664146709999841e+04 9.661458898339999549e-05 -5.381523529630000482e-04 -3.864508886240000283e-05 2.152841131470000099e-04
1.339383166240000010e+09 1.813518375559999913e+04 -2.032524207609999941e-06 -4.975200557280000076e-04 8.130100135129999919e-07 1.990278270149999974e-04
1.339305045700000048e+09 1.815372820720000163e+04 8.163576712829999750e-04 -1.191943976010000029e-03 -3.264897649289999807e-04 4.768912849770000177e-04
1.339226925170000076e+09 1.817227482220000093e+04 9.692054009069999820e-04 -2.726760327369999980e-03 -3.876070310509999780e-04 1.091299381559999960e-03
1.339148804630000114e+09 1.819082360120000158e+04 -1.693720842010000040e-04 -2.579814308590000060e-03 6.775112873639999446e-05 1.032458525360000065e-03
1.339070684099999905e+09 1.820937454440000147e+04 -1.333081512709999956e-03 -1.635841933440000066e-03 5.333748241499999604e-04 6.545509451140000276e-04
1.338992563559999943e+09 1.822792765220000001e+04 -2.030285540969999861e-03 -1.839718492540000057e-03 8.124441597839999986e-04 7.361582950539999988e-04
1.338914443029999971e+09 1.824648292510000101e+04 -1.807304332030000094e-03 -1.827937825770000087e-03 7.231831667340000514e-04 7.314425692150000125e-04
1.338836322490000010e+09 1.826504036329999872e+04 -1.410797820430000071e-03 -1.256368629010000014e-03 5.644784161389999801e-04 5.026737708959999520e-04
1.338758201960000038e+09 1.828359996730000057e+04 -1.129009062419999987e-03 -6.137660935759999947e-04 4.517056285979999860e-04 2.455365790689999737e-04
1.338680081420000076e+09 1.830216173740000158e+04 -1.652120554349999909e-04 -1.661810791339999986e-04 6.608700587229999395e-05 6.647464104359999872e-05
1.338601960890000105e+09 1.832072567409999829e+04 1.143276167569999959e-04 -1.603508098049999885e-04 -4.573000107039999854e-05 6.414238100039999508e-05
1.338523840349999905e+09 1.833929177759999948e+04 -5.488055176099999747e-04 -1.337768238149999967e-04 2.195463055709999964e-04 5.351216127620000100e-05
1.338445719809999943e+09 1.835786004849999881e+04 -4.950036527590000006e-04 -7.412688018840000428e-05 1.980210659810000082e-04 2.965119166759999867e-05
1.338367599279999971e+09 1.837643048700000145e+04 -2.694793220139999777e-04 -5.388011483089999486e-04 1.077975387520000008e-04 2.155436871949999937e-04
1.338289478740000010e+09 1.839500309349999952e+04 -1.017992733979999941e-03 -4.143108874960000124e-04 4.072800208400000174e-04 1.657380887969999903e-04
1.338211358210000038e+09 1.841357786850000048e+04 -1.198617275799999937e-03 -2.132727001650000075e-04 4.795618817419999825e-04 8.531271909249999504e-05
1.338133237670000076e+09 1.843215481219999856e+04 -5.653320695270000300e-04 -4.548012229929999993e-04 2.261583996939999961e-04 1.819370387359999929e-04
1.338055117140000105e+09 1.845073392510000122e+04 -8.704124484209999719e-04 -1.946556048570000021e-04 3.482256028669999948e-04 7.786527336470000418e-05
1.337976996599999905e+09 1.846931520760000058e+04 -1.422638772060000074e-03 -1.044981646739999963e-04 5.692174823589999733e-04 4.180013948310000324e-05
1.337898876069999933e+09 1.848789866009999969e+04 -6.785260047759999504e-04 -1.310621831370000065e-03 2.714472403789999809e-04 5.243861989600000087e-04
1.337820755529999971e+09 1.850648428280000007e+04 6.309694726950000002e-04 -2.249969274329999790e-03 -2.523559446379999892e-04 9.003929418250000098e-04
1.337742635000000000e+09 1.852507207629999903e+04 1.443093875420000055e-03 -2.467489521469999787e-03 -5.770710126590000060e-04 9.874832096869999055e-04
1.337664514460000038e+09 1.854366204080000171e+04 1.959092449399999804e-03 -1.247412698780000053e-03 -7.833300966140000540e-04 4.990896040099999801e-04
1.337586393930000067e+09 1.856225417680000101e+04 1.503070467149999903e-03 -4.377168829590000177e-04 -6.010475216050000305e-04 1.751020826590000111e-04
1.337508273390000105e+09 1.858084848459999921e+04 9.484317852180000098e-04 -1.602097153710000050e-03 -3.793007704539999732e-04 6.410442864749999825e-04
1.337430152849999905e+09 1.859944496470000013e+04 1.136946724729999978e-03 -2.733585019250000213e-03 -4.546753094050000267e-04 1.094032242789999901e-03
1.337352032319999933e+09 1.861804361730000164e+04 1.452343305569999896e-03 -3.364018887929999795e-03 -5.807686434679999732e-04 1.346513697989999920e-03
1.337273911779999971e+09 1.863664444300000105e+04 2.764678094539999974e-03 -4.900373862890000307e-03 -1.105260212650000093e-03 1.962073152389999867e-03
1.337195791250000000e+09 1.865524744199999986e+04 3.590690437700000057e-03 -5.236191300820000269e-03 -1.435245717019999938e-03 2.096673003800000098e-03
1.337117670710000038e+09 1.867385261470000114e+04 2.095747273419999984e-03 -2.400391759149999790e-03 -8.379477330819999625e-04 9.606179493769999560e-04
1.337039550180000067e+09 1.869245996160000141e+04 4.987802822139999906e-04 -1.426966854089999895e-03 -1.994922129910000068e-04 5.709497024009999510e-04
1.336961429640000105e+09 1.871106948299999931e+04 1.108407275749999929e-03 -2.579945655560000103e-03 -4.432646540059999806e-04 1.032511118419999997e-03
1.336883309109999895e+09 1.872968117930000153e+04 1.737597747710000048e-03 -2.869553296490000033e-03 -6.947976712689999486e-04 1.148480570000000008e-03
1.336805188569999933e+09 1.874829505079999944e+04 7.774895057080000215e-04 -1.270339735189999911e-03 -3.109474531129999774e-04 5.082650388680000049e-04
1.336727068039999962e+09 1.876691109800000049e+04 8.882337715479999597e-04 -1.411280470399999985e-03 -3.552304068260000243e-04 5.646715851560000317e-04
1.336648947500000000e+09 1.878552932119999969e+04 2.211702056230000109e-03 -3.417310202430000072e-03 -8.842897230609999800e-04 1.367859173930000092e-03
1.336570826960000038e+09 1.880414972090000083e+04 3.139171749350000082e-03 -4.585003402759999652e-03 -1.254881007119999911e-03 1.835685200690000086e-03
1.336492706430000067e+09 1.882277229730000181e+04 3.464826382700000006e-03 -3.600464490149999849e-03 -1.384971037770000050e-03 1.441223860419999945e-03
1.336414585890000105e+09 1.884139705089999916e+04 2.911759540439999919e-03 -2.753556662549999992e-03 -1.164026074880000067e-03 1.102029676719999945e-03
1.336336465359999895e+09 1.886002398209999956e+04 1.638912595810000043e-03 -2.287129765659999970e-03 -6.553502494310000162e-04 9.152706386740000087e-04
1.336258344819999933e+09 1.887865309120000165e+04 9.388169273729999849e-04 -2.527670597249999981e-03 -3.754562784190000179e-04 1.011579713179999946e-03
1.336180224289999962e+09 1.889728437860000122e+04 2.024801215160000178e-03 -3.397350986180000011e-03 -8.095926774529999849e-04 1.359864591349999909e-03
1.336102103750000000e+09 1.891591784470000130e+04 2.744761994110000124e-03 -3.637054890759999857e-03 -1.097302540939999911e-03 1.455881237270000104e-03
1.336023983220000029e+09 1.893455348999999842e+04 2.228434430440000107e-03 -3.958519781250000209e-03 -8.909767344950000065e-04 1.584662827679999978e-03
1.335945862680000067e+09 1.895319131460000062e+04 2.973266178739999814e-03 -5.185306345649999711e-03 -1.188599806790000078e-03 2.076276509330000214e-03
1.335867742150000095e+09 1.897183131919999869e+04 4.705936182289999908e-03 -6.460618107319999678e-03 -1.880605026250000041e-03 2.587592173829999977e-03
1.335789621609999895e+09 1.899047350400000141e+04 6.578791886570000205e-03 -9.592185307450000822e-03 -2.628060376760000139e-03 3.844253807160000029e-03
1.335711501079999924e+09 1.900911786940000093e+04 8.228069171310000221e-03 -1.140836283300000059e-02 -3.285823433210000206e-03 4.573788977290000300e-03
1.335633380539999962e+09 1.902776441580000028e+04 9.361553937199999786e-03 -1.167130186120000045e-02 -3.737627933099999921e-03 4.679452323580000211e-03
1.335555260000000000e+09 1.904641314350000175e+04 9.490129537879999147e-03 -1.321633712759999989e-02 -3.788864992420000206e-03 5.300558020880000339e-03
1.335477139470000029e+09 1.906506405309999900e+04 7.708325050770000429e-03 -1.417825122260000029e-02 -3.078586306760000123e-03 5.687443376710000359e-03
1.335399018930000067e+09 1.908371714480000082e+04 7.254062220449999758e-03 -1.418150158550000005e-02 -2.897423300339999931e-03 5.688750938279999933e-03
1.335320898400000095e+09 1.910237241899999935e+04 8.538253605369999777e-03 -1.282144979890000036e-02 -3.409482545269999863e-03 5.141776223750000110e-03
1.335242777859999895e+09 1.912102987610000127e+04 7.358302362260000368e-03 -1.021056062679999953e-02 -2.938997856560000062e-03 4.092587473880000305e-03
1.335164657329999924e+09 1.913968951659999948e+04 4.757382906970000075e-03 -7.677870711270000197e-03 -1.901144841159999955e-03 3.075873938340000120e-03
1.335086536789999962e+09 1.915835134069999913e+04 2.804597606880000066e-03 -5.802062006719999748e-03 -1.121210251559999916e-03 2.323522090669999894e-03
1.335008416259999990e+09 1.917701534879999963e+04 1.261704135690000029e-03 -2.693731828750000040e-03 -5.045543453199999653e-04 1.078073644120000098e-03
1.334930295720000029e+09 1.919568154149999827e+04 9.870313806459999392e-04 -1.884773782470000104e-04 -3.947346342909999781e-04 7.539379333939999375e-05
1.334852175190000057e+09 1.921434991889999947e+04 1.220504404049999915e-03 -2.511484801659999802e-04 -4.880826299100000086e-04 1.004644384489999991e-04
1.334774054650000095e+09 1.923302048160000049e+04 1.214644755240000063e-03 -2.384378992919999855e-05 -4.857399113610000188e-04 9.537561454050000461e-06
1.334695934109999895e+09 1.925169322979999924e+04 7.938210037540000420e-04 -1.427754159210000047e-03 -3.174780000280000075e-04 5.712648043569999896e-04
1.334617813579999924e+09 1.927036816410000029e+04 1.543209073130000133e-04 -2.724301498290000127e-03 -6.172645780840000664e-05 1.090314776499999930e-03
1.334539693039999962e+09 1.928904528470000150e+04 4.546290729190000080e-04 -2.084805206500000164e-03 -1.818350961649999910e-04 8.342699890499999989e-04
1.334461572509999990e+09 1.930772459209999943e+04 3.569271357259999849e-04 -4.993278888370000258e-04 -1.427606635020000009e-04 1.997511044579999948e-04
1.334383451970000029e+09 1.932640608659999998e+04 7.254731463040000271e-05 -1.807074326199999939e-04 -2.901850481119999873e-05 7.228558558780000135e-05
1.334305331440000057e+09 1.934508976859999893e+04 5.783817032349999540e-04 -8.750538780339999845e-04 -2.313259233889999997e-04 3.500828230550000089e-04
1.334227210900000095e+09 1.936377563849999933e+04 5.513994256030000513e-04 -4.080848512790000008e-04 -2.205354505110000078e-04 1.632472646209999891e-04
1.334149090369999886e+09 1.938246369670000058e+04 5.897063238080000073e-05 -7.473218626850000243e-05 -2.358797475380000096e-05 2.989332130830000081e-05
1.334070969829999924e+09 1.940115394359999846e+04 4.488000922720000171e-05 -9.932910910660001057e-04 -1.795184255560000098e-05 3.973953875150000007e-04
1.333992849299999952e+09 1.941984637949999887e+04 2.601389132909999913e-04 -1.849139056200000027e-03 -1.040501519109999958e-04 7.399293026609999506e-04
1.333914728759999990e+09 1.943854100489999837e+04 2.939790138039999746e-04 -5.263606830819999487e-04 -1.175846921710000048e-04 2.105664407899999894e-04
1.333836608230000019e+09 1.945723782009999923e+04 4.086415865459999816e-04 -3.569931238760000090e-04 -1.634432770380000034e-04 1.428074460479999985e-04
1.333758487690000057e+09 1.947593682550000085e+04 4.255357780490000080e-04 -1.404354032079999917e-03 -1.701998264069999893e-04 5.618994487620000353e-04
1.333680367150000095e+09 1.949463802149999901e+04 5.039168754589999763e-04 -2.147344831999999960e-03 -2.015464383359999955e-04 8.593070313559999542e-04
1.333602246619999886e+09 1.951334140839999964e+04 1.354129984970000016e-03 -1.867169491389999991e-03 -5.415053534980000371e-04 7.471468412570000071e-04
1.333524126079999924e+09 1.953204698680000001e+04 1.483442494649999960e-03 -6.333373098399999951e-04 -5.932010193379999661e-04 2.533670186489999894e-04
1.333446005549999952e+09 1.955075475690000167e+04 4.046074463989999832e-04 -1.443249563369999921e-03 -1.618298833980000133e-04 5.774665270539999480e-04
1.333367885009999990e+09 1.956946471910000037e+04 4.080327926200000153e-05 -6.269516206049999480e-04 -1.632117851369999903e-05 2.508120989670000107e-04
1.333289764480000019e+09 1.958817687379999916e+04 8.875489584169999994e-04 -3.401353616800000044e-04 -3.549565788260000102e-04 1.360634008770000131e-04
1.333211643940000057e+09 1.960689122149999821e+04 1.341932686049999903e-03 -1.017023382779999900e-03 -5.366290632839999493e-04 4.068921224850000139e-04
1.333133523410000086e+09 1.962560776239999905e+04 7.484331727029999671e-04 -2.274808910750000118e-04 -2.993284658459999768e-04 9.099649648559999507e-05
1.333055402869999886e+09 1.964432649699999820e+04 9.354912326670000245e-04 -6.285589381539999961e-04 -3.741264990199999799e-04 2.514551874670000234e-04
1.332977282339999914e+09 1.966304742569999871e+04 2.048420021309999787e-03 -1.335212279630000045e-03 -8.190325098100000164e-04 5.342275860000000095e-04
1.332899161799999952e+09 1.968177054889999999e+04 2.741978736589999882e-03 -4.551150058979999929e-04 -1.096190458280000028e-03 1.820625747440000116e-04
1.332821041269999981e+09 1.970049586679999993e+04 2.213526051490000146e-03 -1.231559758159999967e-03 -8.850186760100000423e-04 4.927452822829999799e-04
1.332742920730000019e+09 1.971922337999999945e+04 1.544716767970000107e-03 -1.277946813159999912e-03 -6.176958937919999667e-04 5.113094216500000105e-04
1.332664800190000057e+09 1.973795308880000084e+04 1.395663945000000022e-03 -4.000601296389999896e-04 -5.581098057459999697e-04 1.600368570699999969e-04
1.332586679660000086e+09 1.975668499359999987e+04 2.184739860240000051e-04 -2.325383319219999920e-04 -8.738577616139999403e-05 9.301965896329999464e-05
1.332508559119999886e+09 1.977541909469999882e+04 -7.305447361430000364e-04 -3.711064075390000045e-04 2.922605984260000212e-04 1.484535817030000013e-04
1.332430438589999914e+09 1.979415539260000151e+04 6.217398913580000290e-05 -4.908925568940000327e-04 -2.486928641110000156e-05 1.963763033220000090e-04
1.332352318049999952e+09 1.981289388770000005e+04 6.859104614699999868e-04 -5.914299027830000272e-04 -2.743265536179999970e-04 2.365999486739999954e-04
1.332274197519999981e+09 1.983163458030000038e+04 -8.230470120909999770e-05 -3.384713025860000037e-04 3.292242242070000295e-05 1.353976868869999882e-04
1.332196076980000019e+09 1.985037747089999903e+04 -8.454615017399999587e-04 -7.681605728909999837e-04 3.382417980039999867e-04 3.073114444819999790e-04
1.332117956450000048e+09 1.986912255970000115e+04 -6.322427652780000231e-04 -2.971342882980000069e-04 2.529290899770000162e-04 1.188607789819999956e-04
1.332039835910000086e+09 1.988786984730000040e+04 1.048832200470000053e-05 -1.678763741249999965e-03 -4.195320001549999999e-06 6.717310572999999870e-04
1.331961715380000114e+09 1.990661933389999831e+04 6.142997881399999945e-04 -1.998076336460000157e-03 -2.456897310619999978e-04 7.995500895829999810e-04
1.331883594839999914e+09 1.992537101999999868e+04 6.313415942710000296e-04 -4.324548489260000026e-04 -2.525047556989999794e-04 1.729969026719999949e-04
1.331805474299999952e+09 1.994412490590000016e+04 1.091019483279999933e-03 -6.918146721659999571e-04 -4.363125951280000009e-04 2.767641645350000265e-04
1.331727353769999981e+09 1.996288099209999928e+04 1.542170182800000006e-03 -1.349749506780000040e-03 -6.166778882190000234e-04 5.400456010899999963e-04
1.331649233230000019e+09 1.998163927899999908e+04 1.168649469040000048e-04 -1.781704037669999989e-03 -4.674488620220000059e-05 7.129356933339999576e-04
1.331571112700000048e+09 2.000039976680000109e+04 -1.700546476060000060e-03 -4.431097461680000163e-04 6.804500440540000097e-04 1.772596080230000087e-04
1.331492992160000086e+09 2.001916245609999896e+04 -2.959451405330000128e-03 -2.391239585160000181e-03 1.184481783789999949e-03 9.569535681060000387e-04
1.331414871630000114e+09 2.003792734719999862e+04 -3.014312591400000046e-03 -4.134775677800000410e-03 1.206452507809999998e-03 1.655279490629999904e-03
1.331336751089999914e+09 2.005669444039999871e+04 -1.295769121499999949e-03 -2.135641489069999965e-03 5.184420164400000038e-04 8.546216807270000122e-04
1.331258630559999943e+09 2.007546373619999940e+04 3.515906864779999737e-04 -5.757773914259999839e-04 -1.406263862369999890e-04 2.303374822120000129e-04
1.331180510019999981e+09 2.009423523500000010e+04 8.089505136009999577e-04 -2.021963189550000147e-03 -3.235278646560000053e-04 8.091125190900000028e-04
1.331102389490000010e+09 2.011300893709999946e+04 3.848672495220000129e-04 -1.954360751090000129e-03 -1.539350512009999921e-04 7.820500218540000093e-04
1.331024268950000048e+09 2.013178484290000051e+04 -6.379141705110000183e-04 -1.399267486920000025e-03 2.551982285019999738e-04 5.598636891979999562e-04
1.330946148420000076e+09 2.015056295289999980e+04 -1.264265505599999895e-03 -5.299492945859999530e-04 5.058341147459999559e-04 2.120021887110000133e-04
1.330868027880000114e+09 2.016934326739999960e+04 -1.651165774090000010e-03 -2.744224814179999973e-04 6.606845135929999757e-04 1.097750176239999955e-04
1.330789907339999914e+09 2.018812578679999933e+04 -2.262369031090000118e-03 -3.870858192379999867e-04 9.053573247229999800e-04 1.548463157669999917e-04
1.330711786809999943e+09 2.020691051140000127e+04 -1.530935638580000055e-03 -8.093324110289999620e-04 6.125618331299999579e-04 3.237853772400000251e-04
1.330633666269999981e+09 2.022569744179999907e+04 9.090056119019999643e-05 -2.619672806480000051e-04 -3.635956345920000193e-05 1.047924027909999986e-04
1.330555545740000010e+09 2.024448657820000153e+04 7.097432389860000275e-04 -9.278834069659999684e-04 -2.838570043829999746e-04 3.712222572430000042e-04
1.330477425200000048e+09 2.026327792110000155e+04 3.329732280690000175e-04 -1.536172539030000034e-03 -1.331804223209999980e-04 6.146578790669999723e-04
1.330399304670000076e+09 2.028207147080000141e+04 -5.332604632710000398e-04 -2.117759833239999875e-03 2.133269378819999920e-04 8.474629285829999876e-04
1.330321184130000114e+09 2.030086722770000051e+04 -1.069600111800000008e-03 -1.574998254490000017e-03 4.279315943870000069e-04 6.301978347429999664e-04
1.330243063599999905e+09 2.031966519219999827e+04 -1.073848223309999909e-03 -5.779592872429999617e-04 4.296315677520000159e-04 2.312104419710000038e-04
1.330164943059999943e+09 2.033846536479999850e+04 -1.141247455959999973e-03 -5.587570851980000258e-04 4.566032097660000129e-04 2.235278145599999932e-04
1.330086822529999971e+09 2.035726774569999907e+04 -8.614386897530000109e-04 -6.629426751510000175e-04 3.446348556720000189e-04 2.652122357169999769e-04
1.330008701990000010e+09 2.037607233550000092e+04 -9.365026489830000165e-04 -1.188014009090000061e-03 3.746712400969999849e-04 4.753185496009999832e-04
1.329930581450000048e+09 2.039487913439999829e+04 -1.153638353569999900e-03 -8.831929026049999479e-04 4.615618447100000078e-04 3.533395781189999779e-04
1.329852460920000076e+09 2.041368814289999864e+04 -6.380772683770000089e-04 -8.549608984460000381e-05 2.552634843020000184e-04 3.419902071769999856e-05
1.329774340380000114e+09 2.043249936130000060e+04 -3.747541632039999939e-04 -7.573794203159999686e-04 1.499129016589999968e-04 3.029976672839999733e-04
1.329696219849999905e+09 2.045131279010000071e+04 -5.285288207229999835e-04 -1.808419942239999884e-05 2.114338788569999992e-04 7.233705932150000013e-06
1.329618099309999943e+09 2.047012842960000125e+04 -8.950923802330000350e-04 -1.332587842909999922e-03 3.581010626260000269e-04 5.331772508940000417e-04
1.329539978779999971e+09 2.048894628020000164e+04 -1.015993067990000106e-03 -1.202255662410000063e-03 4.064798289310000219e-04 4.810179355429999816e-04
1.329461858240000010e+09 2.050776634230000127e+04 -2.433744084560000116e-04 -3.688639730240000046e-04 9.735450217800000622e-05 1.475564751309999954e-04
1.329383737710000038e+09 2.052658861640000032e+04 8.289533434440000221e-04 -6.961807075709999662e-04 -3.315263764349999894e-04 2.785110636339999828e-04
1.329305617170000076e+09 2.054541310270000031e+04 1.948017044920000032e-03 -2.118681850990000119e-03 -7.789033939469999735e-04 8.478320484359999718e-04
1.329227496640000105e+09 2.056423980170000141e+04 2.601885469630000215e-03 -2.276441815929999921e-03 -1.040212978689999913e-03 9.109915531989999475e-04
1.329149376099999905e+09 2.058306871379999939e+04 1.176504185419999975e-03 -1.372787782510000035e-03 -4.704909759300000111e-04 5.492659319199999978e-04
1.329071255569999933e+09 2.060189983940000093e+04 -3.984772483820000263e-04 -3.540771424030000279e-05 1.594036034319999977e-04 1.416318599360000055e-05
1.328993135029999971e+09 2.062073317880000104e+04 3.946766373699999862e-04 -6.641053806189999801e-04 -1.578581946879999934e-04 2.656774413739999819e-04
1.328915014490000010e+09 2.063956873239999913e+04 1.801948761570000036e-03 -3.114345385910000054e-04 -7.205198678329999924e-04 1.245815753990000044e-04
1.328836893960000038e+09 2.065840650069999901e+04 -0.000000000000000000e+00 -0.000000000000000000e+00 -0.000000000000000000e+00 -0.000000000000000000e+00
1.328758773420000076e+09 2.067724648399999933e+04 -0.000000000000000000e+00 -0.000000000000000000e+00 -0.000000000000000000e+00 -0.000000000000000000e+00
1.328680652890000105e+09 2.069608868269999948e+04 -0.000000000000000000e+00 -0.000000000000000000e+00 -0.000000000000000000e+00 -0.000000000000000000e+00
1.328602532349999905e+09 2.071493309719999888e+04 -0.000000000000000000e+00 -0.000000000000000000e+00 -0.000000000000000000e+00 -0.000000000000000000e+00
1.328524411819999933e+09 2.073377972800000134e+04 -0.000000000000000000e+00 -0.000000000000000000e+00 -0.000000000000000000e+00 -0.000000000000000000e+00
1.328446291279999971e+09 2.075262857530000110e+04 -0.000000000000000000e+00 -0.000000000000000000e+00 -0.000000000000000000e+00 -0.000000000000000000e+00
1.328368170750000000e+09 2.077147963959999834e+04 -0.000000000000000000e+00 -0.000000000000000000e+00 -0.000000000000000000e+00 -0.000000000000000000e+00
1.328290050210000038e+09 2.079033292119999896e+04 -0.000000000000000000e+00 -0.000000000000000000e+00 -0.000000000000000000e+00 -0.000000000000000000e+00
1.328211929680000067e+09 2.080918842059999952e+04 -0.000000000000000000e+00 -0.000000000000000000e+00 -0.000000000000000000e+00 -0.000000000000000000e+00
1.328133809140000105e+09 2.082804613819999940e+04 -0.000000000000000000e+00 -0.000000000000000000e+00 -0.000000000000000000e+00 -0.000000000000000000e+00
1.328055688609999895e+09 2.084690607430000091e+04 -0.000000000000000000e+00 -0.000000000000000000e+00 -0.000000000000000000e+00 -0.000000000000000000e+00
1.327977568069999933e+09 2.086576822940000056e+04 -0.000000000000000000e+00 -0.000000000000000000e+00 -0.000000000000000000e+00 -0.000000000000000000e+00
1.327899447529999971e+09 2.088463260380000065e+04 -0.000000000000000000e+00 -0.000000000000000000e+00 -0.000000000000000000e+00 -0.000000000000000000e+00
1.327821327000000000e+09 2.090349919790000058e+04 -0.000000000000000000e+00 -0.000000000000000000e+00 -0.000000000000000000e+00 -0.000000000000000000e+00
1.327743206460000038e+09 2.092236801209999976e+04 -0.000000000000000000e+00 -0.000000000000000000e+00 -0.000000000000000000e+00 -0.000000000000000000e+00
1.327665085930000067e+09 2.094123904680000123e+04 -0.000000000000000000e+00 -0.000000000000000000e+00 -0.000000000000000000e+00 -0.000000000000000000e+00
1.327586965390000105e+09 2.096011230240000077e+04 -0.000000000000000000e+00 -0.000000000000000000e+00 -0.000000000000000000e+00 -0.000000000000000000e+00
1.327508844859999895e+09 2.097898777930000142e+04 -0.000000000000000000e+00 -0.000000000000000000e+00 -0.000000000000000000e+00 -0.000000000000000000e+00
1.327430724319999933e+09 2.099786547779999819e+04 -0.000000000000000000e+00 -0.000000000000000000e+00 -0.000000000000000000e+00 -0.000000000000000000e+00
1.327352603789999962e+09 2.101674539849999928e+04 -0.000000000000000000e+00 -0.000000000000000000e+00 -0.000000000000000000e+00 -0.000000000000000000e+00
1.327274483250000000e+09 2.103562754159999895e+04 -0.000000000000000000e+00 -0.000000000000000000e+00 -0.000000000000000000e+00 -0.000000000000000000e+00
1.327196362720000029e+09 2.105451190760000100e+04 -0.000000000000000000e+00 -0.000000000000000000e+00 -0.000000000000000000e+00 -0.000000000000000000e+00
1.327118242180000067e+09 2.107339849680000043e+04 -0.000000000000000000e+00 -0.000000000000000000e+00 -0.000000000000000000e+00 -0.000000000000000000e+00
1.327040121640000105e+09 2.109228730960000030e+04 -0.000000000000000000e+00 -0.000000000000000000e+00 -0.000000000000000000e+00 -0.000000000000000000e+00
1.326962001109999895e+09 2.111117834650000077e+04 -0.000000000000000000e+00 -0.000000000000000000e+00 -0.000000000000000000e+00 -0.000000000000000000e+00
1.326883880569999933e+09 2.113007160780000049e+04 -0.000000000000000000e+00 -0.000000000000000000e+00 -0.000000000000000000e+00 -0.000000000000000000e+00
1.326805760039999962e+09 2.114896709389999887e+04 -0.000000000000000000e+00 -0.000000000000000000e+00 -0.000000000000000000e+00 -0.000000000000000000e+00
1.326727639500000000e+09 2.116786480529999972e+04 -0.000000000000000000e+00 -0.000000000000000000e+00 -0.000000000000000000e+00 -0.000000000000000000e+00
1.326649518970000029e+09 2.118676474220000091e+04 -0.000000000000000000e+00 -0.000000000000000000e+00 -0.000000000000000000e+00 -0.000000000000000000e+00
1.326571398430000067e+09 2.120566690519999975e+04 -0.000000000000000000e+00 -0.000000000000000000e+00 -0.000000000000000000e+00 -0.000000000000000000e+00
1.326493277900000095e+09 2.122457129450000139e+04 -0.000000000000000000e+00 -0.000000000000000000e+00 -0.000000000000000000e+00 -0.000000000000000000e+00
1.326415157359999895e+09 2.124347791069999948e+04 -0.000000000000000000e+00 -0.000000000000000000e+00 -0.000000000000000000e+00 -0.000000000000000000e+00
1.326337036829999924e+09 2.126238675399999920e+04 -0.000000000000000000e+00 -0.000000000000000000e+00 -0.000000000000000000e+00 -0.000000000000000000e+00
1.326258916289999962e+09 2.128129782479999994e+04 -0.000000000000000000e+00 -0.000000000000000000e+00 -0.000000000000000000e+00 -0.000000000000000000e+00
1.326180795759999990e+09 2.130021112369999901e+04 -0.000000000000000000e+00 -0.000000000000000000e+00 -0.000000000000000000e+00 -0.000000000000000000e+00
