1.327638155440000057e+09 2.094774497229999906e+04 -0.000000000000000000e+00 -0.000000000000000000e+00 -0.000000000000000000e+00 -0.000000000000000000e+00
1.327560037460000038e+09 2.096661837620000006e+04 -0.000000000000000000e+00 -0.000000000000000000e+00 -0.000000000000000000e+00 -0.000000000000000000e+00
1.327481919480000019e+09 2.098549400139999852e+04 -0.000000000000000000e+00 -0.000000000000000000e+00 -0.000000000000000000e+00 -0.000000000000000000e+00
1.327403801500000000e+09 2.100437184820000039e+04 -0.000000000000000000e+00 -0.000000000000000000e+00 -0.000000000000000000e+00 -0.000000000000000000e+00
1.327325683519999981e+09 2.102325191719999930e+04 -0.000000000000000000e+00 -0.000000000000000000e+00 -0.000000000000000000e+00 -0.000000000000000000e+00
1.327247565539999962e+09 2.104213420849999966e+04 -0.000000000000000000e+00 -0.000000000000000000e+00 -0.000000000000000000e+00 -0.000000000000000000e+00
1.327169447559999943e+09 2.106101872269999876e+04 -0.000000000000000000e+00 -0.000000000000000000e+00 -0.000000000000000000e+00 -0.000000000000000000e+00
1.327091329579999924e+09 2.107990546019999965e+04 -0.000000000000000000e+00 -0.000000000000000000e+00 -0.000000000000000000e+00 -0.000000000000000000e+00
1.327013211599999905e+09 2.109879442120000022e+04 -0.000000000000000000e+00 -0.000000000000000000e+00 -0.000000000000000000e+00 -0.000000000000000000e+00
1.326935093619999886e+09 2.111768560630000138e+04 -0.000000000000000000e+00 -0.000000000000000000e+00 -0.000000000000000000e+00 -0.000000000000000000e+00
1.326856975640000105e+09 2.113657901589999892e+04 -0.000000000000000000e+00 -0.000000000000000000e+00 -0.000000000000000000e+00 -0.000000000000000000e+00
1.326778857660000086e+09 2.115547465020000163e+04 -0.000000000000000000e+00 -0.000000000000000000e+00 -0.000000000000000000e+00 -0.000000000000000000e+00
1.326700739680000067e+09 2.117437250969999877e+04 -0.000000000000000000e+00 -0.000000000000000000e+00 -0.000000000000000000e+00 -0.000000000000000000e+00
1.326622621700000048e+09 2.119327259480000066e+04 -0.000000000000000000e+00 -0.000000000000000000e+00 -0.000000000000000000e+00 -0.000000000000000000e+00
1.326544503720000029e+09 2.121217490589999943e+04 -0.000000000000000000e+00 -0.000000000000000000e+00 -0.000000000000000000e+00 -0.000000000000000000e+00
1.326466385740000010e+09 2.123107944340000176e+04 -0.000000000000000000e+00 -0.000000000000000000e+00 -0.000000000000000000e+00 -0.000000000000000000e+00
1.326388267759999990e+09 2.124998620769999980e+04 -0.000000000000000000e+00 -0.000000000000000000e+00 -0.000000000000000000e+00 -0.000000000000000000e+00
1.326310149779999971e+09 2.126889519909999945e+04 -0.000000000000000000e+00 -0.000000000000000000e+00 -0.000000000000000000e+00 -0.000000000000000000e+00
1.326232031799999952e+09 2.128780641810000088e+04 -0.000000000000000000e+00 -0.000000000000000000e+00 -0.000000000000000000e+00 -0.000000000000000000e+00
1.326153913819999933e+09 2.130671986509999988e+04 -0.000000000000000000e+00 -0.000000000000000000e+00 -0.000000000000000000e+00 -0.000000000000000000e+00
1.326075795839999914e+09 2.132563554039999872e+04 -0.000000000000000000e+00 -0.000000000000000000e+00 -0.000000000000000000e+00 -0.000000000000000000e+00
1.325997677859999895e+09 2.134455344440000044e+04 -0.000000000000000000e+00 -0.000000000000000000e+00 -0.000000000000000000e+00 -0.000000000000000000e+00
1.325919559880000114e+09 2.136347357760000159e+04 -0.000000000000000000e+00 -0.000000000000000000e+00 -0.000000000000000000e+00 -0.000000000000000000e+00
1.325841441900000095e+09 2.138239594030000080e+04 1.851159613579999967e-03 -3.439656101849999925e-03 -4.579765707730000003e-03 8.565801249100000667e-03
1.325763323920000076e+09 2.140132053299999825e+04 3.170671407130000192e-03 -5.963751679680000424e-03 -7.831479210410000752e-03 1.489858347739999971e-02
1.325685205940000057e+09 2.142024735589999909e+04 6.758411182090000389e-04 -8.947935498070000134e-04 -1.674461676979999971e-03 2.221259780420000059e-03
1.325607087960000038e+09 2.143917640960000062e+04 -6.243239622560000117e-04 -1.062704512540000061e-03 1.549318289999999975e-03 2.638636882000000138e-03
1.325528969980000019e+09 2.145810769440000149e+04 7.934570021460000012e-05 -4.647057078989999712e-06 -1.967319667660000020e-04 1.152324421869999920e-05
1.325450852000000000e+09 2.147704121070000110e+04 -7.128206925699999614e-05 -4.975528493209999863e-04 1.767717821990000076e-04 1.234529641299999918e-03
1.325372734019999981e+09 2.149597695889999886e+04 3.281408571639999748e-04 -1.324296932219999959e-03 -8.133508717230000015e-04 3.289225743319999958e-03
1.325294616039999962e+09 2.151491493940000146e+04 6.847490440120000037e-04 -1.086413072049999913e-03 -1.696513213209999973e-03 2.697583401919999811e-03
1.325216498059999943e+09 2.153385515250000026e+04 -5.646340432579999942e-04 -9.645277444030000329e-04 1.401088354749999978e-03 2.394577258950000061e-03
1.325138380079999924e+09 2.155279759879999983e+04 -1.660558860750000051e-03 -2.746699694859999850e-03 4.126142321209999748e-03 6.834214760459999573e-03
1.325060262099999905e+09 2.157174227850000170e+04 -7.673633517700000290e-04 -1.358231914789999936e-03 1.904622142399999907e-03 3.373654173329999895e-03
1.324982144119999886e+09 2.159068919209999876e+04 8.985511376519999703e-04 -8.569003805719999783e-04 -2.225633633309999793e-03 2.127092632019999836e-03
1.324904026140000105e+09 2.160963833990000057e+04 9.353698696939999986e-04 -1.119523382060000046e-03 -2.316724896489999897e-03 2.779911280910000049e-03
1.324825908160000086e+09 2.162858972250000079e+04 4.062479129060000234e-04 -4.245703630459999830e-04 -1.006854570630000018e-03 1.053349865659999928e-03
1.324747790180000067e+09 2.164754334000000017e+04 9.114452404899999697e-04 -4.331716046790000038e-04 -2.257535190240000152e-03 1.074700830530000073e-03
1.324669672200000048e+09 2.166649919310000041e+04 1.250262837859999945e-03 -9.386016476209999666e-04 -3.095446047330000124e-03 2.330136988620000113e-03
1.324591554220000029e+09 2.168545728199999940e+04 -1.471408177170000022e-05 -2.710351621650000116e-05 3.648676380840000136e-05 6.721009175760000098e-05
1.324513436240000010e+09 2.170441760710000017e+04 -1.190506853159999925e-03 -5.555049100670000168e-04 2.956432582230000047e-03 1.378419615709999997e-03
1.324435318259999990e+09 2.172338016889999926e+04 -1.305656041949999988e-03 -9.871832843810000695e-04 3.242851233779999853e-03 2.450891839680000191e-03
1.324357200279999971e+09 2.174234496769999896e+04 -2.065337263050000174e-03 -2.816016720430000123e-03 5.134518313899999985e-03 7.007291944339999988e-03
1.324279082299999952e+09 2.176131200389999867e+04 -1.922894851299999973e-03 -2.220721531779999963e-03 4.779552616649999572e-03 5.521878793580000354e-03
1.324200964319999933e+09 2.178028127790000144e+04 -8.506200974810000084e-04 -5.994144091219999948e-04 2.111486550420000035e-03 1.487456907579999934e-03
1.324122846339999914e+09 2.179925279020000016e+04 -6.492599495690000487e-04 -5.858774728550000029e-04 1.611249153279999949e-03 1.453840342469999922e-03
1.324044728359999895e+09 2.181822654110000076e+04 -1.003996236250000087e-03 -1.398784644409999892e-03 2.492685625330000147e-03 3.474556555420000095e-03
1.323966610380000114e+09 2.183720253109999976e+04 -3.887395141649999976e-04 -1.895331593419999924e-04 9.644114260659999516e-04 4.700905641530000252e-04
1.323888492400000095e+09 2.185618076039999869e+04 1.703923102469999916e-03 -3.070282878849999852e-03 -4.216269622590000307e-03 7.642423889199999841e-03
1.323810374420000076e+09 2.187516122950000135e+04 3.409133292729999917e-03 -4.393902364479999878e-03 -8.418001734240000006e-03 1.095522710539999917e-02
1.323732256440000057e+09 2.189414393890000065e+04 2.231057733299999981e-03 -2.946612026369999863e-03 -5.517044716569999979e-03 7.333455832849999911e-03
1.323654138460000038e+09 2.191312888880000173e+04 1.034907472790000052e-04 -1.970144997760000117e-04 -2.565901974560000180e-04 4.886507304320000192e-04
1.323576020480000019e+09 2.193211607979999826e+04 1.774456177369999866e-04 -2.731676518439999962e-04 -4.399101744460000253e-04 6.775957234200000309e-04
1.323497902500000000e+09 2.195110551209999903e+04 2.987210173159999811e-04 -1.201972343019999927e-03 -7.404559697290000056e-04 2.984947821890000016e-03
1.323419784519999981e+09 2.197009718620000058e+04 1.155734935310000027e-04 -7.640186558039999609e-04 -2.865433109589999748e-04 1.896312616119999895e-03
1.323341666539999962e+09 2.198909110259999943e+04 9.594492148609999995e-04 -1.881721216759999968e-03 -2.376293833900000076e-03 4.676971618530000041e-03
1.323263548559999943e+09 2.200808726150000075e+04 1.363452640360000075e-03 -2.595655685160000014e-03 -3.375213038480000174e-03 6.457177778920000256e-03
1.323185430569999933e+09 2.202708566340000107e+04 1.060840440910000093e-03 -1.571583923669999956e-03 -2.627082647700000172e-03 3.904625961930000173e-03
1.323107312589999914e+09 2.204608630859999903e+04 4.773232503790000142e-04 -6.465813475430000432e-04 -1.182905242449999901e-03 1.604596410050000048e-03
1.323029194609999895e+09 2.206508919769999920e+04 -1.081277499909999960e-03 -1.859825107360000077e-03 2.684814549590000023e-03 4.622423402789999775e-03
1.322951076630000114e+09 2.208409433089999948e+04 -2.179311588410000160e-03 -3.865574108969999784e-03 5.418632470169999771e-03 9.631591521150000001e-03
1.322872958650000095e+09 2.210310170870000002e+04 -1.145673682910000081e-03 -1.680894289209999967e-03 2.844938078600000187e-03 4.176777289269999888e-03
1.322794840670000076e+09 2.212211133150000023e+04 5.018219817429999969e-04 -9.918947743980000443e-04 -1.243580404920000080e-03 2.462603527410000062e-03
1.322716722690000057e+09 2.214112319959999877e+04 9.953198023139998938e-04 -1.698420566060000053e-03 -2.465026078329999974e-03 4.220419561380000205e-03
1.322638604710000038e+09 2.216013731349999944e+04 3.896740672639999897e-04 -2.921572996269999976e-04 -9.657973836120000311e-04 7.247168510729999754e-04
1.322560486730000019e+09 2.217915367360000164e+04 9.948720689860000160e-04 -2.849512959249999753e-04 -2.463918579249999800e-03 7.068355302330000351e-04
1.322482368750000000e+09 2.219817228020000039e+04 2.181128365920000090e-03 -3.420333426500000041e-03 -5.393909852129999925e-03 8.517476333879999556e-03
1.322404250769999981e+09 2.221719313379999949e+04 1.259802258570000017e-03 -2.123918469989999856e-03 -3.119027296340000192e-03 5.280538928759999882e-03
1.322326132789999962e+09 2.223621623479999835e+04 -3.706494753710000184e-04 -6.120796399099999539e-04 9.195117876070000446e-04 1.518909771019999943e-03
1.322248014809999943e+09 2.225524158349999925e+04 -2.085190499200000134e-03 -3.114702318280000021e-03 5.184002474070000324e-03 7.753420698679999723e-03
1.322169896829999924e+09 2.227426918030000161e+04 -1.671755337160000035e-03 -1.628878990670000080e-03 4.154021093270000159e-03 4.047264940279999765e-03
1.322091778849999905e+09 2.229329902579999907e+04 5.604884936469999501e-04 -1.883646373260000053e-03 -1.388862768399999918e-03 4.681767765929999853e-03
1.322013660869999886e+09 2.231233112009999968e+04 -2.057199017140000038e-04 -4.546668555609999760e-04 5.102480568909999788e-04 1.128060741829999946e-03
1.321935542890000105e+09 2.233136546390000149e+04 -2.163493307310000204e-03 -2.882163986350000026e-03 5.379195979220000035e-03 7.172482515059999848e-03
1.321857424910000086e+09 2.235040205730000162e+04 -2.117377007379999971e-03 -3.713706634890000160e-03 5.264232498840000322e-03 9.251437646040000518e-03
1.321779306930000067e+09 2.236944090090000100e+04 -6.219389033499999947e-04 -7.947543644849999625e-04 1.543394973479999968e-03 1.972674674779999887e-03
1.321701188950000048e+09 2.238848199509999904e+04 7.463529473169999489e-04 -1.102160037589999938e-03 -1.849000131930000077e-03 2.736736955219999917e-03
1.321623070970000029e+09 2.240752534020000166e+04 7.990081794560000049e-04 -2.031289687380000066e-03 -1.979318154020000189e-03 5.049660484810000391e-03
1.321544952990000010e+09 2.242657093670000177e+04 1.033943626679999944e-04 -4.123652349969999815e-04 -2.563512565149999819e-04 1.023053712860000092e-03
1.321466835009999990e+09 2.244561878490000163e+04 -3.868502972179999923e-04 -1.021945787379999974e-03 9.597222783930000429e-04 2.537306707470000141e-03
1.321388717029999971e+09 2.246466888530000142e+04 -8.593329694119999787e-04 -2.023090253560000211e-03 2.133137517319999999e-03 5.029225857359999850e-03
1.321310599049999952e+09 2.248372123819999979e+04 -4.921446088700000146e-04 -7.148483740510000505e-04 1.221102502359999904e-03 1.774162470999999987e-03
1.321232481069999933e+09 2.250277584399999978e+04 6.489265360869999602e-04 -1.198963099380000044e-03 -1.607831777609999933e-03 2.977463605590000093e-03
1.321154363089999914e+09 2.252183270320000156e+04 9.522263426330000160e-04 -1.630754956779999947e-03 -2.358425829199999827e-03 4.051935597180000327e-03
1.321076245109999895e+09 2.254089181610000014e+04 7.885153172540000296e-04 -1.873776537380000048e-03 -1.953350407779999836e-03 4.657179261439999864e-03
1.320998127130000114e+09 2.255995318319999933e+04 6.124797509979999820e-04 -2.102499075869999922e-04 -1.517596822890000027e-03 5.214867823009999544e-04
1.320920009150000095e+09 2.257901680480000141e+04 1.201079227029999913e-03 -3.165544814369999991e-04 -2.973856362150000075e-03 7.852595541050000133e-04
1.320841891170000076e+09 2.259808268139999927e+04 1.910090330060000086e-03 -2.006821524699999807e-03 -4.725216277500000374e-03 4.988682170469999587e-03
1.320763773190000057e+09 2.261715081329999884e+04 5.583139136429999660e-04 -1.041125724299999918e-03 -1.383477992410000025e-03 2.584988626279999951e-03
1.320685655210000038e+09 2.263622120089999953e+04 -9.518022416159999588e-04 -1.162046229920000052e-03 2.362947033260000013e-03 2.885653120429999916e-03
1.320607537230000019e+09 2.265529384470000150e+04 -1.805207924920000043e-03 -2.971157512889999880e-03 4.486372477780000215e-03 7.394770460540000395e-03
1.320529419250000000e+09 2.267436874499999976e+04 -2.303254557770000131e-03 -4.231717680859999747e-03 5.727688018509999833e-03 1.054871487740000058e-02
1.320451301269999981e+09 2.269344590230000176e+04 -1.354632433499999931e-03 -2.994809632890000142e-03 3.364698517579999860e-03 7.453857015530000393e-03
1.320373183289999962e+09 2.271252531689999887e+04 -6.978778401389999948e-04 -1.327829924059999948e-03 1.732007274500000022e-03 3.298015306529999795e-03
1.320295065309999943e+09 2.273160698929999853e+04 2.130042994389999989e-04 -1.685652596389999934e-04 -5.280413819639999612e-04 4.180739535639999851e-04
1.320216947329999924e+09 2.275069091979999939e+04 1.409786404109999915e-03 -1.581127204410000091e-03 -3.489711891789999861e-03 3.928383031709999779e-03
1.320138829349999905e+09 2.276977710890000162e+04 1.266495790330000090e-03 -1.758153750390000067e-03 -3.135573235239999795e-03 4.369175780310000090e-03
1.320060711369999886e+09 2.278886555690000023e+04 4.424379440020000023e-04 -5.467608868559999634e-04 -1.096499654050000052e-03 1.356707633010000068e-03
1.319982593390000105e+09 2.280795626419999826e+04 -7.924601086419999496e-04 -6.154589333630000223e-05 1.966974455179999835e-03 1.526252817579999981e-04
1.319904475410000086e+09 2.282704923140000028e+04 -1.626285491509999901e-03 -1.475245840499999923e-03 4.040807852789999634e-03 3.664833269419999918e-03
1.319826357430000067e+09 2.284614445859999978e+04 -1.950291800309999959e-03 -2.043441439539999890e-03 4.847815875110000200e-03 5.079945847330000208e-03
1.319748239450000048e+09 2.286524194640000132e+04 -7.364203920589999569e-04 -4.092109660010000236e-04 1.827750425100000070e-03 1.015224184689999956e-03
1.319670121470000029e+09 2.288434169520000069e+04 1.003745128399999948e-03 -1.240115951749999959e-03 -2.485866471259999978e-03 3.079818713699999932e-03
1.319592003490000010e+09 2.290344370530000015e+04 9.651645086709999448e-06 -5.685838579189999480e-04 -2.393262873719999946e-05 1.410896380310000097e-03
1.319513885509999990e+09 2.292254797719999988e+04 -1.210480346339999971e-03 -1.842165412360000087e-03 3.006108172009999951e-03 4.578431231700000326e-03
1.319435767529999971e+09 2.294165451129999929e+04 2.437948714939999892e-04 -5.251407614240000262e-04 -6.043486876289999588e-04 1.303025468329999971e-03
1.319357649549999952e+09 2.296076330790000065e+04 7.211262709460000047e-04 -9.250688537019999616e-04 -1.786559852060000094e-03 2.296502379320000068e-03
1.319279531569999933e+09 2.297987436739999976e+04 -7.355053676289999547e-04 -1.281552209809999924e-03 1.825477316239999944e-03 3.182889292720000093e-03
1.319201413589999914e+09 2.299898769040000116e+04 1.060584618240000015e-04 -1.199769562870000038e-04 -2.629556338160000018e-04 2.975477751420000142e-04
1.319123295609999895e+09 2.301810327709999910e+04 1.307189930230000068e-03 -1.391521640269999943e-03 -3.236160390599999905e-03 3.456484164769999846e-03
1.319045177630000114e+09 2.303722112790000028e+04 7.641694392080000285e-04 -7.901970043549999458e-04 -1.893096606070000104e-03 1.961351665359999802e-03
1.318967059650000095e+09 2.305634124339999835e+04 1.026030862700000020e-03 -1.461839647110000067e-03 -2.540989064109999869e-03 3.631468808749999805e-03
1.318888941670000076e+09 2.307546362379999846e+04 4.956438206139999678e-04 -9.179530755300000042e-04 -1.228279513610000106e-03 2.278817171149999810e-03
1.318810823690000057e+09 2.309458826960000079e+04 -2.373464405540000061e-03 -3.664910113800000195e-03 5.902800787929999606e-03 9.129321117940000785e-03
1.318732705710000038e+09 2.311371518120000110e+04 -2.843679860230000078e-03 -4.748826040040000224e-03 7.076372203369999704e-03 1.184541218150000040e-02
1.318654587730000019e+09 2.313284435890000168e+04 -6.632762961090000159e-08 -3.808415307979999900e-04 1.644707867480000078e-07 9.448083126000000279e-04
1.318576469750000000e+09 2.315197580329999982e+04 1.304274541329999938e-03 -1.637196481430000083e-03 -3.228954513149999948e-03 4.067973447109999967e-03
1.318498351769999981e+09 2.317110951460000069e+04 9.610087145119999797e-04 -1.926059362600000087e-03 -2.380151695909999820e-03 4.787437192810000026e-03
1.318420233789999962e+09 2.319024549330000082e+04 6.564970826729999830e-04 -1.572693210099999905e-03 -1.626573916459999984e-03 3.907387393680000071e-03
1.318342115809999943e+09 2.320938373979999960e+04 5.411857273429999731e-04 -8.240506933319999934e-04 -1.341063525930000049e-03 2.045466060500000099e-03
1.318263997829999924e+09 2.322852425450000010e+04 7.649586186739999868e-04 -4.405440790150000167e-04 -1.895049809360000023e-03 1.093001974480000077e-03
1.318185879849999905e+09 2.324766703780000171e+04 1.397137297319999902e-03 -1.234983927049999961e-03 -3.458455032250000016e-03 3.067053803290000196e-03
1.318107761869999886e+09 2.326681209020000097e+04 2.105779713020000145e-03 -2.807760501920000210e-03 -5.208057714429999846e-03 6.986675479990000354e-03
1.318029643890000105e+09 2.328595941189999940e+04 2.457207534460000009e-03 -3.506789074139999868e-03 -6.074581303500000209e-03 8.733715159130000377e-03
1.317951525910000086e+09 2.330510900340000080e+04 1.952206715939999943e-03 -2.743474186100000080e-03 -4.829153390159999885e-03 6.826161740119999870e-03
1.317873407930000067e+09 2.332426086520000172e+04 1.096540829170000036e-03 -1.383633572980000033e-03 -2.715371749170000185e-03 3.436856811760000217e-03
1.317795289950000048e+09 2.334341499750000003e+04 1.637322595340000037e-03 -2.106063912019999918e-03 -4.051803519039999871e-03 5.236032063759999723e-03
1.317717171970000029e+09 2.336257140090000030e+04 2.077235607430000155e-03 -3.405919779420000203e-03 -5.137642881059999687e-03 8.481430140609999210e-03
1.317639053990000010e+09 2.338173007570000118e+04 2.072136150669999944e-03 -3.051609171449999863e-03 -5.125062620030000106e-03 7.595765070689999843e-03
1.317560936009999990e+09 2.340089102229999844e+04 2.284266520289999960e-03 -3.410242320160000035e-03 -5.648250537279999629e-03 8.492239977430000170e-03
1.317482818029999971e+09 2.342005424119999952e+04 3.084406256680000211e-03 -3.643428929640000168e-03 -7.619216080119999880e-03 9.075567757870000793e-03
1.317404700049999952e+09 2.343921973269999944e+04 4.457330796870000340e-03 -5.623264088920000049e-03 -1.099208393729999948e-02 1.404197987640000075e-02
1.317326582069999933e+09 2.345838749729999836e+04 3.728161333129999949e-03 -5.469752792839999850e-03 -9.202147741440000472e-03 1.365601379929999928e-02
1.317248464089999914e+09 2.347755753529999856e+04 1.172096584920000097e-03 -1.261573921489999965e-03 -2.902199751610000204e-03 3.133192993019999917e-03
1.317170346109999895e+09 2.349672984709999946e+04 -5.869132583029999708e-04 -9.125203853649999997e-04 1.456412490829999936e-03 2.265315238419999839e-03
1.317092228130000114e+09 2.351590443320000122e+04 -9.639416821300000058e-04 -1.134793804910000023e-03 2.393120533670000001e-03 2.817883053020000042e-03
1.317014110150000095e+09 2.353508129399999962e+04 -1.792161725460000030e-03 -2.081285073190000060e-03 4.453877247300000106e-03 5.174268012360000273e-03
1.316935992170000076e+09 2.355426042980000057e+04 -1.812494359910000021e-03 -2.488032118479999947e-03 4.504521853850000299e-03 6.188613878789999898e-03
1.316857874190000057e+09 2.357344184110000060e+04 4.751685773950000183e-04 -7.920627871950000013e-04 -1.177568662099999974e-03 1.965987288929999920e-03
1.316779756210000038e+09 2.359262552829999913e+04 1.306867110540000081e-03 -2.160309520070000100e-03 -3.235362489619999799e-03 5.371258680479999888e-03
1.316701638230000019e+09 2.361181149179999920e+04 1.447350514350000063e-04 -5.586344544200000199e-04 -3.588310826239999749e-04 1.386190593990000016e-03
1.316623520250000000e+09 2.363099973189999946e+04 -4.877261817459999896e-04 -5.391505726719999494e-04 1.210132925140000029e-03 1.337811107810000025e-03
1.316545402269999981e+09 2.365019024920000084e+04 -4.372483817860000298e-05 -5.472190910180000419e-04 1.084291399159999979e-04 1.357845372270000085e-03
1.316467284289999962e+09 2.366938304390000121e+04 -3.382865688759999971e-04 -2.227756361560000100e-04 8.391917925490000431e-04 5.525631663880000051e-04
1.316389166309999943e+09 2.368857811650000076e+04 -1.902808202430000036e-03 -2.857906738259999909e-03 4.729506934759999948e-03 7.111901352720000243e-03
1.316311048329999924e+09 2.370777546749999965e+04 -1.643783994949999999e-03 -2.253446258169999796e-03 4.084375040339999902e-03 5.603478035049999639e-03
1.316232930349999905e+09 2.372697509709999940e+04 -2.895532525140000093e-04 -4.819961729239999868e-04 7.182550076300000391e-04 1.195907278639999922e-03
1.316154812369999886e+09 2.374617700590000095e+04 6.269745645109999887e-04 -1.884690935500000093e-05 -1.553484059050000074e-03 4.673524753760000189e-05
1.316076694390000105e+09 2.376538119419999930e+04 1.505064079539999988e-03 -1.409868102130000089e-03 -3.725118542480000076e-03 3.502135935219999937e-03
1.315998576410000086e+09 2.378458766240000114e+04 1.060255453920000077e-03 -1.649236735370000024e-03 -2.625635876500000045e-03 4.097951478639999881e-03
1.315920458430000067e+09 2.380379641099999935e+04 6.483249308080000317e-06 -1.316000929899999996e-03 -1.607620326019999876e-05 3.268586815470000094e-03
1.315842340450000048e+09 2.382300744029999987e+04 -2.849777229130000096e-05 -1.747367765079999987e-05 7.066762800920000167e-05 4.332992983519999791e-05
1.315764222470000029e+09 2.384222075069999846e+04 -8.683439227749999568e-05 -6.188687334870000443e-04 2.153440054640000107e-04 1.535770229000000056e-03
1.315686104490000010e+09 2.386143634269999893e+04 -4.930560244249999630e-04 -9.401631404380000325e-04 1.223365278040000007e-03 2.334018019129999871e-03
1.315607986509999990e+09 2.388065421670000069e+04 -8.787268307060000028e-04 -1.843448159639999922e-03 2.181331788540000118e-03 4.581626625879999838e-03
1.315529868529999971e+09 2.389987437299999874e+04 -1.262655714529999952e-03 -2.913518113159999957e-03 3.135883906590000020e-03 7.250793185469999770e-03
1.315451750549999952e+09 2.391909681210000053e+04 -5.020567914470000243e-04 -6.289547913399999666e-04 1.245711799599999968e-03 1.560819098370000045e-03
1.315373632569999933e+09 2.393832153439999820e+04 -1.900728675539999990e-04 -2.064479651299999912e-04 4.714294937199999848e-04 5.120543384819999837e-04
1.315295514589999914e+09 2.395754854029999842e+04 -7.877551252020000352e-04 -2.896991177910000228e-04 1.955284736379999787e-03 7.186169656369999865e-04
1.315217396609999895e+09 2.397677783020000061e+04 -3.410158387850000211e-04 -7.249412063689999631e-06 8.459651917359999702e-04 1.797632647210000033e-05
1.315139278630000114e+09 2.399600940439999977e+04 4.905167152169999682e-04 -9.681884586629999762e-04 -1.215581498940000076e-03 2.403676433909999934e-03
1.315061160650000095e+09 2.401524326350000047e+04 6.255517364480000370e-04 -1.349814489870000049e-04 -1.549961382439999898e-03 3.347657620530000190e-04
1.314983042670000076e+09 2.403447940780000135e+04 6.062758620830000162e-04 -6.930373553889999385e-05 -1.502236423030000028e-03 1.718653080410000109e-04
1.314904924690000057e+09 2.405371783769999820e+04 3.772898926400000013e-04 -2.254617334630000134e-04 -9.351178646520000217e-04 5.592275106119999790e-04
1.314826806710000038e+09 2.407295855369999845e+04 -7.569236913700000445e-04 -1.110596793459999896e-03 1.878686192209999941e-03 2.757714895500000193e-03
1.314748688730000019e+09 2.409220155610000074e+04 -6.859319400970000048e-04 -6.153544253599999665e-04 1.702334449760000085e-03 1.527042541750000051e-03
1.314670570750000000e+09 2.411144684530000086e+04 -2.165184414479999974e-04 -6.060615841109999891e-04 5.370389198700000399e-04 1.503964393970000065e-03
1.314592452769999981e+09 2.413069442179999896e+04 -1.191954943349999956e-03 -1.828142009039999917e-03 2.960034009199999979e-03 4.543498826909999656e-03
1.314514334789999962e+09 2.414994428600000174e+04 -1.161118270829999966e-03 -1.445468567730000048e-03 2.883345439229999859e-03 3.590727042620000132e-03
1.314436216809999943e+09 2.416919643820000056e+04 -7.581771205879999417e-05 -4.615650741339999674e-05 1.880207407299999938e-04 1.144595543129999974e-04
1.314358098819999933e+09 2.418845087889999922e+04 3.093390841970000129e-04 -1.851918485799999923e-04 -7.667654594350000082e-04 4.593205332119999849e-04
1.314279980839999914e+09 2.420770760850000079e+04 2.604922628960000259e-04 -1.625418748820000109e-05 -6.457268723609999560e-04 4.030586763490000290e-05
1.314201862859999895e+09 2.422696662740000102e+04 2.310922864129999954e-04 -2.044801338059999923e-04 -5.728689763859999692e-04 5.071722747039999601e-04
1.314123744880000114e+09 2.424622793589999856e+04 3.028113278559999965e-04 -4.339215855199999791e-04 -7.505910399399999804e-04 1.076562538529999983e-03
1.314045626900000095e+09 2.426549153460000161e+04 3.489602822809999999e-04 -4.799934336840000178e-04 -8.649329166789999652e-04 1.190935211769999927e-03
1.313967508920000076e+09 2.428475742380000156e+04 6.483829347420000302e-04 -1.100077040340000090e-03 -1.606485989149999917e-03 2.731557663450000142e-03
1.313889390940000057e+09 2.430402560399999857e+04 7.740017026660000023e-04 -2.073330728330000008e-03 -1.917430987920000062e-03 5.154441719180000332e-03
1.313811272960000038e+09 2.432329607540000143e+04 1.260846329390000067e-04 -3.970466573450000128e-04 -3.125996832629999913e-04 9.850305053710000595e-04
1.313733154980000019e+09 2.434256883860000016e+04 7.159064407460000124e-04 -1.091752473069999927e-03 -1.773639404869999971e-03 2.710859217959999800e-03
1.313655037000000000e+09 2.436184389400000146e+04 1.373270992190000084e-03 -1.504471317930000098e-03 -3.399477001880000203e-03 3.737571592300000141e-03
1.313576919019999981e+09 2.438112124190000031e+04 5.307863466439999593e-04 -1.263522465009999903e-04 -1.315310698959999995e-03 3.133612340250000188e-04
1.313498801039999962e+09 2.440040088280000055e+04 1.208699686690000038e-04 -5.132760826500000267e-04 -2.996729836540000091e-04 1.273567028529999949e-03
1.313420683059999943e+09 2.441968281710000156e+04 -1.954552426469999911e-04 -3.611072958569999745e-04 4.847824016959999846e-04 8.958288246400000461e-04
1.313342565079999924e+09 2.443896704519999912e+04 -7.310977671300000367e-04 -9.597547232499999831e-04 1.814528002560000103e-03 2.382713426859999883e-03
1.313264447099999905e+09 2.445825356749999992e+04 -1.203564344909999933e-03 -1.710285633179999942e-03 2.988907273510000087e-03 4.249965907249999598e-03
1.313186329119999886e+09 2.447754238429999896e+04 -1.120182103479999908e-03 -1.900734251550000075e-03 2.781549242439999847e-03 4.724339849839999730e-03
1.313108211140000105e+09 2.449683349620000081e+04 -1.514790055810000084e-04 -3.263571551830000148e-04 3.756888274049999818e-04 8.095863618040000055e-04
1.313030093160000086e+09 2.451612690360000124e+04 1.102418638769999976e-03 -8.444617707709999943e-04 -2.729907161080000200e-03 2.096183758729999996e-03
1.312951975180000067e+09 2.453542260670000178e+04 1.408425392580000017e-03 -1.488250226079999980e-03 -3.486348780580000167e-03 3.697198800660000170e-03
1.312873857200000048e+09 2.455472060609999971e+04 2.200101007469999921e-04 -2.189511696790000135e-06 -5.454041505719999482e-04 5.429285824809999905e-06
1.312795739220000029e+09 2.457402090220000173e+04 -1.622947747820000061e-04 -5.732116379749999883e-04 4.025188262510000030e-04 1.422388025469999932e-03
1.312717621240000010e+09 2.459332349529999919e+04 7.402726914729999960e-04 -4.622462315789999869e-04 -1.833950829550000080e-03 1.146876499310000045e-03
1.312639503259999990e+09 2.461262838589999956e+04 9.642245131540000489e-04 -1.454974222130000095e-03 -2.388106833409999949e-03 3.614383017350000001e-03
1.312561385279999971e+09 2.463193557439999859e+04 -2.068924659400000132e-04 -7.881358407400000004e-04 5.131571198900000338e-04 1.956230634220000077e-03
1.312483267299999952e+09 2.465124506119999933e+04 -3.947103978129999830e-04 -3.403810978800000096e-04 9.792316553359999877e-04 8.443899115869999729e-04
1.312405149319999933e+09 2.467055684670000119e+04 4.493720771280000246e-04 -1.554196588099999998e-03 -1.113675039769999962e-03 3.861343330950000197e-03
1.312327031339999914e+09 2.468987093140000070e+04 -4.140821984040000134e-04 -2.407075611180000031e-05 1.027315586099999912e-03 5.968936394079999959e-05
1.312248913359999895e+09 2.470918731549999939e+04 -1.099298708140000053e-03 -1.760132584829999939e-03 2.729622377530000008e-03 4.374104138860000074e-03
1.312170795380000114e+09 2.472850599960000181e+04 -6.731097819279999650e-04 -1.220949908959999969e-03 1.670486037550000108e-03 3.032147752669999904e-03
1.312092677400000095e+09 2.474782698399999936e+04 -5.900390096940000446e-04 -5.689129588839999564e-04 1.464174656139999916e-03 1.411713595320000098e-03
1.312014559420000076e+09 2.476715026919999946e+04 -3.143191861449999916e-04 -2.786832321300000107e-04 7.797124158549999630e-04 6.912819181760000448e-04
1.311936441440000057e+09 2.478647585560000152e+04 -0.000000000000000000e+00 -0.000000000000000000e+00 -0.000000000000000000e+00 -0.000000000000000000e+00
1.311858323460000038e+09 2.480580374360000133e+04 -0.000000000000000000e+00 -0.000000000000000000e+00 -0.000000000000000000e+00 -0.000000000000000000e+00
1.311780205480000019e+09 2.482513393350000115e+04 -0.000000000000000000e+00 -0.000000000000000000e+00 -0.000000000000000000e+00 -0.000000000000000000e+00
1.311702087500000000e+09 2.484446642589999828e+04 -0.000000000000000000e+00 -0.000000000000000000e+00 -0.000000000000000000e+00 -0.000000000000000000e+00
1.311623969519999981e+09 2.486380122109999866e+04 -0.000000000000000000e+00 -0.000000000000000000e+00 -0.000000000000000000e+00 -0.000000000000000000e+00
1.311545851539999962e+09 2.488313831950000167e+04 -0.000000000000000000e+00 -0.000000000000000000e+00 -0.000000000000000000e+00 -0.000000000000000000e+00
1.311467733559999943e+09 2.490247772149999946e+04 -0.000000000000000000e+00 -0.000000000000000000e+00 -0.000000000000000000e+00 -0.000000000000000000e+00
1.311389615579999924e+09 2.492181942759999947e+04 -0.000000000000000000e+00 -0.000000000000000000e+00 -0.000000000000000000e+00 -0.000000000000000000e+00
1.311311497599999905e+09 2.494116343820000111e+04 -0.000000000000000000e+00 -0.000000000000000000e+00 -0.000000000000000000e+00 -0.000000000000000000e+00
1.311233379619999886e+09 2.496050975359999939e+04 -0.000000000000000000e+00 -0.000000000000000000e+00 -0.000000000000000000e+00 -0.000000000000000000e+00
1.311155261640000105e+09 2.497985837430000174e+04 -0.000000000000000000e+00 -0.000000000000000000e+00 -0.000000000000000000e+00 -0.000000000000000000e+00
1.311077143660000086e+09 2.499920930080000107e+04 -0.000000000000000000e+00 -0.000000000000000000e+00 -0.000000000000000000e+00 -0.000000000000000000e+00
1.310999025680000067e+09 2.501856253329999890e+04 -0.000000000000000000e+00 -0.000000000000000000e+00 -0.000000000000000000e+00 -0.000000000000000000e+00
1.310920907700000048e+09 2.503791807229999904e+04 -0.000000000000000000e+00 -0.000000000000000000e+00 -0.000000000000000000e+00 -0.000000000000000000e+00
1.310842789720000029e+09 2.505727591830000165e+04 -0.000000000000000000e+00 -0.000000000000000000e+00 -0.000000000000000000e+00 -0.000000000000000000e+00
1.310764671740000010e+09 2.507663607169999887e+04 -0.000000000000000000e+00 -0.000000000000000000e+00 -0.000000000000000000e+00 -0.000000000000000000e+00
1.310686553759999990e+09 2.509599853280000025e+04 -0.000000000000000000e+00 -0.000000000000000000e+00 -0.000000000000000000e+00 -0.000000000000000000e+00
1.310608435779999971e+09 2.511536330209999869e+04 -0.000000000000000000e+00 -0.000000000000000000e+00 -0.000000000000000000e+00 -0.000000000000000000e+00
1.310530317799999952e+09 2.513473038000000088e+04 -0.000000000000000000e+00 -0.000000000000000000e+00 -0.000000000000000000e+00 -0.000000000000000000e+00
