1.170334984920000076e+09 6.405800954690000071e+04 -0.000000000000000000e+00 -0.000000000000000000e+00 -0.000000000000000000e+00 -0.000000000000000000e+00
1.170256858680000067e+09 6.408230016920000344e+04 -0.000000000000000000e+00 -0.000000000000000000e+00 -0.000000000000000000e+00 -0.000000000000000000e+00
1.170178732450000048e+09 6.410659403500000190e+04 -0.000000000000000000e+00 -0.000000000000000000e+00 -0.000000000000000000e+00 -0.000000000000000000e+00
1.170100606210000038e+09 6.413089114490000065e+04 -0.000000000000000000e+00 -0.000000000000000000e+00 -0.000000000000000000e+00 -0.000000000000000000e+00
1.170022479980000019e+09 6.415519149969999853e+04 -0.000000000000000000e+00 -0.000000000000000000e+00 -0.000000000000000000e+00 -0.000000000000000000e+00
1.169944353740000010e+09 6.417949509979999857e+04 -0.000000000000000000e+00 -0.000000000000000000e+00 -0.000000000000000000e+00 -0.000000000000000000e+00
1.169866227509999990e+09 6.420380194610000035e+04 -0.000000000000000000e+00 -0.000000000000000000e+00 -0.000000000000000000e+00 -0.000000000000000000e+00
1.169788101269999981e+09 6.422811203910000040e+04 -0.000000000000000000e+00 -0.000000000000000000e+00 -0.000000000000000000e+00 -0.000000000000000000e+00
1.169709975039999962e+09 6.425242537959999754e+04 -0.000000000000000000e+00 -0.000000000000000000e+00 -0.000000000000000000e+00 -0.000000000000000000e+00
1.169631848799999952e+09 6.427674196800000209e+04 -0.000000000000000000e+00 -0.000000000000000000e+00 -0.000000000000000000e+00 -0.000000000000000000e+00
1.169553722559999943e+09 6.430106180519999907e+04 -0.000000000000000000e+00 -0.000000000000000000e+00 -0.000000000000000000e+00 -0.000000000000000000e+00
1.169475596329999924e+09 6.432538489169999957e+04 -2.342486841370000053e-04 -1.138590310529999968e-04 6.841643978690000252e-03 3.319606768970000208e-03
1.169397470089999914e+09 6.434971122820000164e+04 -5.927293677809999462e-04 -1.280823674249999961e-04 1.740317673639999937e-02 3.735069331129999871e-03
1.169319343859999895e+09 6.437404081540000334e+04 4.121783422309999780e-05 -2.286763685610000013e-04 -1.199011349390000048e-03 6.678350046729999642e-03
1.169241217619999886e+09 6.439837365390000195e+04 1.534858951349999919e-03 -2.509369183419999901e-04 -4.370607095009999832e-02 7.330843937980000176e-03
1.169163091390000105e+09 6.442270974430000206e+04 1.782582490699999951e-03 -7.747995494820000004e-04 -5.058451159749999954e-02 2.281033477849999866e-02
1.169084965150000095e+09 6.444704908730000170e+04 -1.106680138039999945e-04 -6.337530117800000188e-05 3.226421102140000167e-03 1.846372925339999924e-03
1.169006838910000086e+09 6.447139168359999894e+04 -1.854678033850000072e-03 -1.023441434110000051e-03 5.549605708679999916e-02 3.024210020369999877e-02
1.168928712680000067e+09 6.449573753379999835e+04 -1.772172981870000046e-03 -1.449301620950000031e-03 5.296075311480000214e-02 4.310055306209999854e-02
1.168850586440000057e+09 6.452008663859999797e+04 -1.764622866180000100e-03 -1.334514984279999922e-03 5.272906573810000330e-02 3.961836829899999940e-02
1.168772460210000038e+09 6.454443899860000238e+04 -1.535190967840000063e-03 -4.098146270070000211e-04 4.571405928560000331e-02 1.200021915669999967e-02
1.168694333970000029e+09 6.456879461440000159e+04 5.329976556819999935e-05 -1.226003574230000021e-05 -1.550197913390000039e-03 3.569174253030000100e-04
1.168616207740000010e+09 6.459315348680000170e+04 7.737234118390000012e-04 -4.079858664080000092e-04 -2.227097325289999902e-02 1.194634812400000023e-02
1.168538081500000000e+09 6.461751561629999924e+04 4.837343294640000140e-04 -1.075625964849999947e-04 -1.398188602499999926e-02 3.135743503410000181e-03
1.168459955269999981e+09 6.464188100370000029e+04 1.096611958930000016e-05 -2.647970872469999817e-04 -3.191406969699999807e-04 7.737323809519999589e-03
1.168381829029999971e+09 6.466624964960000216e+04 1.205406151710000043e-04 -6.521459024709999704e-06 -3.502443590780000057e-03 1.898385928079999888e-04
1.168303702789999962e+09 6.469062155460000213e+04 1.168165355919999942e-03 -9.492230608780000307e-04 -3.343658713449999820e-02 2.801796661899999888e-02
1.168225576559999943e+09 6.471499671939999826e+04 1.000775839200000045e-03 -6.756189522019999828e-04 -2.871344889680000137e-02 1.986122399569999891e-02
1.168147450319999933e+09 6.473937514460000239e+04 -3.104957868349999747e-04 -2.894208684689999794e-04 9.078710146769999184e-03 8.459878003080000333e-03
1.168069324089999914e+09 6.476375683099999878e+04 -5.605812184510000108e-04 -3.966673735530000175e-04 1.645146392360000154e-02 1.161299620509999991e-02
1.167991197849999905e+09 6.478814177899999777e+04 7.403769996019999699e-04 -2.750635098610000238e-04 -2.132128367079999878e-02 8.038515738619999781e-03
1.167913071619999886e+09 6.481252998949999892e+04 1.699734944849999943e-03 -7.201195126200000182e-04 -4.828937850909999913e-02 2.118336167129999947e-02
1.167834945380000114e+09 6.483692146309999953e+04 1.093693776060000082e-03 -3.745821400449999964e-04 -3.133801754760000280e-02 1.096286234260000075e-02
1.167756819150000095e+09 6.486131620039999689e+04 3.711781173480000265e-04 -3.475266276079999866e-04 -1.074596279719999999e-02 1.016699157049999989e-02
1.167678692910000086e+09 6.488571420200000284e+04 3.344441065560000109e-04 -1.658542219410000034e-04 -9.687611738800000830e-03 4.839220873610000292e-03
1.167600566670000076e+09 6.491011546870000166e+04 -1.454487501180000029e-04 -2.859379300030000085e-04 4.242574184120000320e-03 8.357643805200000095e-03
1.167522440440000057e+09 6.493452000099999714e+04 -2.895132347479999874e-04 -9.023953203970000371e-05 8.462589359589999666e-03 2.630064106390000208e-03
1.167444314200000048e+09 6.495892779970000265e+04 1.058799971359999974e-04 -4.437615188280000212e-04 -3.077117469219999967e-03 1.300074290639999935e-02
1.167366187970000029e+09 6.498333886540000094e+04 2.007388975469999947e-04 -3.422227601690000032e-04 -5.825917794999999760e-03 1.001104609470000045e-02
1.167288061730000019e+09 6.500775319879999734e+04 4.586213617590000199e-04 -3.397329929240000117e-06 -1.326081031509999952e-02 9.889121498779999519e-05
1.167209935500000000e+09 6.503217080040000292e+04 5.290854605850000376e-04 -4.220444796989999774e-04 -1.528274995449999986e-02 1.236055678250000053e-02
1.167131809259999990e+09 6.505659167100000195e+04 4.392657137940000249e-04 -3.067643641859999935e-04 -1.270469111950000077e-02 8.969114831019999595e-03
1.167053683029999971e+09 6.508101581129999977e+04 1.630006590859999876e-05 -5.494326585410000321e-04 -4.743346705910000223e-04 1.612163370539999863e-02
1.166975556789999962e+09 6.510544322180000017e+04 -5.985263851469999812e-05 -6.515606662849999673e-04 1.743654315190000048e-03 1.914716556580000131e-02
1.166897430549999952e+09 6.512987390320000122e+04 8.932565106080000419e-04 -1.063632484920000107e-03 -2.566782587979999850e-02 3.144859044059999942e-02
1.166819304319999933e+09 6.515430785620000097e+04 9.655726025810000080e-04 -5.022091943219999946e-04 -2.771729299859999884e-02 1.472573230840000004e-02
1.166741178079999924e+09 6.517874508149999747e+04 -4.022804787380000117e-04 -7.229687580529999772e-04 1.177829932450000054e-02 2.126807399339999960e-02
1.166663051849999905e+09 6.520318557970000256e+04 -9.020813158710000359e-04 -5.504678141919999669e-04 2.660781448199999941e-02 1.615225421090000016e-02
1.166584925609999895e+09 6.522762935139999900e+04 -4.439050389919999766e-04 -1.612926547389999959e-04 1.300497503160000061e-02 4.705811830719999582e-03
1.166506799380000114e+09 6.525207639740000013e+04 -1.051526633089999968e-04 -3.346858000749999970e-04 3.065379576170000186e-03 9.789484562750000451e-03
1.166428673140000105e+09 6.527652671820000251e+04 -8.938729297370000444e-05 -4.585360680320000118e-04 2.605192904469999862e-03 1.343650909039999924e-02
1.166350546900000095e+09 6.530098031459999766e+04 -7.396899745800000064e-04 -1.037365766269999980e-04 2.176536542080000081e-02 3.024035751340000203e-03
1.166272420670000076e+09 6.532543718719999742e+04 -1.187224755989999946e-03 -5.027145608489999714e-04 3.516783854180000057e-02 1.474066037390000042e-02
1.166194294430000067e+09 6.534989733659999911e+04 -1.503185834739999976e-03 -7.506729579630000209e-04 4.473938423329999747e-02 2.209213556800000006e-02
1.166116168200000048e+09 6.537436076350000076e+04 -9.621579083609999678e-04 -4.934727222670000140e-04 2.840523493400000030e-02 1.446770012460000046e-02
1.166038041960000038e+09 6.539882746860000043e+04 6.328334566209999805e-04 -7.820253587890000507e-05 -1.825233672300000110e-02 2.278841396929999919e-03
1.165959915730000019e+09 6.542329745260000345e+04 1.116399304010000024e-03 -1.520984100159999962e-05 -3.197831407190000058e-02 4.428119574150000222e-04
1.165881789490000010e+09 6.544777071599999908e+04 3.790170885620000119e-04 -1.145135437040000007e-04 -1.097166804609999921e-02 3.338721244959999990e-03
1.165803663259999990e+09 6.547224725960000069e+04 8.209608495239999475e-05 -1.858288209730000009e-04 -2.386726122570000195e-03 5.423614033480000235e-03
1.165725537019999981e+09 6.549672708389999752e+04 7.750976947139999592e-04 -1.070806601170000004e-04 -2.231009281580000059e-02 3.121671789579999814e-03
1.165647410779999971e+09 6.552121018979999644e+04 5.727146053690000379e-04 -2.815894348549999944e-04 -1.653262490659999917e-02 8.230017714029999251e-03
1.165569284549999952e+09 6.554569657770000049e+04 -7.875680457800000086e-04 -4.888809288639999525e-04 2.319063558800000049e-02 1.433210794179999928e-02
1.165491158309999943e+09 6.557018624850000197e+04 -1.173014286910000099e-03 -2.914930999220000183e-04 3.473950004279999920e-02 8.520708877949999260e-03
1.165413032079999924e+09 6.559467920270000468e+04 -7.883365033190000261e-04 -1.237725989219999872e-04 2.321352817780000105e-02 3.609163096439999951e-03
1.165334905839999914e+09 6.561917544099999941e+04 -6.155477021819999710e-04 -6.017624303759999842e-06 1.807924002689999948e-02 1.751707628200000020e-04
1.165256779609999895e+09 6.564367496410000604e+04 -7.116042543199999678e-04 -1.280982464279999870e-04 2.093023308720000017e-02 3.735533252049999878e-03
1.165178653369999886e+09 6.566817777260000003e+04 -1.261153956880000033e-03 -8.001010146169999955e-04 3.739921152390000142e-02 2.356406207990000001e-02
1.165100527140000105e+09 6.569268386720000126e+04 -9.231644799000000281e-04 -8.040736132059999588e-04 2.723822988279999899e-02 2.368245688550000075e-02
1.165022400900000095e+09 6.571719324849999975e+04 2.524177252779999901e-04 -2.647845739029999973e-04 -7.320282033909999812e-03 7.736956753699999675e-03
1.164944274660000086e+09 6.574170591730000160e+04 1.295571564699999950e-04 -8.544413788950000650e-05 -3.763936919989999824e-03 2.490126430160000126e-03
1.164866148430000067e+09 6.576622187409999606e+04 -1.238257682420000052e-04 -8.927401530960000098e-04 3.610716296490000012e-03 2.632862795589999833e-02
1.164788022190000057e+09 6.579074111970000376e+04 7.884091464800000110e-04 -6.913105138240000240e-05 -2.268892993059999988e-02 2.014229659860000167e-03
1.164709895960000038e+09 6.581526365459999943e+04 1.054789056069999975e-03 -3.132002146740000084e-04 -3.023994938390000067e-02 9.158149188240000821e-03
1.164631769720000029e+09 6.583978947960000369e+04 2.502921561240000078e-04 -1.092541849369999939e-04 -7.258862299839999657e-03 3.185136546899999983e-03
1.164553643490000010e+09 6.586431859539999277e+04 -7.360634626820000432e-04 -9.059261116199999585e-04 2.165749142300000055e-02 2.672274950089999906e-02
1.164475517250000000e+09 6.588885100249999959e+04 -1.690582139420000003e-03 -1.569836888149999960e-03 5.045984741639999993e-02 4.677022801180000244e-02
1.164397391019999981e+09 6.591338670170000114e+04 -1.845178194340000091e-03 -1.284442360930000086e-03 5.520380814269999770e-02 3.810314782439999659e-02
1.164319264779999971e+09 6.593792569360000198e+04 -1.183167682029999911e-03 -5.132732347849999982e-04 3.504552963669999716e-02 1.505260493369999994e-02
1.164241138539999962e+09 6.596246797880000668e+04 1.084111863749999932e-05 -4.368283491879999662e-05 -3.155034396840000017e-04 1.272288418330000089e-03
1.164163012309999943e+09 6.598701355810000678e+04 1.498273224570000018e-03 -7.006899991969999875e-04 -4.268618797769999779e-02 2.060588445820000017e-02
1.164084886069999933e+09 6.601156243210000684e+04 2.058367710559999911e-03 -1.590229152429999907e-03 -5.818688238059999823e-02 4.739240094330000180e-02
1.164006759839999914e+09 6.603611460139999690e+04 1.610840437930000091e-03 -1.494894553210000029e-03 -4.582085338530000190e-02 4.448703880209999711e-02
1.163928633599999905e+09 6.606067006679999758e+04 1.336054410790000037e-03 -1.125814056170000013e-03 -3.815151807770000153e-02 3.331808431810000248e-02
1.163850507369999886e+09 6.608522882879999815e+04 6.744238198729999526e-04 -7.461735044139999754e-04 -1.944030911449999913e-02 2.195825310090000065e-02
1.163772381130000114e+09 6.610979088820000470e+04 -4.900402855130000330e-04 -3.796657510429999856e-04 1.436634113100000026e-02 1.111247365149999923e-02
1.163694254890000105e+09 6.613435624560000724e+04 -3.190280403940000029e-04 -1.617206974250000112e-04 9.329355424409999445e-03 4.718329746390000426e-03
1.163616128660000086e+09 6.615892490169999655e+04 5.189027870069999474e-04 -6.632229309230000232e-04 -1.499081472079999942e-02 1.949324202739999984e-02
1.163538002420000076e+09 6.618349685720000707e+04 5.736098391939999791e-04 -7.427527874760000504e-04 -1.655825495359999899e-02 2.185648072810000148e-02
1.163459876190000057e+09 6.620807211259999895e+04 2.760490751830000158e-04 -1.464545247979999964e-04 -8.002871615920000709e-03 4.271974237759999619e-03
1.163381749950000048e+09 6.623265066879999358e+04 3.882661985700000144e-05 -2.633925074570000200e-04 -1.129491087890000011e-03 7.696123900249999573e-03
1.163303623720000029e+09 6.625723252619999403e+04 -2.483255520929999842e-04 -5.465431978080000026e-05 7.254278385690000192e-03 1.592093906890000099e-03
1.163225497480000019e+09 6.628181768570000713e+04 -1.823622733349999925e-04 -2.361520132660000046e-04 5.322169393879999655e-03 6.897426200609999870e-03
1.163147371250000000e+09 6.630640614789999381e+04 3.492026589809999848e-04 -3.514848358499999973e-04 -1.011295801379999935e-02 1.028338752759999988e-02
1.163069245009999990e+09 6.633099791330000153e+04 5.217804573479999748e-04 -2.354856129380000101e-04 -1.507332559889999930e-02 6.877895177720000364e-03
1.162991118769999981e+09 6.635559298279999348e+04 1.495376636739999982e-05 -2.063479662459999950e-04 -4.351656496570000150e-04 6.024294701839999662e-03
1.162912992539999962e+09 6.638019135700000334e+04 2.678105374800000132e-05 -1.076130597840000038e-04 -7.792143818880000340e-04 3.137216956469999953e-03
1.162834866299999952e+09 6.640479303650000656e+04 8.948359172790000104e-04 -3.011439091269999999e-04 -2.571263179549999889e-02 8.804059563560000246e-03
1.162756740069999933e+09 6.642939802189999318e+04 9.987673256549999424e-04 -3.777190198070000003e-04 -2.865664010890000071e-02 1.105517846260000055e-02
1.162678613829999924e+09 6.645400631409999914e+04 7.670298218730000131e-04 -6.314561657909999810e-05 -2.208041540629999966e-02 1.839675146480000039e-03
1.162600487599999905e+09 6.647861791359999916e+04 1.157603226599999936e-03 -7.995417112599999742e-04 -3.313921981379999715e-02 2.354739436500000171e-02
1.162522361359999895e+09 6.650323282099999778e+04 4.317400744179999842e-04 -5.660894305320000050e-04 -1.248838375309999950e-02 1.661446457570000049e-02
1.162444235130000114e+09 6.652785103720000188e+04 -8.609588840050000531e-04 -3.832689902159999934e-04 2.537933998959999993e-02 1.121853098889999921e-02
1.162366108890000105e+09 6.655247256270000071e+04 -5.896101938560000064e-04 -1.290923237879999959e-04 1.731079712120000072e-02 3.764576643290000208e-03
1.162287982650000095e+09 6.657709739809999883e+04 -5.086178425700000434e-04 -4.535685290940000085e-04 1.491505443029999926e-02 1.328997341330000019e-02
1.162209856420000076e+09 6.660172554430000309e+04 -5.155948456380000239e-04 -5.081158382030000198e-04 1.512120745839999961e-02 1.490022309290000083e-02
1.162131730180000067e+09 6.662635700180000276e+04 -1.550438755659999917e-04 -4.276256903200000015e-04 4.523086935960000422e-03 1.252504347380000056e-02
1.162053603950000048e+09 6.665099177130000317e+04 -1.177434111010000010e-03 -8.145462471099999737e-04 3.487270475800000047e-02 2.399463854419999972e-02
1.161975477710000038e+09 6.667562985339999432e+04 -1.976497471330000005e-03 -1.398542489619999940e-03 5.925124702770000196e-02 4.155922073099999753e-02
1.161897351480000019e+09 6.670027124889999686e+04 -8.385284454559999460e-04 -9.506772841269999549e-04 2.470989790589999888e-02 2.806149846649999904e-02
1.161819225240000010e+09 6.672491595840000082e+04 8.463100530209999913e-04 -6.842252854719999911e-04 -2.433509238279999917e-02 2.011678688359999981e-02
1.161741099009999990e+09 6.674956398259999696e+04 2.433210611339999994e-04 -4.774284569229999891e-04 -7.057401396710000392e-03 1.399400520559999916e-02
1.161662972769999981e+09 6.677421532210000441e+04 -1.367234392089999948e-03 -1.291567027889999910e-04 4.060971425090000031e-02 3.766457596919999939e-03
1.161584846529999971e+09 6.679886997770000016e+04 -1.071594306269999962e-03 -4.429758533799999865e-04 3.168776821870000066e-02 1.297757550689999928e-02
1.161506720299999952e+09 6.682352794990000257e+04 -5.643836921080000414e-04 -4.397371408820000167e-04 1.656398501639999923e-02 1.288207926880000076e-02
1.161428594059999943e+09 6.684818923950000317e+04 -6.397456163540000051e-04 -1.346418627020000072e-05 1.879667730719999930e-02 3.919798475240000185e-04
1.161350467829999924e+09 6.687285384710000653e+04 -3.805173910220000194e-04 -4.200288819189999844e-04 1.113753971200000074e-02 1.230116072639999940e-02
1.161272341589999914e+09 6.689752177340000344e+04 7.111912127580000348e-04 -4.192848988539999854e-04 -2.048934589500000028e-02 1.227923776950000032e-02
1.161194215359999895e+09 6.692219301909999922e+04 1.916110632010000056e-03 -1.398994868600000061e-03 -5.427260268280000022e-02 4.157294701110000185e-02
1.161116089119999886e+09 6.694686758479999844e+04 7.758035790180000356e-04 -4.682537589079999911e-04 -2.233018552619999916e-02 1.372322992659999984e-02
1.161037962880000114e+09 6.697154547120000643e+04 -1.661134650930000097e-03 -1.592789641640000083e-03 4.955876290430000219e-02 4.747054945160000122e-02
1.160959836650000095e+09 6.699622667889999866e+04 -2.142760669810000063e-03 -1.835762204450000013e-03 6.439931822220000546e-02 5.491422296899999694e-02
1.160881710410000086e+09 6.702091120879999653e+04 -6.407239125109999737e-04 -4.010160197240000184e-04 1.882569336809999938e-02 1.174105925919999988e-02
1.160803584180000067e+09 6.704559906130000309e+04 2.322166983499999939e-04 -3.845434959459999736e-04 -6.736407432429999606e-03 1.125604734059999952e-02
1.160725457940000057e+09 6.707029023719999532e+04 1.144178910179999981e-03 -6.803693630349999608e-04 -3.276114250779999654e-02 2.000227816699999897e-02
1.160647331710000038e+09 6.709498473719999311e+04 2.930678892879999900e-03 -1.523819192569999918e-03 -8.185965322499999530e-02 4.536763772039999892e-02
1.160569205470000029e+09 6.711968256190000102e+04 3.328771097589999783e-03 -2.302089339770000114e-03 -9.247961261029999380e-02 6.935766571290000182e-02
1.160491079240000010e+09 6.714438371199999528e+04 3.544179257009999820e-03 -2.630818528880000170e-03 -9.817940446370000684e-02 7.966615373360000363e-02
1.160412953000000000e+09 6.716908818809999502e+04 4.930149763820000294e-03 -2.783245392620000043e-03 -1.340956776780000137e-01 8.448234806540000363e-02
1.160334826759999990e+09 6.719379599100000632e+04 5.138100590559999820e-03 -2.568891970969999945e-03 -1.393749645930000003e-01 7.771608237160000654e-02
1.160256700529999971e+09 6.721850712140000542e+04 4.469630774109999670e-03 -2.697043809030000207e-03 -1.223042332700000068e-01 8.175580864839999962e-02
1.160178574289999962e+09 6.724322157979999611e+04 5.173057317730000298e-03 -4.251966861509999876e-03 -1.402596877020000077e-01 1.321178821250000024e-01
1.160100448059999943e+09 6.726793936689999828e+04 5.385949742049999690e-03 -4.366736842480000227e-03 -1.456309681940000100e-01 1.359376245039999875e-01
1.160022321819999933e+09 6.729266048350000347e+04 3.492534859109999983e-03 -2.840757932920000110e-03 -9.681582949059999721e-02 8.630560190319999658e-02
1.159944195589999914e+09 6.731738493030000245e+04 1.514360308650000058e-03 -7.040149243249999890e-04 -4.313476813400000248e-02 2.070468307389999874e-02
1.159866069349999905e+09 6.734211270769999828e+04 1.623850082980000074e-03 -1.220478544210000082e-03 -4.618250106610000127e-02 3.617090713820000220e-02
1.159787943119999886e+09 6.736684381669999857e+04 2.310286276039999823e-03 -1.643138507869999895e-03 -6.508118761219999771e-02 4.900848566290000319e-02
1.159709816880000114e+09 6.739157825770000636e+04 1.090414123609999893e-03 -9.939911479760000015e-04 -3.124549736130000088e-02 2.935895884479999829e-02
1.159631690640000105e+09 6.741631603159999941e+04 -4.335883131719999936e-04 -3.320220973389999925e-04 1.270080085629999959e-02 9.711192310149999868e-03
1.159553564410000086e+09 6.744105713889999606e+04 2.001171815210000084e-04 -3.114385083410000266e-04 -5.807926421520000042e-03 9.106400645349999740e-03
1.159475438170000076e+09 6.746580158040000242e+04 2.143918769430000048e-03 -1.092643509510000076e-03 -6.053350902750000151e-02 3.232037429589999789e-02
1.159397311940000057e+09 6.749054935669999395e+04 1.691653393209999927e-03 -4.149828972539999859e-04 -4.806521230809999989e-02 1.215248006630000044e-02
1.159319185700000048e+09 6.751530046850000508e+04 -5.063008284200000257e-04 -2.958429974269999796e-04 1.484660184399999930e-02 8.648413249740000142e-03
1.159241059470000029e+09 6.754005491639999673e+04 -7.323553436440000466e-04 -9.591546867980000213e-04 2.154720197549999869e-02 2.831530534759999981e-02
1.159162933230000019e+09 6.756481270120000408e+04 4.881792119699999863e-05 -8.543412721379999583e-04 -1.419938136920000007e-03 2.518178908880000164e-02
1.159084807000000000e+09 6.758957382350000262e+04 8.171636145560000385e-04 -1.551635753680000076e-04 -2.350677788029999910e-02 4.526586847440000096e-03
1.159006680759999990e+09 6.761433828399999766e+04 6.812225910830000276e-04 -1.239224138620000060e-04 -1.963437266849999904e-02 3.613539547030000104e-03
1.158928554519999981e+09 6.763910608339999453e+04 -1.438090577720000035e-03 -1.016434478890000008e-03 4.275991834929999957e-02 3.003190820019999846e-02
1.158850428289999962e+09 6.766387722229999781e+04 -2.556285122409999826e-03 -1.456685357289999984e-03 7.731955733999999747e-02 4.332496282969999779e-02
1.158772302049999952e+09 6.768865170149999904e+04 -4.775427514689999987e-04 -2.598656644109999790e-04 1.399737887299999997e-02 7.592680075909999729e-03
1.158694175819999933e+09 6.771342952150000201e+04 1.530221663419999937e-03 -7.519253280179999908e-04 -4.357685702220000235e-02 2.212940336949999892e-02
1.158616049579999924e+09 6.773821068309999828e+04 8.776492904869999997e-04 -2.746169992040000188e-04 -2.522495937159999896e-02 8.025414312230000347e-03
1.158537923349999905e+09 6.776299518690000696e+04 -0.000000000000000000e+00 -0.000000000000000000e+00 -0.000000000000000000e+00 -0.000000000000000000e+00
1.158459797109999895e+09 6.778778303370000503e+04 -0.000000000000000000e+00 -0.000000000000000000e+00 -0.000000000000000000e+00 -0.000000000000000000e+00
1.158381670869999886e+09 6.781257422399999632e+04 -0.000000000000000000e+00 -0.000000000000000000e+00 -0.000000000000000000e+00 -0.000000000000000000e+00
1.158303544640000105e+09 6.783736875870000222e+04 -0.000000000000000000e+00 -0.000000000000000000e+00 -0.000000000000000000e+00 -0.000000000000000000e+00
1.158225418400000095e+09 6.786216663829999743e+04 -0.000000000000000000e+00 -0.000000000000000000e+00 -0.000000000000000000e+00 -0.000000000000000000e+00
1.158147292170000076e+09 6.788696786350000184e+04 -0.000000000000000000e+00 -0.000000000000000000e+00 -0.000000000000000000e+00 -0.000000000000000000e+00
1.158069165930000067e+09 6.791177243500000623e+04 -0.000000000000000000e+00 -0.000000000000000000e+00 -0.000000000000000000e+00 -0.000000000000000000e+00
1.157991039700000048e+09 6.793658035350000137e+04 -0.000000000000000000e+00 -0.000000000000000000e+00 -0.000000000000000000e+00 -0.000000000000000000e+00
1.157912913460000038e+09 6.796139161960000638e+04 -0.000000000000000000e+00 -0.000000000000000000e+00 -0.000000000000000000e+00 -0.000000000000000000e+00
1.157834787230000019e+09 6.798620623409999826e+04 -0.000000000000000000e+00 -0.000000000000000000e+00 -0.000000000000000000e+00 -0.000000000000000000e+00
1.157756660990000010e+09 6.801102419759999611e+04 -0.000000000000000000e+00 -0.000000000000000000e+00 -0.000000000000000000e+00 -0.000000000000000000e+00
1.157678534750000000e+09 6.803584551080000529e+04 -0.000000000000000000e+00 -0.000000000000000000e+00 -0.000000000000000000e+00 -0.000000000000000000e+00
1.157600408519999981e+09 6.806067017440000200e+04 4.864499787799999924e-04 -5.916874619360000054e-04 -1.405983008419999999e-02 1.737231798210000025e-02
1.157522282279999971e+09 6.808549818900000537e+04 1.445584814059999940e-03 -1.766714776729999938e-03 -4.121558807609999875e-02 5.279325398350000198e-02
1.157444156049999952e+09 6.811032955540000694e+04 1.322464435359999978e-03 -1.569030510959999909e-03 -3.777068831250000175e-02 4.674563320240000125e-02
1.157366029809999943e+09 6.813516427419999673e+04 2.190887462349999952e-04 -2.746419827429999894e-04 -6.356784583010000392e-03 8.026147369720000244e-03
1.157287903579999924e+09 6.816000234599999385e+04 -1.129571697669999901e-03 -9.669957211679999992e-04 3.343117017009999969e-02 2.855011721369999853e-02
1.157209777339999914e+09 6.818484377160000440e+04 -1.863829791550000031e-03 -1.290928070620000079e-03 5.577767858870000262e-02 3.829927898330000302e-02
1.157131651109999895e+09 6.820968855170000461e+04 -1.178062870169999977e-03 -1.947093690899999932e-05 3.489165575099999889e-02 5.669026131579999470e-04
1.157053524869999886e+09 6.823453668689999904e+04 1.367563963869999953e-04 -2.351482704250000121e-04 -3.972676677949999596e-03 6.868008406740000286e-03
1.156975398630000114e+09 6.825938817789999302e+04 1.308078994039999898e-03 -8.768318085650000102e-04 -3.736740925439999833e-02 2.585334234249999849e-02
1.156897272400000095e+09 6.828424302530000568e+04 1.316840411160000038e-03 -6.442058832300000043e-04 -3.761304471969999924e-02 1.892897472870000083e-02
1.156819146160000086e+09 6.830910123000000021e+04 1.452003489249999993e-03 -1.322078359360000059e-03 -4.139485711160000025e-02 3.924181598620000294e-02
1.156741019930000067e+09 6.833396279239999421e+04 8.708100649529999749e-04 -9.948298872649999954e-04 -2.503082942610000000e-02 2.938409977800000156e-02
1.156662893690000057e+09 6.835882771339999454e+04 -1.179035170939999938e-03 -1.056294745909999938e-03 3.492096190050000132e-02 3.122821110549999987e-02
1.156584767460000038e+09 6.838369599360000575e+04 -2.254028106110000061e-03 -1.916551119220000036e-03 6.785939705700000379e-02 5.740158639580000138e-02
1.156506641220000029e+09 6.840856763370000408e+04 -1.525500323620000102e-03 -9.898303314239999262e-04 4.541884292650000265e-02 2.923424908710000117e-02
1.156428514980000019e+09 6.843344263439999486e+04 -1.071372535079999935e-04 -2.481582654330000202e-04 3.123324209089999894e-03 7.249373721799999906e-03
1.156350388750000000e+09 6.845832099629999720e+04 -8.434004266750000280e-04 -3.009261769299999734e-04 2.485526531740000003e-02 8.797665994870000269e-03
1.156272262509999990e+09 6.848320272010000190e+04 -2.290493808690000164e-03 -1.021703718879999907e-03 6.899597923859999982e-02 3.018996875689999859e-02
1.156194136279999971e+09 6.850808780660000048e+04 -2.003395464269999877e-03 -5.103318220960000430e-04 6.008230501549999963e-02 1.496569431009999937e-02
1.156116010039999962e+09 6.853297625629999675e+04 -1.250077853910000047e-03 -3.198326325459999913e-04 3.706458905050000197e-02 9.352994534679999819e-03
1.156037883809999943e+09 6.855786806999999681e+04 -8.077003294600000344e-04 -3.294998385479999963e-04 2.379055564900000100e-02 9.637063064889999156e-03
1.155959757569999933e+09 6.858276324840000598e+04 -1.709922362350000053e-04 -3.918047309630000264e-04 4.989510188050000003e-03 1.146981591689999989e-02
1.155881631339999914e+09 6.860766179209999973e+04 -2.690333349160000005e-04 -1.892265823970000049e-04 7.861594044179999463e-03 5.523055709199999747e-03
1.155803505099999905e+09 6.863256370189999870e+04 -6.957659497859999473e-04 -8.095006076410000148e-04 2.045958653220000117e-02 2.384421950690000097e-02
1.155725378859999895e+09 6.865746897830000671e+04 4.411256522870000236e-04 -5.688755482980000378e-04 -1.275814360589999988e-02 1.669692232169999943e-02
1.155647252630000114e+09 6.868237762210000074e+04 2.066035289320000169e-03 -1.146298142500000103e-03 -5.839742537619999757e-02 3.393470610069999893e-02
1.155569126390000105e+09 6.870728963400000066e+04 2.098430879410000203e-03 -1.405848039129999928e-03 -5.928648248489999661e-02 4.178091194499999883e-02
1.155491000160000086e+09 6.873220501459999650e+04 7.457138854080000174e-04 -2.320199342569999985e-04 -2.147333621450000021e-02 6.776328374040000227e-03
1.155412873920000076e+09 6.875712376469999435e+04 -8.760577475190000328e-05 -1.697786657269999885e-04 2.553204209690000063e-03 4.954010647229999641e-03
1.155334747690000057e+09 6.878204588489999878e+04 -5.778372287750000195e-04 -4.854263827449999840e-04 1.696219770639999930e-02 1.423010992789999936e-02
1.155256621450000048e+09 6.880697137590000057e+04 -7.706793257969999722e-04 -2.711874797739999786e-04 2.268764763100000054e-02 7.924791760969999294e-03
1.155178495220000029e+09 6.883190023840000504e+04 4.560090892479999993e-04 -9.588361574520000256e-04 -1.318577353469999915e-02 2.830576766040000108e-02
1.155100368980000019e+09 6.885683247310000297e+04 1.382548944089999907e-03 -1.023304391409999951e-03 -3.945333135609999792e-02 3.023798882479999950e-02
1.155022242740000010e+09 6.888176808059999894e+04 1.096676802259999957e-03 -2.992322152570000204e-04 -3.142216236700000331e-02 8.747925274529999573e-03
1.154944116509999990e+09 6.890670706159999827e+04 1.091598183849999942e-03 -2.447282282099999887e-04 -3.127890111790000011e-02 7.148814043930000126e-03
1.154865990269999981e+09 6.893164941690000705e+04 1.498985569920000070e-03 -3.059101989640000100e-04 -4.270605562399999722e-02 8.944028902030000741e-03
1.154787864039999962e+09 6.895659514710000076e+04 1.152720302339999914e-03 -1.598133616509999960e-04 -3.300171554539999691e-02 4.662551776840000335e-03
1.154709737799999952e+09 6.898154425289999926e+04 -1.470603747289999914e-04 -1.067456994549999911e-03 4.289684407250000421e-03 3.156347381099999794e-02
1.154631611569999933e+09 6.900649673499999335e+04 1.072184531950000033e-04 -7.181002039860000198e-04 -3.115955555580000088e-03 2.112332895459999998e-02
1.154553485329999924e+09 6.903145259400000214e+04 4.066918045279999789e-04 -6.909937967549999378e-05 -1.176809105540000018e-02 2.013305930919999896e-03
1.154475359099999905e+09 6.905641183070000261e+04 -1.126102521080000031e-03 -5.985433077350000176e-04 3.332676518819999850e-02 1.757538919009999853e-02
1.154397232859999895e+09 6.908137444569999934e+04 -1.558136427779999904e-03 -5.557516387040000068e-04 4.641341882009999975e-02 1.630856741900000087e-02
1.154319106619999886e+09 6.910634043969999766e+04 -4.078139900229999751e-04 -1.255940241130000122e-04 1.194128519470000031e-02 3.662372555819999945e-03
1.154240980390000105e+09 6.913130981350000366e+04 1.329104881730000000e-03 -8.213718019849999960e-04 -3.795679062679999799e-02 2.419815587959999945e-02
1.154162854150000095e+09 6.915628256760000659e+04 1.208892557769999931e-03 -1.099450337520000093e-03 -3.458239797860000048e-02 3.252503020599999822e-02
1.154084727920000076e+09 6.918125870289999875e+04 -5.080461269240000178e-04 -3.098302846540000035e-04 1.489816354360000081e-02 9.059162855439999162e-03
1.154006601680000067e+09 6.920623821979999775e+04 2.778932685029999756e-04 -2.259393764600000070e-04 -8.056121392809999227e-03 6.598153620780000152e-03
1.153928475450000048e+09 6.923122111929999664e+04 1.244115410369999982e-03 -7.622005099730000139e-04 -3.557229296330000068e-02 2.243522283079999943e-02
1.153850349210000038e+09 6.925620740189999924e+04 -8.632403332740000131e-04 -8.304595969789999510e-04 2.544745553339999855e-02 2.446919065309999947e-02
1.153772222970000029e+09 6.928119706829999632e+04 -2.216284628960000190e-03 -2.389795113689999802e-03 6.668434745649999551e-02 7.209761918450000029e-02
1.153694096740000010e+09 6.930619011919999321e+04 -9.455605177209999886e-04 -1.206115468299999915e-03 2.790833760529999943e-02 3.573753529999999790e-02
1.153615970500000000e+09 6.933118655539999600e+04 -0.000000000000000000e+00 -0.000000000000000000e+00 -0.000000000000000000e+00 -0.000000000000000000e+00
1.153537844269999981e+09 6.935618637739999394e+04 -0.000000000000000000e+00 -0.000000000000000000e+00 -0.000000000000000000e+00 -0.000000000000000000e+00
1.153459718029999971e+09 6.938118958599999314e+04 -0.000000000000000000e+00 -0.000000000000000000e+00 -0.000000000000000000e+00 -0.000000000000000000e+00
1.153381591799999952e+09 6.940619618189999892e+04 -0.000000000000000000e+00 -0.000000000000000000e+00 -0.000000000000000000e+00 -0.000000000000000000e+00
1.153303465559999943e+09 6.943120616580000205e+04 -0.000000000000000000e+00 -0.000000000000000000e+00 -0.000000000000000000e+00 -0.000000000000000000e+00
1.153225339329999924e+09 6.945621953820000635e+04 -0.000000000000000000e+00 -0.000000000000000000e+00 -0.000000000000000000e+00 -0.000000000000000000e+00
