freq[Hz],vel[km/s],flux[Jy/beam],noise[Jy/beam],tau,tau_noise
1333616006.86 19510.0468134 0.0 nan nan nan
1333537875.35 19528.7546326 0.0 nan nan nan
1333459743.85 19547.4646441 0.0 nan nan nan
1333381612.34 19566.1768483 0.0 nan nan nan
1333303480.84 19584.8912456 0.0 nan nan nan
1333225349.33 19603.6078363 0.0 nan nan nan
1333147217.83 19622.3266209 0.0 nan nan nan
1333069086.32 19641.0475997 0.0 nan nan nan
1332990954.81 19659.7707731 0.0 nan nan nan
1332912823.31 19678.4961415 0.0 nan nan nan
1332834691.8 19697.2237053 0.0 nan nan nan
1332756560.3 19715.9534648 0.000396928895498 nan nan nan
1332678428.79 19734.6854205 0.0008473189082 nan nan nan
1332600297.28 19753.4195728 0.000646811386105 nan nan nan
1332522165.78 19772.1559219 4.21674340032e-05 nan nan nan
1332444034.27 19790.8944684 -0.000292192911729 nan -inf nan
1332365902.77 19809.6352126 0.000453547429061 nan nan nan
1332287771.26 19828.3781549 0.00111584924161 nan nan nan
1332209639.76 19847.1232956 0.00027211609995 nan nan nan
1332131508.25 19865.8706353 -0.000579188694246 nan -inf nan
1332053376.74 19884.6201741 -0.000337812263751 nan -inf nan
1331975245.24 19903.3719126 -4.81615243189e-05 nan -inf nan
1331897113.73 19922.1258511 -0.000263353867922 nan -inf nan
1331818982.23 19940.8819901 -0.000281697663013 nan -inf nan
1331740850.72 19959.6403298 -0.000371150206774 nan -inf nan
1331662719.22 19978.4008707 -0.000955383467954 nan -inf nan
1331584587.71 19997.1636132 -0.00119445729069 nan -inf nan
1331506456.2 20015.9285576 -0.000639370991848 nan -inf nan
1331428324.7 20034.6957044 0.000170526618604 nan nan nan
1331350193.19 20053.4650539 0.000191396815353 nan nan nan
1331272061.69 20072.2366065 0.000601709180046 nan nan nan
1331193930.18 20091.0103627 0.00129086372908 nan nan nan
1331115798.68 20109.7863227 0.000721449847333 nan nan nan
1331037667.17 20128.5644871 -0.000261502165813 nan -inf nan
1330959535.66 20147.3448561 -0.00120376376435 nan -inf nan
1330881404.16 20166.1274302 -0.0012685477268 nan -inf nan
1330803272.65 20184.9122097 -0.00068250275217 nan -inf nan
1330725141.15 20203.6991951 -0.000352632836439 nan -inf nan
1330647009.64 20222.4883866 -0.000151762491441 nan -inf nan
1330568878.13 20241.2797849 -0.00030861934647 nan -inf nan
1330490746.63 20260.0733901 3.71250789613e-05 nan nan nan
1330412615.12 20278.8692027 0.000499089830555 nan nan nan
1330334483.62 20297.6672231 0.000122861994896 nan nan nan
1330256352.11 20316.4674516 0.000121214259707 nan nan nan
1330178220.61 20335.2698888 0.000490115780849 nan nan nan
1330100089.1 20354.0745348 0.000423044955824 nan nan nan
1330021957.59 20372.8813902 -5.2837698604e-05 nan -inf nan
1329943826.09 20391.6904554 -0.0001618982933 nan -inf nan
1329865694.58 20410.5017307 8.34412348922e-05 nan nan nan
1329787563.08 20429.3152164 0.000248671713052 nan nan nan
1329709431.57 20448.1309131 0.000539714063052 nan nan nan
1329631300.07 20466.9488211 0.000175082474016 nan nan nan
1329553168.56 20485.7689407 0.000170082988916 nan nan nan
1329475037.05 20504.5912724 0.000998330535367 nan nan nan
1329396905.55 20523.4158166 0.00101905560587 nan nan nan
1329318774.04 20542.2425736 0.00078365940135 nan nan nan
1329240642.54 20561.0715438 0.0007939771167 nan nan nan
1329162511.03 20579.9027277 0.000484199787024 nan nan nan
1329084379.52 20598.7361256 9.78996395133e-05 nan nan nan
1329006248.02 20617.5717379 -0.000123686448205 nan -inf nan
1328928116.51 20636.409565 -0.000594583339989 nan -inf nan
1328849985.01 20655.2496073 -0.000416354800109 nan -inf nan
1328771853.5 20674.0918652 0.000129439344164 nan nan nan
1328693722.0 20692.936339 -0.000108807260403 nan -inf nan
1328615590.49 20711.7830292 -0.000425970647484 nan -inf nan
1328537458.98 20730.6319362 -0.000726690341253 nan -inf nan
1328459327.48 20749.4830603 -0.000591172312852 nan -inf nan
1328381195.97 20768.3364019 -0.000386700645322 nan -inf nan
1328303064.47 20787.1919615 -0.000540587469004 nan -inf nan
1328224932.96 20806.0497394 -0.00087801553309 nan -inf nan
1328146801.46 20824.909736 -0.00105096027255 nan -inf nan
1328068669.95 20843.7719517 -0.0010130541632 nan -inf nan
1327990538.44 20862.6363869 -0.000920237391256 nan -inf nan
1327912406.94 20881.503042 0.000170928135049 nan nan nan
1327834275.43 20900.3719173 0.00117382151075 nan nan nan
1327756143.93 20919.2430133 0.000688533356879 nan nan nan
1327678012.42 20938.1163304 0.000166065437952 nan nan nan
1327599880.92 20956.991869 0.000144213554449 nan nan nan
1327521749.41 20975.8696294 0.000181420095032 nan nan nan
1327443617.9 20994.749612 0.000435694004409 nan nan nan
1327365486.4 21013.6318172 0.000398430565838 nan nan nan
1327287354.89 21032.5162455 0.000769101199694 nan nan nan
1327209223.39 21051.4028972 0.0013058265904 nan nan nan
1327131091.88 21070.2917727 0.00119887490291 nan nan nan
1327052960.37 21089.1828724 0.000931836722884 nan nan nan
1326974828.87 21108.0761967 0.000492039311212 nan nan nan
1326896697.36 21126.971746 7.5570991612e-05 nan nan nan
1326818565.86 21145.8695207 0.00044530123705 nan nan nan
1326740434.35 21164.7695211 0.000430630345363 nan nan nan
1326662302.85 21183.6717477 0.000198486377485 nan nan nan
1326584171.34 21202.5762009 0.00142082455568 nan nan nan
1326506039.83 21221.482881 0.0020116972737 nan nan nan
1326427908.33 21240.3917885 0.00105804135092 nan nan nan
1326349776.82 21259.3029237 -0.000239809887717 nan -inf nan
1326271645.32 21278.216287 -0.00138992443681 nan -inf nan
1326193513.81 21297.1318789 -0.00179170828778 nan -inf nan
1326115382.31 21316.0496997 -0.00154369475786 nan -inf nan
1326037250.8 21334.9697498 -0.000873019802384 nan -inf nan
1325959119.29 21353.8920296 -0.000218895758735 nan -inf nan
1325880987.79 21372.8165395 3.48492758349e-05 nan nan nan
1325802856.28 21391.7432799 0.000579723040573 nan nan nan
1325724724.78 21410.6722512 0.000491979706567 nan nan nan
1325646593.27 21429.6034538 -0.000140636024298 nan -inf nan
1325568461.76 21448.5368881 -1.03505772131e-05 nan -inf nan
1325490330.26 21467.4725545 -0.000394801609218 nan -inf nan
1325412198.75 21486.4104533 -0.000723153993022 nan -inf nan
1325334067.25 21505.350585 -0.000289000396151 nan -inf nan
1325255935.74 21524.2929499 8.56183469296e-05 nan nan nan
1325177804.24 21543.2375485 0.000821159686893 nan nan nan
1325099672.73 21562.1843812 0.000686778570525 nan nan nan
1325021541.22 21581.1334483 -0.000494341831654 nan -inf nan
1324943409.72 21600.0847502 -0.000722637225408 nan -inf nan
1324865278.21 21619.0382874 -0.000635576958302 nan -inf nan
1324787146.71 21637.9940602 -0.00118967716116 nan -inf nan
1324709015.2 21656.9520691 -0.00158880313393 nan -inf nan
1324630883.7 21675.9123143 -0.00174020486884 nan -inf nan
1324552752.19 21694.8747964 -0.00175154744647 nan -inf nan
1324474620.68 21713.8395157 -0.0017895156052 nan -inf nan
1324396489.18 21732.8064726 -0.00087756087305 nan -inf nan
1324318357.67 21751.7756675 0.000914001022466 nan nan nan
1324240226.17 21770.7471009 0.000704082485754 nan nan nan
1324162094.66 21789.720773 -0.00119411270134 nan -inf nan
1324083963.16 21808.6966843 -0.00103420764208 nan -inf nan
1324005831.65 21827.6748352 0.000987742561847 nan nan nan
1323927700.14 21846.6552261 0.00118975841906 nan nan nan
1323849568.64 21865.6378574 0.00112472835463 nan nan nan
1323771437.13 21884.6227294 0.00174018368125 nan nan nan
1323693305.63 21903.6098427 0.000871715543326 nan nan nan
1323615174.12 21922.5991975 4.87931829412e-05 nan nan nan
1323537042.61 21941.5907943 -0.000286168011371 nan -inf nan
1323458911.11 21960.5846335 -0.000321911182255 nan -inf nan
1323380779.6 21979.5807154 0.000660954858176 nan nan nan
1323302648.1 21998.5790405 0.000906879606191 nan nan nan
1323224516.59 22017.5796091 -0.00057092984207 nan -inf nan
1323146385.09 22036.5824217 -0.000691921741236 nan -inf nan
1323068253.58 22055.5874787 0.0011984622106 nan nan nan
1322990122.07 22074.5947804 0.000868655217346 nan nan nan
1322911990.57 22093.6043273 -0.000828384014312 nan -inf nan
1322833859.06 22112.6161197 -0.000132365967147 nan -inf nan
1322755727.56 22131.6301581 0.00165182270575 nan nan nan
1322677596.05 22150.6464428 0.0019047295209 nan nan nan
1322599464.55 22169.6649743 0.00104991206899 nan nan nan
1322521333.04 22188.6857529 0.000903843145352 nan nan nan
1322443201.53 22207.708779 0.00126116152387 nan nan nan
1322365070.03 22226.7340531 0.000855082238559 nan nan nan
1322286938.52 22245.7615755 0.000108631196781 nan nan nan
1322208807.02 22264.7913467 -0.00042023131391 nan -inf nan
1322130675.51 22283.823367 -0.000607983325608 nan -inf nan
1322052544.0 22302.8576368 -0.000657074619085 nan -inf nan
1321974412.5 22321.8941565 -0.000952984322794 nan -inf nan
1321896280.99 22340.9329266 -0.000526208663359 nan -inf nan
1321818149.49 22359.9739474 0.000721472897567 nan nan nan
1321740017.98 22379.0172194 0.00111805554479 nan nan nan
1321661886.48 22398.0627428 0.000412921450334 nan nan nan
1321583754.97 22417.1105182 0.000162116804859 nan nan nan
1321505623.46 22436.1605459 0.000424634723458 nan nan nan
1321427491.96 22455.2128264 0.000853042525705 nan nan nan
1321349360.45 22474.26736 0.00145018997137 nan nan nan
1321271228.95 22493.3241471 0.00153958215378 nan nan nan
1321193097.44 22512.3831881 0.00110593019053 nan nan nan
1321114965.94 22531.4444835 0.00107911392115 nan nan nan
1321036834.43 22550.5080335 0.00146068201866 nan nan nan
1320958702.92 22569.5738387 0.000735221081413 nan nan nan
1320880571.42 22588.6418995 -0.00029182434082 nan -inf nan
1320802439.91 22607.7122161 -0.000217238790356 nan -inf nan
1320724308.41 22626.7847891 -0.000214563595364 nan -inf nan
1320646176.9 22645.8596188 -0.000531339785084 nan -inf nan
1320568045.4 22664.9367057 -0.000614692689851 nan -inf nan
1320489913.89 22684.01605 -0.000276939506875 nan -inf nan
1320411782.38 22703.0976523 0.000184041418834 nan nan nan
1320333650.88 22722.1815129 -6.51752270642e-05 nan -inf nan
1320255519.37 22741.2676323 -0.00030863788561 nan -inf nan
1320177387.87 22760.3560108 -0.000134515634272 nan -inf nan
1320099256.36 22779.4466488 -0.00026187452022 nan -inf nan
1320021124.85 22798.5395468 -0.000461228337372 nan -inf nan
1319942993.35 22817.634705 -0.000932451919653 nan -inf nan
1319864861.84 22836.7321241 -0.00148155842908 nan -inf nan
1319786730.34 22855.8318042 -0.000907874549739 nan -inf nan
1319708598.83 22874.9337459 -0.000475775043014 nan -inf nan
1319630467.33 22894.0379496 -0.000499839661643 nan -inf nan
1319552335.82 22913.1444156 0.000231254729442 nan nan nan
1319474204.31 22932.2531443 0.000641934806481 nan nan nan
1319396072.81 22951.3641362 6.14286400378e-05 nan nan nan
1319317941.3 22970.4773916 -0.000256820610957 nan -inf nan
1319239809.8 22989.592911 -0.000511603895575 nan -inf nan
1319161678.29 23008.7106947 -0.000766265031416 nan -inf nan
1319083546.79 23027.8307432 -7.68646714278e-05 nan -inf nan
1319005415.28 23046.9530569 -0.000321829342283 nan -inf nan
1318927283.77 23066.0776361 -0.00106343592051 nan -inf nan
1318849152.27 23085.2044812 -0.000307275273371 nan -inf nan
1318771020.76 23104.3335928 0.000137681636261 nan nan nan
1318692889.26 23123.4649711 -0.000367035914678 nan -inf nan
1318614757.75 23142.5986166 -0.000264597591013 nan -inf nan
1318536626.24 23161.7345296 0.000184994831216 nan nan nan
1318458494.74 23180.8727107 0.000703947385773 nan nan nan
1318380363.23 23200.0131601 0.000742911419366 nan nan nan
1318302231.73 23219.1558783 -7.13052213541e-05 nan -inf nan
1318224100.22 23238.3008657 0.0002529839403 nan nan nan
1318145968.72 23257.4481227 0.00106347794645 nan nan nan
1318067837.21 23276.5976496 0.00053299695719 nan nan nan
1317989705.7 23295.749447 -2.14599567698e-05 nan -inf nan
1317911574.2 23314.9035152 0.0 nan nan nan
1317833442.69 23334.0598546 0.0 nan nan nan
1317755311.19 23353.2184656 0.0 nan nan nan
1317677179.68 23372.3793486 0.0 nan nan nan
1317599048.18 23391.542504 0.0 nan nan nan
1317520916.67 23410.7079323 0.0 nan nan nan
1317442785.16 23429.8756338 0.0 nan nan nan
1317364653.66 23449.0456089 0.0 nan nan nan
1317286522.15 23468.217858 0.0 nan nan nan
1317208390.65 23487.3923816 0.0 nan nan nan
1317130259.14 23506.5691801 0.0 nan nan nan
1317052127.64 23525.7482537 0.0 nan nan nan
1316973996.13 23544.9296031 0.0 nan nan nan
1316895864.62 23564.1132285 0.0 nan nan nan
1316817733.12 23583.2991304 0.0 nan nan nan
1316739601.61 23602.4873091 0.0 nan nan nan
1316661470.11 23621.6777651 0.0 nan nan nan
1316583338.6 23640.8704988 0.0 nan nan nan
1316505207.09 23660.0655106 0.0 nan nan nan
