freq[Hz],vel[km/s],flux[Jy/beam],noise[Jy/beam],tau,tau_noise
1324778495.88 21640.0930068 0.0 nan nan nan
1324700364.86 21659.0511451 -0.000264851783868 nan -inf nan
1324622233.84 21678.0115198 -0.000500647875015 nan -inf nan
1324544102.82 21696.9741314 -1.70519633684e-05 nan -inf nan
1324465971.8 21715.9389802 0.000149922911078 nan nan nan
1324387840.79 21734.9060666 -0.000539305212442 nan -inf nan
1324309709.77 21753.8753911 -0.000819110777229 nan -inf nan
1324231578.75 21772.846954 -0.000733020482585 nan -inf nan
1324153447.73 21791.8207556 -0.000267884955974 nan -inf nan
1324075316.71 21810.7967966 0.000564335263334 nan nan nan
1323997185.69 21829.7750771 0.000788660079706 nan nan nan
1323919054.67 21848.7555976 0.000807865173556 nan nan nan
1323840923.65 21867.7383585 0.000379725650419 nan nan nan
1323762792.63 21886.7233602 -0.000702697318047 nan -inf nan
1323684661.62 21905.7106031 -0.000936162949074 nan -inf nan
1323606530.6 21924.7000876 0.000113480986329 nan nan nan
1323528399.58 21943.6918141 0.00100793584716 nan nan nan
1323450268.56 21962.685783 0.0012009984348 nan nan nan
1323372137.54 21981.6819946 0.00109193089884 nan nan nan
1323294006.52 22000.6804495 0.000358407996828 nan nan nan
1323215875.5 22019.6811479 -0.000178270202014 nan -inf nan
1323137744.48 22038.6840903 -0.000314237113344 nan -inf nan
1323059613.46 22057.689277 -0.000623987056315 nan -inf nan
1322981482.44 22076.6967086 -0.000391224515624 nan -inf nan
1322903351.43 22095.7063853 -0.000162992597325 nan -inf nan
1322825220.41 22114.7183075 -0.000214172483538 nan -inf nan
1322747089.39 22133.7324758 0.000156304478878 nan nan nan
1322668958.37 22152.7488904 0.000276277860394 nan nan nan
1322590827.35 22171.7675517 -0.000157752874657 nan -inf nan
1322512696.33 22190.7884602 -0.000573297147639 nan -inf nan
1322434565.31 22209.8116163 -0.000137405731948 nan -inf nan
1322356434.29 22228.8370203 0.000892071868293 nan nan nan
1322278303.27 22247.8646727 0.0016245720908 nan nan nan
1322200172.26 22266.8945738 0.0012912938837 nan nan nan
1322122041.24 22285.9267241 -3.6539073335e-05 nan -inf nan
1322043910.22 22304.9611239 -0.000124835234601 nan -inf nan
1321965779.2 22323.9977737 0.000435630994616 nan nan nan
1321887648.18 22343.0366738 -0.000583653571084 nan -inf nan
1321809517.16 22362.0778246 -0.00146728544496 nan -inf nan
1321731386.14 22381.1212266 -0.00113069801591 nan -inf nan
1321653255.12 22400.1668802 -0.000780099770054 nan -inf nan
1321575124.1 22419.2147857 -0.000651933019981 nan -inf nan
1321496993.09 22438.2649435 -0.000587688526139 nan -inf nan
1321418862.07 22457.3173541 -0.000731297710445 nan -inf nan
1321340731.05 22476.3720178 -0.00102476333268 nan -inf nan
1321262600.03 22495.4289351 -0.000819304375909 nan -inf nan
1321184469.01 22514.4881063 -0.000404640479246 nan -inf nan
1321106337.99 22533.5495319 -0.0007039536722 nan -inf nan
1321028206.97 22552.6132121 -0.000646413012873 nan -inf nan
1320950075.95 22571.6791476 0.000577302474994 nan nan nan
1320871944.93 22590.7473385 0.000921174651012 nan nan nan
1320793813.92 22609.8177855 0.000152092252392 nan nan nan
1320715682.9 22628.8904887 -0.000188328354852 nan -inf nan
1320637551.88 22647.9654487 -0.000121640623547 nan -inf nan
1320559420.86 22667.0426659 -1.61614443641e-05 nan -inf nan
1320481289.84 22686.1221406 -0.000132137312903 nan -inf nan
1320403158.82 22705.2038732 -6.24579479336e-05 nan -inf nan
1320325027.8 22724.2878642 9.27708897507e-05 nan nan nan
1320246896.78 22743.3741139 0.000496017280966 nan nan nan
1320168765.76 22762.4626228 0.000863624329213 nan nan nan
1320090634.74 22781.5533912 0.000244484836003 nan nan nan
1320012503.73 22800.6464196 0.000499732850585 nan nan nan
1319934372.71 22819.7417083 0.0014197579585 nan nan nan
1319856241.69 22838.8392578 0.000710332416929 nan nan nan
1319778110.67 22857.9390684 -0.000454575230833 nan -inf nan
1319699979.65 22877.0411406 -0.000457306043245 nan -inf nan
1319621848.63 22896.1454747 0.000171480583958 nan nan nan
1319543717.61 22915.2520712 0.000226862845011 nan nan nan
1319465586.59 22934.3609305 -0.000128811996547 nan -inf nan
1319387455.57 22953.4720529 0.000144290199387 nan nan nan
1319309324.56 22972.5854389 0.000836730003357 nan nan nan
1319231193.54 22991.7010889 0.000892518030014 nan nan nan
1319153062.52 23010.8190032 0.000463508127723 nan nan nan
1319074931.5 23029.9391823 0.000530570279807 nan nan nan
1318996800.48 23049.0616266 0.000260840199189 nan nan nan
1318918669.46 23068.1863365 -0.000578624487389 nan -inf nan
1318840538.44 23087.3133123 -0.000709293060936 nan -inf nan
1318762407.42 23106.4425545 -0.000308373157168 nan -inf nan
1318684276.4 23125.5740635 7.07518302079e-06 nan nan nan
1318606145.39 23144.7078397 0.000167233549291 nan nan nan
1318528014.37 23163.8438835 0.000184048141818 nan nan nan
1318449883.35 23182.9821953 7.01404351275e-05 nan nan nan
1318371752.33 23202.1227755 -0.000237292711972 nan -inf nan
1318293621.31 23221.2656244 -0.00066610466456 nan -inf nan
1318215490.29 23240.4107426 -0.000690219458193 nan -inf nan
1318137359.27 23259.5581304 -0.000186998644494 nan -inf nan
1318059228.25 23278.7077882 0.00024649722036 nan nan nan
1317981097.23 23297.8597164 0.000210433034226 nan nan nan
1317902966.22 23317.0139155 0.000114311391371 nan nan nan
1317824835.2 23336.1703857 0.000254898855928 nan nan nan
1317746704.18 23355.3291276 0.000245457020355 nan nan nan
1317668573.16 23374.4901415 0.00017658417346 nan nan nan
1317590442.14 23393.6534279 -0.000215112391743 nan -inf nan
1317512311.12 23412.8189871 -0.000929912552238 nan -inf nan
1317434180.1 23431.9868195 -0.000675268878695 nan -inf nan
1317356049.08 23451.1569256 1.84963573702e-05 nan nan nan
1317277918.06 23470.3293057 0.000266881310381 nan nan nan
1317199787.04 23489.5039603 4.49285726063e-05 nan nan nan
1317121656.03 23508.6808898 -0.000753495492972 nan -inf nan
1317043525.01 23527.8600945 -0.000724322453607 nan -inf nan
1316965393.99 23547.0415749 -6.68486391078e-05 nan -inf nan
1316887262.97 23566.2253314 -0.000388442422263 nan -inf nan
1316809131.95 23585.4113643 -0.000368622073438 nan -inf nan
1316731000.93 23604.5996742 0.000396349088987 nan nan nan
1316652869.91 23623.7902613 0.000210051686736 nan nan nan
1316574738.89 23642.9831262 -0.000675992923789 nan -inf nan
1316496607.87 23662.1782691 -0.00115082436241 nan -inf nan
1316418476.86 23681.3756906 -0.000388215994462 nan -inf nan
1316340345.84 23700.5753909 0.000246820040047 nan nan nan
1316262214.82 23719.7773706 -0.000402989506256 nan -inf nan
1316184083.8 23738.98163 -0.000291367003229 nan -inf nan
1316105952.78 23758.1881696 0.000496261462104 nan nan nan
1316027821.76 23777.3969897 0.000107712403405 nan nan nan
1315949690.74 23796.6080907 -0.000234358289163 nan -inf nan
1315871559.72 23815.8214731 0.000248691882007 nan nan nan
1315793428.7 23835.0371372 0.000140726042446 nan nan nan
1315715297.69 23854.2550835 -0.000113719172077 nan -inf nan
1315637166.67 23873.4753124 6.77685602568e-05 nan nan nan
1315559035.65 23892.6978242 -4.24617210228e-05 nan -inf nan
1315480904.63 23911.9226195 0.000110828223114 nan nan nan
1315402773.61 23931.1496985 0.000306939880829 nan nan nan
1315324642.59 23950.3790617 0.000311317126034 nan nan nan
1315246511.57 23969.6107096 0.00102775020059 nan nan nan
1315168380.55 23988.8446424 0.00133983872365 nan nan nan
1315090249.53 24008.0808607 0.000829698052257 nan nan nan
1315012118.52 24027.3193648 0.000584953580983 nan nan nan
1314933987.5 24046.5601551 0.000666700012516 nan nan nan
1314855856.48 24065.8032321 0.000563878507819 nan nan nan
1314777725.46 24085.0485961 0.000744234013837 nan nan nan
1314699594.44 24104.2962476 0.00119682075456 nan nan nan
1314621463.42 24123.5461869 0.0006532810512 nan nan nan
1314543332.4 24142.7984146 -0.000365508400137 nan -inf nan
1314465201.38 24162.0529309 -0.000866790302098 nan -inf nan
1314387070.36 24181.3097363 -0.000731388572603 nan -inf nan
1314308939.35 24200.5688311 -8.40507127577e-05 nan -inf nan
1314230808.33 24219.8302159 0.000673833535984 nan nan nan
1314152677.31 24239.093891 0.000504762982018 nan nan nan
1314074546.29 24258.3598569 -0.00062510377029 nan -inf nan
1313996415.27 24277.6281138 -0.000546969997231 nan -inf nan
1313918284.25 24296.8986623 0.000383345090086 nan nan nan
1313840153.23 24316.1715028 0.000528389122337 nan nan nan
1313762022.21 24335.4466356 0.00037432735553 nan nan nan
1313683891.19 24354.7240612 -0.000151599801029 nan -inf nan
1313605760.17 24374.00378 -0.00058564718347 nan -inf nan
1313527629.16 24393.2857923 -0.000246574229095 nan -inf nan
1313449498.14 24412.5700986 -0.000197300920263 nan -inf nan
1313371367.12 24431.8566994 -0.000309746508719 nan -inf nan
1313293236.1 24451.1455949 -0.000150102991029 nan -inf nan
1313215105.08 24470.4367857 7.1172369644e-05 nan nan nan
1313136974.06 24489.7302721 5.63549692743e-05 nan nan nan
1313058843.04 24509.0260546 -0.000321383326082 nan -inf nan
1312980712.02 24528.3241335 -0.000411329558119 nan -inf nan
1312902581.0 24547.6245093 -0.000385086983442 nan -inf nan
1312824449.99 24566.9271823 -0.000188976016943 nan -inf nan
1312746318.97 24586.232153 -7.97226457507e-05 nan -inf nan
1312668187.95 24605.5394219 -0.000466954021249 nan -inf nan
1312590056.93 24624.8489892 -0.000504599534906 nan -inf nan
1312511925.91 24644.1608554 -0.00019244235591 nan -inf nan
1312433794.89 24663.475021 0.00013513462909 nan nan nan
1312355663.87 24682.7914863 9.02295287233e-05 nan nan nan
1312277532.85 24702.1102517 -0.000513774284627 nan -inf nan
1312199401.83 24721.4313177 -0.000558383471798 nan -inf nan
1312121270.82 24740.7546847 -0.000332517403876 nan -inf nan
1312043139.8 24760.080353 4.91127138957e-07 nan nan nan
1311965008.78 24779.4083232 0.000780020898674 nan nan nan
1311886877.76 24798.7385955 0.00121774489526 nan nan nan
1311808746.74 24818.0711705 0.00136976048816 nan nan nan
1311730615.72 24837.4060485 0.00114474527072 nan nan nan
1311652484.7 24856.7432299 0.000444636447355 nan nan nan
1311574353.68 24876.0827151 8.0805257312e-05 nan nan nan
1311496222.66 24895.4245047 -5.33836864633e-05 nan -inf nan
1311418091.65 24914.7685988 -0.00041107906145 nan -inf nan
1311339960.63 24934.1149981 -6.03865773883e-05 nan -inf nan
1311261829.61 24953.4637029 0.000566394126508 nan nan nan
1311183698.59 24972.8147136 0.000494774372783 nan nan nan
1311105567.57 24992.1680306 0.000115347545943 nan nan nan
1311027436.55 25011.5236543 -0.00060463155387 nan -inf nan
1310949305.53 25030.8815852 -0.000879923056345 nan -inf nan
1310871174.51 25050.2418236 -0.000418110052124 nan -inf nan
1310793043.49 25069.60437 -0.00025921384804 nan -inf nan
1310714912.47 25088.9692248 -0.000171500723809 nan -inf nan
1310636781.46 25108.3363884 0.000260986213107 nan nan nan
1310558650.44 25127.7058611 0.000299741601339 nan nan nan
1310480519.42 25147.0776435 -8.76080594026e-05 nan -inf nan
1310402388.4 25166.451736 0.000153236091137 nan nan nan
1310324257.38 25185.8281389 0.000197265006136 nan nan nan
1310246126.36 25205.2068526 -0.000629702932201 nan -inf nan
1310167995.34 25224.5878776 -0.000833512400277 nan -inf nan
1310089864.32 25243.9712144 0.000135386158945 nan nan nan
1310011733.3 25263.3568632 0.00079556676792 nan nan nan
1309933602.29 25282.7448245 0.000228374789003 nan nan nan
1309855471.27 25302.1350987 -0.000205274467589 nan -inf nan
1309777340.25 25321.5276863 -0.000465745222755 nan -inf nan
1309699209.23 25340.9225877 -0.000910852162633 nan -inf nan
1309621078.21 25360.3198032 -0.000487066572532 nan -inf nan
1309542947.19 25379.7193333 0.000111220266263 nan nan nan
1309464816.17 25399.1211784 -3.67447501048e-05 nan -inf nan
1309386685.15 25418.525339 -0.000651956535876 nan -inf nan
1309308554.13 25437.9318153 -0.00063412275631 nan -inf nan
1309230423.12 25457.3406079 0.000560918706469 nan nan nan
1309152292.1 25476.7517172 0.00142285460606 nan nan nan
1309074161.08 25496.1651435 0.00129073183052 nan nan nan
1308996030.06 25515.5808873 0.00106879463419 nan nan nan
1308917899.04 25534.998949 0.000664266408421 nan nan nan
1308839768.02 25554.419329 -0.000137047638418 nan -inf nan
1308761637.0 25573.8420278 -0.000312444288284 nan -inf nan
1308683505.98 25593.2670457 -0.00029721937608 nan -inf nan
1308605374.96 25612.6943832 -0.000560980348382 nan -inf nan
1308527243.95 25632.1240406 -0.000379023840651 nan -inf nan
1308449112.93 25651.5560185 -0.000139978452353 nan -inf nan
1308370981.91 25670.9903171 5.4270887631e-05 nan nan nan
1308292850.89 25690.426937 0.000219946989091 nan nan nan
1308214719.87 25709.8658785 -0.000344048690749 nan -inf nan
1308136588.85 25729.3071421 -0.000820998044219 nan -inf nan
1308058457.83 25748.7507282 -0.000393172784243 nan -inf nan
1307980326.81 25768.1966371 8.36566614453e-05 nan nan nan
1307902195.79 25787.6448694 0.00010883565119 nan nan nan
1307824064.77 25807.0954253 -0.000100089644548 nan -inf nan
1307745933.76 25826.5483055 0.000157532049343 nan nan nan
1307667802.74 25846.0035101 0.000757035566494 nan nan nan
