-4.710978880983252748e+04 4.821553147679999711e+03 -5.096766981300000212e-04 7.191258667539999908e-04 5.268251851039999593e-03 7.441286555719999612e-03
-4.709566552939742542e+04 4.838579043990000173e+03 -3.975911531600000181e-04 2.479736935999999909e-04 4.107301293120000328e-03 2.559703077400000016e-03
-4.708154067188716726e+04 4.855606843689999550e+03 -3.055961278729999960e-04 1.114446890720000065e-04 3.155448741200000181e-03 1.149574828349999916e-03
-4.706741423342126654e+04 4.872636547070000233e+03 5.854763003300000082e-05 5.291151291410000094e-04 -6.034017313269999811e-04 5.469726865220000088e-03
-4.705328621554263373e+04 4.889668154480000339e+03 2.788786950989999877e-04 9.248210894780000291e-04 -2.870913076279999789e-03 9.579979857780000427e-03
-4.703915661979494325e+04 4.906701666210000440e+03 7.681651914029999373e-05 6.601799012449999574e-04 -7.916094722640000178e-04 6.829244660799999728e-03
-4.702502544229631167e+04 4.923737082599999667e+03 -4.096788179599999882e-04 1.702745609469999942e-04 4.232437107639999696e-03 1.756950378610000084e-03
-4.701089268459009327e+04 4.940774403950000305e+03 -5.900076939720000141e-04 1.278709458370000103e-04 6.101127631809999743e-03 1.319126838940000044e-03
-4.699675834822043544e+04 4.957813630599999669e+03 -3.429593634789999848e-04 1.660857403919999945e-04 3.541928771549999848e-03 1.713691658889999895e-03
-4.698262242930396314e+04 4.974854762859999937e+03 -9.719082299849999358e-05 2.874567264250000209e-04 1.002469552149999957e-03 2.967871182390000202e-03
-4.696848492938450363e+04 4.991897801050000453e+03 1.589662279000000011e-04 2.409010433169999873e-04 -1.637485680000000041e-03 2.486604951640000206e-03
-4.695434585000658262e+04 5.008942745489999652e+03 8.684683416500000187e-05 3.224896039649999827e-05 -8.949276200620000146e-04 3.325187874869999969e-04
-4.694020518728553725e+04 5.025989596499999607e+03 -2.623608452269999918e-04 1.198143691049999976e-04 2.708415429760000197e-03 1.235963169389999936e-03
-4.692606294276558765e+04 5.043038354409999556e+03 -4.657859099100000212e-04 5.905614335129999925e-04 4.813482840119999613e-03 6.106871239059999922e-03
-4.691191911618127779e+04 5.060089019519999965e+03 -2.010260650420000073e-04 4.683851921759999760e-04 2.074584122509999951e-03 4.840409223540000257e-03
-4.689777370907772274e+04 5.077141592160000073e+03 4.176522779740000110e-04 3.813547505270000132e-04 -4.296450610850000192e-03 3.939240905020000016e-03
-4.688362671756840427e+04 5.094196072650000133e+03 7.665028097110000325e-04 9.513946008230000136e-04 -7.871032810279999375e-03 9.856608923879999623e-03
-4.686947814319809549e+04 5.111252461310000399e+03 7.756552658980000016e-04 8.558083539270000149e-04 -7.964643889170000199e-03 8.861917590519999624e-03
-4.685532798751231894e+04 5.128310758460000216e+03 6.168127292770000112e-04 2.064044704699999919e-04 -6.338761650799999876e-03 2.130148294660000070e-03
-4.684117624662322487e+04 5.145370964429999731e+03 3.666531410999999984e-04 6.988715513189999989e-04 -3.772803308460000084e-03 7.230941713119999961e-03
-4.682702292207590654e+04 5.162433079520000319e+03 2.082875435009999901e-04 8.576144179080000133e-04 -2.144992121559999992e-03 8.880702718510000496e-03
-4.681286801541638852e+04 5.179497104070000205e+03 3.446010523480000018e-04 5.596225340050000122e-04 -3.546292633070000002e-03 5.786011199779999593e-03
-4.679871152275534405e+04 5.196563038389999747e+03 1.826763327700000022e-04 3.842505542320000180e-04 -1.881490049570000000e-03 3.969212833249999989e-03
-4.678455344563841936e+04 5.213630882800000109e+03 -1.157139413410000035e-04 4.217794125399999925e-04 1.193639334390000093e-03 4.357722461920000151e-03
-4.677039378561201011e+04 5.230700637629999619e+03 1.063417003020000008e-04 8.514180037990000133e-05 -1.095705683910000016e-03 8.781359679359999545e-04
-4.675623253878539253e+04 5.247772303189999548e+03 1.218251709359999941e-04 4.273341725389999857e-04 -1.255141577430000065e-03 4.415239774979999934e-03
-4.674206970670464943e+04 5.264845879800000148e+03 -2.473600034139999889e-05 5.372690834269999499e-04 2.550428334559999913e-04 5.554252874410000110e-03
-4.672790529091659118e+04 5.281921367799999643e+03 3.015857655559999882e-04 5.298858217239999467e-04 -3.104308249040000061e-03 5.477715759109999874e-03
-4.671373928752911888e+04 5.298998767490000319e+03 3.101588808929999766e-04 4.026336068449999834e-04 -3.192413058530000139e-03 4.159500667370000411e-03
-4.669957169808873732e+04 5.316078079189999698e+03 4.343563341539999887e-05 2.135830742619999965e-04 -4.476898071720000045e-04 2.204315081870000022e-03
-4.668540252414272254e+04 5.333159303239999645e+03 2.750665589699999915e-05 1.023772174760000033e-04 -2.835335726910000209e-04 1.055992595680000073e-03
-4.667123176179749862e+04 5.350242439949999607e+03 -4.283214802849999838e-04 1.838029967700000077e-04 4.425463297180000366e-03 1.896673804479999956e-03
-4.665705941260003601e+04 5.367327489639999840e+03 -7.488224655390000439e-04 7.428250196789999834e-04 7.749771286060000257e-03 7.687462863760000098e-03
-4.664288547809801821e+04 5.384414452629999687e+03 -5.645647761410000319e-04 1.264975825269999904e-03 5.837259120069999974e-03 1.312676816110000012e-02
-4.662870995439654507e+04 5.401503329250000206e+03 -4.003328504039999742e-04 7.509772479860000105e-04 4.135682947199999758e-03 7.772158612860000093e-03
-4.661453284304296540e+04 5.418594119819999833e+03 -1.774595584719999917e-04 3.869316030519999916e-05 1.831155526649999978e-03 3.989781410419999930e-04
-4.660035414558540651e+04 5.435686824649999835e+03 -1.301515439989999888e-04 3.122436126229999895e-04 1.342669472209999946e-03 3.224198461889999940e-03
-4.658617385812755674e+04 5.452781444070000362e+03 -6.280987145150000663e-05 3.707812331750000192e-04 6.477341824519999760e-04 3.829811313999999852e-03
-4.657199198221720872e+04 5.469877978399999847e+03 -1.283020683329999902e-04 7.765266067940000412e-05 1.323577277469999928e-03 8.008634991819999546e-04
-4.655780851940290449e+04 5.486976427970000259e+03 -2.907183661590000156e-04 4.494154794459999836e-04 3.001596846350000104e-03 4.643915576190000422e-03
-4.654362346578695724e+04 5.504076793090000137e+03 -2.610452429510000012e-05 2.804715185320000173e-04 2.691550261299999994e-04 2.895647296939999824e-03
-4.652943682291761797e+04 5.521179074089999631e+03 -5.271288682710000191e-05 5.353719740750000023e-04 5.435795355489999843e-04 5.534586308080000072e-03
-4.651524859052769898e+04 5.538283271280000008e+03 -4.937241319569999785e-04 3.404214426290000069e-04 5.102937371120000280e-03 3.515672147979999849e-03
-4.650105877016637533e+04 5.555389385000000402e+03 -8.179169381039999923e-04 1.374401270429999929e-04 8.467884935639999680e-03 1.417913290320000057e-03
-4.648686735793407570e+04 5.572497415560000263e+03 -9.174575679940000271e-04 6.482708216720000239e-04 9.503339466369999447e-03 6.705636961000000125e-03
-4.647267435537958227e+04 5.589607363279999845e+03 -6.218562484719999776e-04 6.795118968790000427e-04 6.431527161989999790e-03 7.029929439919999599e-03
-4.645847976405245572e+04 5.606719228490000205e+03 -8.417379285669999382e-05 9.203626494950000001e-05 8.681477916460000497e-04 9.492778954309999623e-04
-4.644428358005172777e+04 5.623833011519999673e+03 2.360570942980000115e-04 8.603697701059999543e-04 -2.430621935459999824e-03 8.909362207919999457e-03
-4.643008580492662441e+04 5.640948712669999622e+03 1.872681168609999995e-04 3.342294081899999905e-04 -1.928737931489999963e-03 3.451613973829999790e-03
-4.641588644022712106e+04 5.658066332280000097e+03 2.518359688110000149e-04 1.084185308349999981e-05 -2.592882673640000031e-03 1.117779281929999968e-04
-4.640168548205085972e+04 5.675185870659999637e+03 5.375785985959999520e-04 2.815370082559999943e-04 -5.526746768689999589e-03 2.906663640900000040e-03
-4.638748293194748112e+04 5.692307328150000103e+03 5.401205271480000007e-04 2.912402224860000111e-04 -5.552807446699999788e-03 3.006992995769999875e-03
-4.637327879146745545e+04 5.709430705050000142e+03 4.459640767889999917e-04 5.498874538959999843e-04 -4.587031269710000088e-03 5.685072266849999778e-03
-4.635907305670691130e+04 5.726556001709999691e+03 2.525443851480000269e-04 9.417634677739999570e-04 -2.600166996340000196e-03 9.756340417450000413e-03
-4.634486572921598417e+04 5.743683218430000124e+03 -1.256157338499999963e-05 6.919061490299999824e-04 1.295091424940000076e-04 7.158614934489999915e-03
-4.633065681054552260e+04 5.760812355539999771e+03 -3.856602779709999952e-05 5.671112529980000170e-05 3.976669744649999816e-04 5.848217511959999523e-04
-4.631644629679034551e+04 5.777943413369999689e+03 4.068755879419999730e-05 5.356071386559999948e-04 -4.193714205239999879e-04 5.537024143300000104e-03
-4.630223418950097403e+04 5.795076392230000238e+03 -1.365192001690000126e-04 1.004633877069999955e-05 1.408405772680000004e-03 1.035758665860000044e-04
-4.628802049022867868e+04 5.812211292449999746e+03 -6.771510234100000351e-04 1.508047545540000100e-03 7.005419134970000163e-03 1.566900205999999934e-02
-4.627380519506688142e+04 5.829348114360000181e+03 -9.858051780609999436e-04 1.460940584870000069e-03 1.021493523760000008e-02 1.517581552279999996e-02
-4.625958830556654721e+04 5.846486858270000084e+03 -9.044987964440000510e-04 7.727529703859999924e-04 9.368477321619999784e-03 7.998427778590000425e-03
-4.624536982327936130e+04 5.863627524520000406e+03 -7.892833091320000530e-04 5.216442308759999943e-04 8.170226923280000247e-03 5.392287863719999984e-03
-4.623114974429739232e+04 5.880770113419999689e+03 -6.253437022680000384e-04 6.207760692619999649e-04 6.467712927340000389e-03 6.420319505210000423e-03
-4.621692807017193991e+04 5.897914625290000004e+03 -1.947709242809999967e-04 5.139236050869999879e-05 2.009966302590000115e-03 5.299585528040000283e-04
-4.620270480245517683e+04 5.915061060469999575e+03 -1.440951746190000002e-05 2.206115179190000107e-04 1.485627613119999918e-04 2.276935797549999897e-03
-4.618847993723772379e+04 5.932209419269999671e+03 -3.191517898810000112e-04 9.072519004880000347e-05 3.295649329270000042e-03 9.357489141019999582e-04
-4.617425347607138247e+04 5.949359702020000441e+03 -4.751523374579999731e-04 5.112971511260000002e-05 4.910514571970000380e-03 5.272494366379999872e-04
-4.616002542050873308e+04 5.966511909040000319e+03 -2.919064136220000201e-04 2.037895266289999942e-04 3.013881652320000038e-03 2.103132989519999971e-03
-4.614579576663897751e+04 5.983666040649999559e+03 -3.464648398219999966e-05 4.363160571720000255e-06 3.572440512970000105e-04 4.498204849909999696e-05
-4.613156451601435401e+04 6.000822097190000022e+03 6.785941513949999453e-05 7.285475523040000224e-04 -6.993370062379999875e-04 7.539147596649999755e-03
-4.611733166836609598e+04 6.017980078970000250e+03 3.018654533660000260e-04 5.438439399129999874e-04 -3.107182687380000141e-03 5.622414749000000100e-03
-4.610309722524734389e+04 6.035139986309999586e+03 8.672307594679999664e-04 3.731099666190000066e-04 -8.900793443280000106e-03 3.853911286390000052e-03
-4.608886118274542241e+04 6.052301819549999891e+03 1.302352640779999918e-03 9.677800058329999976e-04 -1.333698163679999937e-02 1.002721840580000044e-02
-4.607462354241319554e+04 6.069465579009999601e+03 1.148989191280000086e-03 7.538956188609999666e-04 -1.177564355450000030e-02 7.802480116769999578e-03
-4.606038430580416025e+04 6.086631265009999879e+03 4.594039637600000206e-04 1.810572669019999974e-04 -4.724943192060000394e-03 1.868313974019999990e-03
-4.604614346900427336e+04 6.103798877870000069e+03 -1.489597489129999960e-04 7.886558780849999787e-04 1.536847860490000040e-03 8.163705518769999447e-03
-4.603190103356680629e+04 6.120968417920000320e+03 -1.795779098759999903e-06 1.336023489560000000e-04 1.851335795620000059e-05 1.378293213519999911e-03
-4.601765700104575080e+04 6.138139885479999975e+03 5.093705258329999557e-04 4.085675211880000182e-04 -5.237502839610000231e-03 4.220931913690000210e-03
-4.600341136752562306e+04 6.155313280889999987e+03 5.261722835710000044e-04 7.846471202449999490e-06 -5.409797156200000026e-03 8.089472758560000624e-05
-4.598916413456011651e+04 6.172488604449999912e+03 3.065128112209999835e-04 5.057562528919999851e-04 -3.154943815630000068e-03 5.227622226629999834e-03
-4.597491530370366672e+04 6.189665856509999685e+03 4.459612537179999869e-04 1.390722339589999998e-04 -4.587002299070000282e-03 1.434763151279999953e-03
-4.596066487103938562e+04 6.206845037379999667e+03 5.651271785609999826e-04 1.212644241150000060e-03 -5.809147569210000063e-03 1.258028805330000006e-02
-4.594641283812138136e+04 6.224026147380000111e+03 2.677479060370000202e-04 9.480127184020000278e-04 -2.756485092929999992e-03 9.821399428959999220e-03
-4.593215920650454063e+04 6.241209186850000151e+03 7.082027877910000030e-05 3.715593043170000234e-04 -7.298395690920000088e-04 3.837863477560000177e-03
-4.591790397227058565e+04 6.258394156100000146e+03 1.909154234450000087e-04 9.695067610989999835e-04 -1.966265873340000171e-03 1.004519956660000074e-02
-4.590364713697398838e+04 6.275581055470000138e+03 6.144396611489999580e-04 1.945827167820000101e-03 -6.314451320370000065e-03 2.026400908930000092e-02
-4.588938870217011572e+04 6.292769885280000381e+03 1.095483778040000009e-03 1.966991807509999805e-03 -1.123035008709999914e-02 2.048669259340000007e-02
-4.587512866393922741e+04 6.309960645850000219e+03 1.002588309350000047e-03 1.194810308629999955e-03 -1.028291113830000041e-02 1.239412284999999968e-02
-4.586086702383631200e+04 6.327153337509999801e+03 7.172772893680000447e-04 7.013093666089999971e-04 -7.367405129679999859e-03 7.256256537419999986e-03
-4.584660378341712203e+04 6.344347960580000290e+03 6.309929885900000422e-04 6.858105967939999827e-04 -6.484015619580000243e-03 7.095324725949999842e-03
-4.583233893876051297e+04 6.361544515390000015e+03 4.597043152900000154e-04 6.437019406350000077e-04 -4.728024998999999853e-03 6.658219309500000224e-03
-4.581807249142191722e+04 6.378743002270000034e+03 3.948069643230000202e-04 6.379097291330000511e-04 -4.061914135670000210e-03 6.598108683280000386e-03
-4.580380444295750203e+04 6.395943421529999796e+03 4.496939945970000068e-04 2.837809098529999862e-04 -4.625307317980000346e-03 2.929864253870000015e-03
-4.578953478944472590e+04 6.413145773520000148e+03 1.810569083319999979e-04 1.441057376409999886e-04 -1.864826195560000035e-03 1.486730797979999913e-03
-4.577526353243942867e+04 6.430350058539999736e+03 4.313305544199999867e-05 1.254336159790000018e-04 -4.445718379540000210e-04 1.293966875799999923e-03
-4.576099067349827965e+04 6.447556276940000316e+03 2.293091820320000110e-04 3.630759901700000044e-04 -2.361222305100000012e-03 3.750074191919999800e-03
-4.574671620869723847e+04 6.464764429030000429e+03 -1.617480302230000030e-05 4.484176480820000117e-04 1.667644510399999907e-04 4.633580825630000122e-03
-4.573244013959261065e+04 6.481974515130000327e+03 -2.492827770769999994e-04 1.398662704019999910e-04 2.573233464140000162e-03 1.442960880919999999e-03
-4.571816246591392701e+04 6.499186535589999949e+03 2.537089676480000077e-05 3.058250219209999749e-04 -2.615214370379999927e-04 3.157815934229999798e-03
-4.570388318921838800e+04 6.516400490709999758e+03 3.992751881009999875e-04 8.507534804719999594e-04 -4.107790516820000043e-03 8.809343009669999905e-03
-4.568960230558014155e+04 6.533616380839999692e+03 6.900838343430000434e-04 1.022104491109999914e-03 -7.089079328190000216e-03 1.059306866399999970e-02
-4.567531981655604613e+04 6.550834206280000217e+03 3.372162755110000190e-04 8.895338026960000234e-04 -3.470427542629999848e-03 9.212759016090000044e-03
-4.566103572370373877e+04 6.568053967380000358e+03 -3.308909654149999754e-04 4.294656266309999871e-04 3.417078635129999851e-03 4.437311005969999875e-03
-4.564675002309594856e+04 6.585275664460000371e+03 -4.554187180469999744e-04 9.312704025980000151e-05 4.706094642960000421e-03 9.605337448689999901e-04
-4.563246271628996328e+04 6.602499297839999599e+03 -3.228036221120000231e-04 1.313238630639999903e-04 3.333422076079999886e-03 1.354771547070000035e-03
-4.561817380484390014e+04 6.619724867850000010e+03 2.269170072400000045e-04 9.352965712469999641e-05 -2.336618569450000116e-03 9.646884316210000126e-04
-4.560388328482898214e+04 6.636952374819999932e+03 5.878370138819999499e-04 4.442869498549999874e-05 -6.041886390440000427e-03 4.581327101219999777e-04
-4.558959115780299908e+04 6.654181819069999619e+03 2.790839935189999912e-04 3.080768198699999981e-05 -2.873023485099999823e-03 3.176554160779999827e-04
-4.557529742532442469e+04 6.671413200940000024e+03 3.823641454800000088e-04 2.610622422080000234e-04 -3.934149482460000402e-03 2.694991551380000131e-03
-4.556100208346317959e+04 6.688646520739999687e+03 4.723436722999999732e-04 2.471377806009999924e-04 -4.857704619749999599e-03 2.551063368040000067e-03
-4.554670513377741736e+04 6.705881778799999665e+03 5.161281296750000019e-05 4.559829142250000243e-04 -5.319493451910000097e-04 4.711938552769999629e-03
-4.553240657782607013e+04 6.723118975460000001e+03 -1.317937858400000098e-04 3.856117040860000114e-04 1.359622691280000040e-03 3.983301213769999821e-03
-4.551810641167763242e+04 6.740358111030000146e+03 7.371789979520000440e-05 2.326808114539999969e-04 -7.596897110880000302e-04 2.401652913079999844e-03
-4.550380463689068711e+04 6.757599185850000140e+03 1.368275115960000026e-04 3.777657506770000116e-04 -1.409598951490000042e-03 3.902095557100000202e-03
-4.548950125502461015e+04 6.774842200250000133e+03 -2.820838926710000084e-05 3.686355829089999944e-06 2.908504296600000110e-04 3.800439049889999785e-05
-4.547519626214645541e+04 6.792087154539999574e+03 -4.947371780869999706e-05 4.092075140430000206e-05 5.101684417169999710e-04 4.219524259449999892e-04
-4.546088965981531510e+04 6.809334049060000325e+03 1.274839014510000131e-04 1.759012511030000011e-04 -1.313404132330000043e-03 1.815061187229999925e-03
-4.544658144959089259e+04 6.826582884139999805e+03 3.040428273380000029e-04 2.157208713259999868e-04 -3.129559952199999912e-03 2.226403105600000161e-03
-4.543227162753887387e+04 6.843833660100000088e+03 2.162867167500000048e-04 1.266266339450000005e-05 -2.227277740899999935e-03 1.305514430609999884e-04
-4.541796019521873677e+04 6.861086377270000412e+03 -2.741026037259999980e-05 2.156998143869999984e-04 2.826199370929999982e-04 2.226185539929999898e-03
-4.540364715419070853e+04 6.878341035970000121e+03 4.427359817779999847e-05 2.465981533989999907e-04 -4.563247152320000131e-04 2.545486006449999838e-03
-4.538933250051901996e+04 6.895597636550000061e+03 3.437792765909999980e-04 1.357353564290000034e-04 -3.537850673100000152e-03 1.400313552979999933e-03
-4.537501623576357088e+04 6.912856179309999789e+03 5.933086504230000377e-04 5.176951918949999811e-04 -6.097953655790000135e-03 5.351356836949999578e-03
-4.536069835965236416e+04 6.930116664600000149e+03 7.513058371840000390e-04 5.960049110440000276e-04 -7.715579221039999859e-03 6.163334914119999661e-03
-4.534637887374620914e+04 6.947379092739999578e+03 5.346843390730000433e-04 5.457274140339999843e-04 -5.497073052079999925e-03 5.641941677990000223e-03
-4.533205777410743758e+04 6.964643464050000148e+03 1.814250863390000010e-04 2.604764450790000136e-04 -1.868614766310000043e-03 2.688936126660000040e-03
-4.531773506229653140e+04 6.981909778870000082e+03 4.119063305549999944e-05 2.206710857540000129e-04 -4.245555651339999979e-04 2.277551299000000161e-03
-4.530341073987478740e+04 6.999178037530000438e+03 3.379590634719999891e-04 5.337968028779999877e-04 -3.478058592240000114e-03 5.518257438420000327e-03
-4.528908480290303123e+04 7.016448240339999757e+03 9.776392253119999421e-04 8.174859338200000155e-04 -1.002830296189999998e-02 8.463403817069999752e-03
-4.527475725294221047e+04 7.033720387649999793e+03 1.069750054740000031e-03 6.019739059010000524e-04 -1.096798225619999984e-02 6.225253298820000031e-03
-4.526042809155402210e+04 7.050994479779999892e+03 8.456337964160000288e-04 4.158525315590000252e-04 -8.680092947290000277e-03 4.296355633160000090e-03
-4.524609731479795300e+04 7.068270517050000308e+03 7.262775325220000196e-04 8.562039482160000098e-04 -7.459505820009999962e-03 8.866032192729999747e-03
-4.523176492423535092e+04 7.085548499800000172e+03 3.470696101430000144e-04 1.086711234850000094e-03 -3.571651271039999812e-03 1.126643723410000048e-02
-4.521743092142834212e+04 7.102828428349999740e+03 -6.820784619780000146e-05 6.540671323729999693e-04 7.034210147049999940e-04 6.765796598029999789e-03
-4.520309530243498011e+04 7.120110303039999962e+03 -5.181127344259999845e-04 1.240322292490000130e-04 5.355684505480000183e-03 1.279500988150000015e-03
-4.518875806881706376e+04 7.137394124190000184e+03 -7.745090988460000096e-04 1.301608771250000059e-04 8.016677749769999389e-03 1.342765819280000066e-03
-4.517441922213714133e+04 7.154679892119999749e+03 -4.181859840169999988e-04 2.387433974989999980e-04 4.320515712290000018e-03 2.464306048650000136e-03
-4.516007875845185481e+04 7.171967607180000414e+03 2.181143281630000013e-05 5.820648724800000064e-04 -2.248348548770000093e-04 6.018745151200000261e-03
-4.514573667932347598e+04 7.189257269689999703e+03 -8.827322744759999977e-06 4.597232823960000197e-04 9.100746831970000052e-05 4.750681923329999785e-03
-4.513139298631490965e+04 7.206548879979999583e+03 -2.378764475000000116e-04 6.806795645350000252e-05 2.455346407710000053e-03 7.019778386299999756e-04
-4.511704767548140080e+04 7.223842438370000309e+03 4.832673585039999983e-05 6.999069658669999634e-05 -4.980897043789999593e-04 7.218140181290000216e-04
-4.510270074838562869e+04 7.241137945200000104e+03 1.805708452589999873e-04 1.709707991299999911e-04 -1.859824559400000002e-03 1.764140739659999894e-03
-4.508835220659100742e+04 7.258435400800000025e+03 -3.105809446420000099e-04 4.847105762809999835e-04 3.207002347859999949e-03 5.009543084639999852e-03
-4.507400204615133407e+04 7.275734805490000326e+03 -3.002794110219999938e-04 1.830371153519999951e-04 3.100465510789999872e-03 1.888763161299999950e-03
-4.505965026862969535e+04 7.293036159600000246e+03 -7.319750147869999370e-05 1.774365953449999966e-04 7.548982813280000074e-04 1.830918359520000097e-03
-4.504529687558995647e+04 7.310339463469999828e+03 -2.276657614860000118e-04 2.628578208690000189e-04 2.349828391540000061e-03 2.713552798449999845e-03
-4.503094186308448843e+04 7.327644717420000234e+03 -3.513883275450000246e-04 5.018613233399999958e-04 3.629137437930000151e-03 5.187258669229999689e-03
-4.501658523267681448e+04 7.344951921789999687e+03 -5.269920802680000361e-04 9.731808516920000506e-04 5.447719961119999732e-03 1.008345992280000082e-02
-4.500222698593128007e+04 7.362261076900000262e+03 -7.587198633699999886e-04 1.118779830489999988e-03 7.852605422620000108e-03 1.160084301160000005e-02
-4.498786711889873550e+04 7.379572183080000286e+03 -5.398325738500000344e-04 1.825202710669999897e-04 5.580828158589999990e-03 1.883424810570000088e-03
-4.497350563314319152e+04 7.396885240659999909e+03 3.091467660850000135e-04 4.685424288239999784e-04 -3.182012088240000064e-03 4.842038086539999890e-03
-4.495914252839092660e+04 7.414200249980000081e+03 8.290699333880000152e-04 3.358299512729999870e-04 -8.510792953459999852e-03 3.468171606630000067e-03
-4.494477780620681733e+04 7.431517211360000147e+03 2.381598751530000031e-04 2.786607944080000130e-04 -2.452247227360000031e-03 2.876926081039999934e-03
-4.493041146263990231e+04 7.448836125130000255e+03 -5.467523587869999599e-04 7.311234890289999930e-04 5.652567958930000344e-03 7.565904969920000250e-03
-4.491604349925473070e+04 7.466156991630000448e+03 -6.408724584620000388e-04 6.499809212440000109e-04 6.628854953590000362e-03 6.723385627919999975e-03
-4.490167391761660838e+04 7.483479811180000070e+03 -5.689867539329999642e-04 6.044615588219999979e-04 5.883114454970000094e-03 6.251059688440000102e-03
-4.488730271377314784e+04 7.500804584110000178e+03 -5.814856267530000514e-04 1.036500878409999998e-03 6.012737513860000327e-03 1.074307681989999930e-02
-4.487292988928933482e+04 7.518131310759999906e+03 -2.931141934819999793e-04 9.913637770890000155e-04 3.026370652539999914e-03 1.027283042640000053e-02
-4.485855544573091902e+04 7.535459991450000416e+03 2.405829400229999934e-05 1.126319422699999977e-03 -2.479928967280000079e-04 1.167948081620000071e-02
-4.484417937914413051e+04 7.552790626519999932e+03 -9.300365491070000201e-05 1.426171782060000042e-03 9.592605093719999568e-04 1.481195933670000076e-02
-4.482980169109428971e+04 7.570123216289999618e+03 -4.068211128470000009e-04 1.415395634820000017e-03 4.202851712280000242e-03 1.469921361990000029e-02
-4.481542238314763381e+04 7.587457761100000425e+03 -8.671244722789999662e-05 8.497456384330000191e-05 8.943425600380000345e-04 8.764103667699999975e-04
-4.480104145134890859e+04 7.604794261279999773e+03 3.366813762109999858e-04 4.005384414519999885e-04 -3.464932206000000039e-03 4.137811228519999718e-03
-4.478665889726397290e+04 7.622132717149999735e+03 2.966295578520000220e-04 2.572572145640000243e-04 -3.053370395410000011e-03 2.655659376530000206e-03
-4.477227472245946410e+04 7.639473129060000247e+03 5.575253744609999810e-04 5.183307835059999943e-04 -5.731229357210000305e-03 5.357944508190000399e-03
-4.475788892297868006e+04 7.656815497319999849e+03 7.700872956780000162e-04 1.330123231800000097e-03 -7.907695881520000400e-03 1.380749690650000076e-02
-4.474350150038791617e+04 7.674159822280000299e+03 6.603305810129999611e-04 1.432428885890000105e-04 -6.784465143990000419e-03 1.477822251780000007e-03
-4.472911245625424635e+04 7.691506104260000029e+03 5.717318272220000110e-04 9.714169878869999709e-05 -5.876840046140000169e-03 1.001962609179999969e-03
-4.471472178661954968e+04 7.708854343590000099e+03 2.176319976570000123e-04 7.621528729640000138e-04 -2.241115665020000126e-03 7.888276922620000853e-03
-4.470032949305055081e+04 7.726204540609999640e+03 -4.313449026089999751e-04 2.932986029600000133e-04 4.456771333849999725e-03 3.028277545229999829e-03
-4.468593557711481117e+04 7.743556695639999816e+03 -5.734425503760000537e-04 4.648671731950000012e-04 5.929322611879999684e-03 4.803965672019999862e-03
-4.467154003485266730e+04 7.760910809029999655e+03 7.630327309019999430e-05 3.234960652219999954e-04 -7.863224487979999545e-04 3.340584526129999985e-03
-4.465714286783135321e+04 7.778266881090000425e+03 2.830456069199999863e-04 3.019071584280000158e-04 -2.913746861329999990e-03 3.117298662910000014e-03
-4.464274407761880866e+04 7.795624912160000349e+03 2.037413651120000002e-05 2.395743914590000017e-04 -2.100205885780000029e-04 2.472894171180000083e-03
-4.462834366025403142e+04 7.812984902580000380e+03 1.096979103749999980e-04 1.442023277170000073e-04 -1.130267299720000024e-03 1.487728054000000012e-03
-4.461394161730464839e+04 7.830346852669999862e+03 8.952719508669999392e-05 2.697811092810000182e-04 -9.225351076899999730e-04 2.785123407330000050e-03
-4.459953795033902134e+04 7.847710762769999747e+03 5.867590516569999912e-05 3.819602238120000022e-04 -6.047233567900000412e-04 3.945507554480000116e-03
-4.458513265539472923e+04 7.865076633200000288e+03 3.635490138550000042e-04 9.032175334409999726e-05 -3.740921995640000049e-03 9.315858877490000361e-04
-4.457072573403982824e+04 7.882444464309999603e+03 4.979168297719999657e-04 2.480719665049999924e-04 -5.120033423680000334e-03 2.560718797270000041e-03
-4.455631718599885789e+04 7.899814256419999765e+03 1.731927040960000008e-04 9.110514265740000158e-05 -1.783899699169999922e-03 9.396696260699999520e-04
-4.454190701284078386e+04 7.917186009860000013e+03 -1.117562424039999949e-04 1.068584943119999957e-04 1.152790417970000082e-03 1.102241206690000083e-03
-4.452749521060130064e+04 7.934559724970000389e+03 -1.887977850859999963e-04 2.335392916219999871e-04 1.948265555830000105e-03 2.410524544369999859e-03
-4.451308178084895917e+04 7.951935402080000131e+03 1.097905333149999950e-04 6.156884885129999948e-04 -1.131221096279999994e-03 6.367533787850000390e-03
-4.449866672515319806e+04 7.969313041520000297e+03 6.060778978279999932e-04 1.635627739500000039e-03 -6.228786520070000131e-03 1.700592619019999918e-02
-4.448425003954825661e+04 7.986692643620000126e+03 6.229370483199999677e-04 8.994558494339999861e-04 -6.401498045950000139e-03 9.316000206379999524e-03
-4.446983172560319508e+04 8.004074208719999660e+03 -0.000000000000000000e+00 0.000000000000000000e+00 -0.000000000000000000e+00 -0.000000000000000000e+00
-4.445541178488784499e+04 8.021457737149999957e+03 -0.000000000000000000e+00 0.000000000000000000e+00 -0.000000000000000000e+00 -0.000000000000000000e+00
-4.444099021343500499e+04 8.038843229240000255e+03 -0.000000000000000000e+00 0.000000000000000000e+00 -0.000000000000000000e+00 -0.000000000000000000e+00
-4.442656701281417190e+04 8.056230685329999687e+03 -0.000000000000000000e+00 0.000000000000000000e+00 -0.000000000000000000e+00 -0.000000000000000000e+00
-4.441214218459563563e+04 8.073620105740000326e+03 -0.000000000000000000e+00 0.000000000000000000e+00 -0.000000000000000000e+00 -0.000000000000000000e+00
-4.439771572481073963e+04 8.091011490810000396e+03 -0.000000000000000000e+00 0.000000000000000000e+00 -0.000000000000000000e+00 -0.000000000000000000e+00
-4.438328763502943912e+04 8.108404840879999938e+03 -0.000000000000000000e+00 0.000000000000000000e+00 -0.000000000000000000e+00 -0.000000000000000000e+00
-4.436885791682247509e+04 8.125800156270000116e+03 -0.000000000000000000e+00 0.000000000000000000e+00 -0.000000000000000000e+00 -0.000000000000000000e+00
-4.435442656621968490e+04 8.143197437320000063e+03 -0.000000000000000000e+00 0.000000000000000000e+00 -0.000000000000000000e+00 -0.000000000000000000e+00
-4.433999358479148941e+04 8.160596684369999821e+03 -0.000000000000000000e+00 0.000000000000000000e+00 -0.000000000000000000e+00 -0.000000000000000000e+00
-4.432555897410905163e+04 8.177997897739999644e+03 -0.000000000000000000e+00 0.000000000000000000e+00 -0.000000000000000000e+00 -0.000000000000000000e+00
-4.431112273020083376e+04 8.195401077770000484e+03 -0.000000000000000000e+00 0.000000000000000000e+00 -0.000000000000000000e+00 -0.000000000000000000e+00
-4.429668485463766410e+04 8.212806224789999760e+03 -0.000000000000000000e+00 0.000000000000000000e+00 -0.000000000000000000e+00 -0.000000000000000000e+00
-4.428224534899113496e+04 8.230213339129999440e+03 -0.000000000000000000e+00 0.000000000000000000e+00 -0.000000000000000000e+00 -0.000000000000000000e+00
-4.426780420928827516e+04 8.247622421140000370e+03 -0.000000000000000000e+00 0.000000000000000000e+00 -0.000000000000000000e+00 -0.000000000000000000e+00
-4.425336143710034958e+04 8.265033471139999165e+03 -0.000000000000000000e+00 0.000000000000000000e+00 -0.000000000000000000e+00 -0.000000000000000000e+00
-4.423891703399939433e+04 8.282446489469999506e+03 -0.000000000000000000e+00 0.000000000000000000e+00 -0.000000000000000000e+00 -0.000000000000000000e+00
-4.422447099601103400e+04 8.299861476460000631e+03 -0.000000000000000000e+00 0.000000000000000000e+00 -0.000000000000000000e+00 -0.000000000000000000e+00
-4.421002332470688270e+04 8.317278432439999960e+03 -0.000000000000000000e+00 0.000000000000000000e+00 -0.000000000000000000e+00 -0.000000000000000000e+00
-4.419557402165946405e+04 8.334697357749999355e+03 -0.000000000000000000e+00 0.000000000000000000e+00 -0.000000000000000000e+00 -0.000000000000000000e+00
-4.418112308289291832e+04 8.352118252719999873e+03 -0.000000000000000000e+00 0.000000000000000000e+00 -0.000000000000000000e+00 -0.000000000000000000e+00
-4.416667050997939805e+04 8.369541117689999737e+03 -0.000000000000000000e+00 0.000000000000000000e+00 -0.000000000000000000e+00 -0.000000000000000000e+00
-4.415221630264167470e+04 8.386965953000000809e+03 -0.000000000000000000e+00 0.000000000000000000e+00 -0.000000000000000000e+00 -0.000000000000000000e+00
-4.413776046245282487e+04 8.404392758960000720e+03 -0.000000000000000000e+00 0.000000000000000000e+00 -0.000000000000000000e+00 -0.000000000000000000e+00
-4.412330298543506069e+04 8.421821535929999300e+03 -0.000000000000000000e+00 0.000000000000000000e+00 -0.000000000000000000e+00 -0.000000000000000000e+00
-4.410884387316111679e+04 8.439252284230000441e+03 -0.000000000000000000e+00 0.000000000000000000e+00 -0.000000000000000000e+00 -0.000000000000000000e+00
-4.409438312720449176e+04 8.456685004200000549e+03 -0.000000000000000000e+00 0.000000000000000000e+00 -0.000000000000000000e+00 -0.000000000000000000e+00
-4.407992074358595710e+04 8.474119696170000680e+03 -0.000000000000000000e+00 0.000000000000000000e+00 -0.000000000000000000e+00 -0.000000000000000000e+00
-4.406545672387872037e+04 8.491556360480000876e+03 -0.000000000000000000e+00 0.000000000000000000e+00 -0.000000000000000000e+00 -0.000000000000000000e+00
-4.405099106965664396e+04 8.508994997460000377e+03 -0.000000000000000000e+00 0.000000000000000000e+00 -0.000000000000000000e+00 -0.000000000000000000e+00
-4.403652377693909511e+04 8.526435607440000240e+03 -0.000000000000000000e+00 0.000000000000000000e+00 -0.000000000000000000e+00 -0.000000000000000000e+00
-4.402205484729968157e+04 8.543878190769999492e+03 -0.000000000000000000e+00 0.000000000000000000e+00 -0.000000000000000000e+00 -0.000000000000000000e+00
-4.400758428231278231e+04 8.561322747779999190e+03 -0.000000000000000000e+00 0.000000000000000000e+00 -0.000000000000000000e+00 -0.000000000000000000e+00
-4.399311207799628755e+04 8.578769278800000393e+03 -0.000000000000000000e+00 0.000000000000000000e+00 -0.000000000000000000e+00 -0.000000000000000000e+00
-4.397863823592423432e+04 8.596217784160000519e+03 -0.000000000000000000e+00 0.000000000000000000e+00 -0.000000000000000000e+00 -0.000000000000000000e+00
