-2.357936568916503347e+03 3.549030861259999801e+04 -0.000000000000000000e+00 0.000000000000000000e+00 -0.000000000000000000e+00 -0.000000000000000000e+00
-2.339638657810311997e+03 3.551093491440000071e+04 -0.000000000000000000e+00 0.000000000000000000e+00 -0.000000000000000000e+00 -0.000000000000000000e+00
-2.321338495222698384e+03 3.553156375410000328e+04 -0.000000000000000000e+00 0.000000000000000000e+00 -0.000000000000000000e+00 -0.000000000000000000e+00
-2.303036080738085275e+03 3.555219513230000302e+04 -0.000000000000000000e+00 0.000000000000000000e+00 -0.000000000000000000e+00 -0.000000000000000000e+00
-2.284731413940791299e+03 3.557282904930000223e+04 -0.000000000000000000e+00 0.000000000000000000e+00 -0.000000000000000000e+00 -0.000000000000000000e+00
-2.266424494415032768e+03 3.559346550579999894e+04 -0.000000000000000000e+00 0.000000000000000000e+00 -0.000000000000000000e+00 -0.000000000000000000e+00
-2.248115324088558282e+03 3.561410450210000272e+04 -0.000000000000000000e+00 0.000000000000000000e+00 -0.000000000000000000e+00 -0.000000000000000000e+00
-2.229803897858400887e+03 3.563474603880000359e+04 -0.000000000000000000e+00 0.000000000000000000e+00 -0.000000000000000000e+00 -0.000000000000000000e+00
-2.211490217651815328e+03 3.565539011619999656e+04 -0.000000000000000000e+00 0.000000000000000000e+00 -0.000000000000000000e+00 -0.000000000000000000e+00
-2.193174283052609098e+03 3.567603673490000074e+04 -0.000000000000000000e+00 0.000000000000000000e+00 -0.000000000000000000e+00 -0.000000000000000000e+00
-2.174856093644486918e+03 3.569668589539999812e+04 -0.000000000000000000e+00 0.000000000000000000e+00 -0.000000000000000000e+00 -0.000000000000000000e+00
-2.156535649011050282e+03 3.571733759799999825e+04 -0.000000000000000000e+00 0.000000000000000000e+00 -0.000000000000000000e+00 -0.000000000000000000e+00
-2.138212948735799728e+03 3.573799184329999844e+04 -0.000000000000000000e+00 0.000000000000000000e+00 -0.000000000000000000e+00 -0.000000000000000000e+00
-2.119887992402132113e+03 3.575864863180000248e+04 -0.000000000000000000e+00 0.000000000000000000e+00 -0.000000000000000000e+00 -0.000000000000000000e+00
-2.101560779593342431e+03 3.577930796379999811e+04 -0.000000000000000000e+00 0.000000000000000000e+00 -0.000000000000000000e+00 -0.000000000000000000e+00
-2.083231309892621539e+03 3.579996983999999793e+04 -0.000000000000000000e+00 0.000000000000000000e+00 -0.000000000000000000e+00 -0.000000000000000000e+00
-2.064899582883059338e+03 3.582063426060000347e+04 -0.000000000000000000e+00 0.000000000000000000e+00 -0.000000000000000000e+00 -0.000000000000000000e+00
-2.046565600494452156e+03 3.584130122629999823e+04 -0.000000000000000000e+00 0.000000000000000000e+00 -0.000000000000000000e+00 -0.000000000000000000e+00
-2.028229357616353582e+03 3.586197073749999981e+04 -0.000000000000000000e+00 0.000000000000000000e+00 -0.000000000000000000e+00 -0.000000000000000000e+00
-2.009890856178064496e+03 3.588264279469999747e+04 -0.000000000000000000e+00 0.000000000000000000e+00 -0.000000000000000000e+00 -0.000000000000000000e+00
-1.991550095762264391e+03 3.590331739830000151e+04 -0.000000000000000000e+00 0.000000000000000000e+00 -0.000000000000000000e+00 -0.000000000000000000e+00
-1.973207075951527713e+03 3.592399454880000121e+04 -0.000000000000000000e+00 0.000000000000000000e+00 -0.000000000000000000e+00 -0.000000000000000000e+00
-1.954861796328327955e+03 3.594467424659999961e+04 -0.000000000000000000e+00 0.000000000000000000e+00 -0.000000000000000000e+00 -0.000000000000000000e+00
-1.936514256475033790e+03 3.596535649230000126e+04 -0.000000000000000000e+00 0.000000000000000000e+00 -0.000000000000000000e+00 -0.000000000000000000e+00
-1.918164455973912936e+03 3.598604128630000196e+04 -0.000000000000000000e+00 0.000000000000000000e+00 -0.000000000000000000e+00 -0.000000000000000000e+00
-1.899812394407128750e+03 3.600672862909999822e+04 -0.000000000000000000e+00 0.000000000000000000e+00 -0.000000000000000000e+00 -0.000000000000000000e+00
-1.881458071356742721e+03 3.602741852120000112e+04 -0.000000000000000000e+00 0.000000000000000000e+00 -0.000000000000000000e+00 -0.000000000000000000e+00
-1.863101486404711750e+03 3.604811096289999841e+04 -0.000000000000000000e+00 0.000000000000000000e+00 -0.000000000000000000e+00 -0.000000000000000000e+00
-1.844742641482883982e+03 3.606880595490000269e+04 -0.000000000000000000e+00 0.000000000000000000e+00 -0.000000000000000000e+00 -0.000000000000000000e+00
-1.826381531473315363e+03 3.608950349750000169e+04 -0.000000000000000000e+00 0.000000000000000000e+00 -0.000000000000000000e+00 -0.000000000000000000e+00
-1.808018158307357908e+03 3.611020359129999997e+04 -0.000000000000000000e+00 0.000000000000000000e+00 -0.000000000000000000e+00 -0.000000000000000000e+00
-1.789652521566556516e+03 3.613090623670000059e+04 -0.000000000000000000e+00 0.000000000000000000e+00 -0.000000000000000000e+00 -0.000000000000000000e+00
-1.771284620832354449e+03 3.615161143420000008e+04 -0.000000000000000000e+00 0.000000000000000000e+00 -0.000000000000000000e+00 -0.000000000000000000e+00
-1.752914455686089696e+03 3.617231918420000147e+04 -0.000000000000000000e+00 0.000000000000000000e+00 -0.000000000000000000e+00 -0.000000000000000000e+00
-1.734542025708999290e+03 3.619302948730000207e+04 -0.000000000000000000e+00 0.000000000000000000e+00 -0.000000000000000000e+00 -0.000000000000000000e+00
-1.716167330482215220e+03 3.621374234389999765e+04 -0.000000000000000000e+00 0.000000000000000000e+00 -0.000000000000000000e+00 -0.000000000000000000e+00
-1.697790369586766928e+03 3.623445775439999852e+04 -0.000000000000000000e+00 0.000000000000000000e+00 -0.000000000000000000e+00 -0.000000000000000000e+00
-1.679411142603580629e+03 3.625517571940000198e+04 -0.000000000000000000e+00 0.000000000000000000e+00 -0.000000000000000000e+00 -0.000000000000000000e+00
-1.661029649113478627e+03 3.627589623929999652e+04 -0.000000000000000000e+00 0.000000000000000000e+00 -0.000000000000000000e+00 -0.000000000000000000e+00
-1.642645891050362252e+03 3.629661931460000051e+04 -0.000000000000000000e+00 0.000000000000000000e+00 -0.000000000000000000e+00 -0.000000000000000000e+00
-1.624259863288774113e+03 3.631734494570000243e+04 -0.000000000000000000e+00 0.000000000000000000e+00 -0.000000000000000000e+00 -0.000000000000000000e+00
-1.605871567762118048e+03 3.633807313319999957e+04 -0.000000000000000000e+00 0.000000000000000000e+00 -0.000000000000000000e+00 -0.000000000000000000e+00
-1.587481004050803222e+03 3.635880387750000227e+04 -0.000000000000000000e+00 0.000000000000000000e+00 -0.000000000000000000e+00 -0.000000000000000000e+00
-1.569088171735134665e+03 3.637953717909999978e+04 -0.000000000000000000e+00 0.000000000000000000e+00 -0.000000000000000000e+00 -0.000000000000000000e+00
-1.550693070395314408e+03 3.640027303840000241e+04 -0.000000000000000000e+00 0.000000000000000000e+00 -0.000000000000000000e+00 -0.000000000000000000e+00
-1.532295699611440796e+03 3.642101145600000018e+04 -0.000000000000000000e+00 0.000000000000000000e+00 -0.000000000000000000e+00 -0.000000000000000000e+00
-1.513896058963508267e+03 3.644175243220000266e+04 -0.000000000000000000e+00 0.000000000000000000e+00 -0.000000000000000000e+00 -0.000000000000000000e+00
-1.495494148031408258e+03 3.646249596770000062e+04 -0.000000000000000000e+00 0.000000000000000000e+00 -0.000000000000000000e+00 -0.000000000000000000e+00
-1.477089966394927387e+03 3.648324206280000362e+04 -3.806372405960000132e-04 5.820659943660000130e-04 1.106420352129999958e-02 1.696916047359999999e-02
-1.458683513633749953e+03 3.650399071800000092e+04 -1.077831257129999951e-04 8.407105289350000126e-04 3.120590333080000122e-03 2.460291245309999958e-02
-1.440274791683832063e+03 3.652474193380000361e+04 1.627682126129999978e-03 1.015019866850000018e-03 -4.597860045859999967e-02 2.978062501039999838e-02
-1.421863795412187301e+03 3.654549571070000093e+04 1.407688483599999927e-03 1.308936068089999911e-03 -3.988642167590000093e-02 3.857233426159999840e-02
-1.403450526754274051e+03 3.656625204910000321e+04 -1.250334433280000067e-03 1.750771049629999904e-03 3.681324458609999684e-02 5.193579648209999816e-02
-1.385034985289360520e+03 3.658701094949999970e+04 -2.939946716649999899e-03 4.194168326560000250e-03 8.881604241849999637e-02 1.292461443629999984e-01
-1.366617170596611686e+03 3.660777241250000225e+04 -3.309849649670000213e-03 3.894396570399999858e-03 1.005709350759999982e-01 1.194332404690000016e-01
-1.348197082255087707e+03 3.662853643839999859e+04 -1.473827753220000080e-03 1.364530701000000101e-03 4.353868084189999738e-02 4.024402564880000255e-02
-1.329774719843745743e+03 3.664930302769999980e+04 1.467449474150000089e-03 2.987581579809999929e-03 -4.154502929540000028e-02 9.032206942959999929e-02
-1.311350082941438131e+03 3.667007218100000318e+04 2.268642419950000089e-03 3.366140115600000163e-03 -6.351970101739999597e-02 1.023719271469999970e-01
-1.292923171126914212e+03 3.669084389869999723e+04 1.507991459219999893e-03 2.331637057399999803e-03 -4.266866814899999971e-02 6.978048983390000570e-02
-1.274493983978818278e+03 3.671161818119999953e+04 5.336973699739999731e-04 4.868079422959999797e-04 -1.530998739159999955e-02 1.417228990870000004e-02
-1.256062521075691166e+03 3.673239502910000010e+04 7.256673416120000162e-04 5.882005537189999994e-05 -2.076014131409999880e-02 1.701780123680000012e-03
-1.237628784355548532e+03 3.675317444270000124e+04 1.757098711099999971e-03 1.130282442100000086e-03 -4.954520950670000118e-02 3.321918712159999815e-02
-1.219192768677856066e+03 3.677395642270000099e+04 1.777555909939999975e-03 1.452672629699999947e-03 -5.010782969500000156e-02 4.290013211830000228e-02
-1.200754475980129882e+03 3.679474096950000239e+04 1.305904472250000049e-03 4.056974777130000192e-04 -3.705515811679999799e-02 1.179695708220000055e-02
-1.182313905840493817e+03 3.681552808350000123e+04 8.922217530199999871e-04 3.444590674600000188e-04 -2.546478414360000067e-02 1.000731113979999934e-02
-1.163871057836968021e+03 3.683631776520000130e+04 5.490602925420000422e-04 8.656270145490000236e-04 -1.574724601089999912e-02 2.534139558340000112e-02
-1.145425931547468053e+03 3.685711001509999915e+04 -3.299035597589999895e-06 9.461337749749999880e-05 9.537097983530000412e-05 2.738770620030000179e-03
-1.126978526549805338e+03 3.687790483369999856e+04 -1.234886702149999961e-03 1.468701447540000059e-03 3.635005323689999984e-02 4.338391039620000111e-02
-1.108528842421686477e+03 3.689870222140000260e+04 -1.428474090059999929e-03 1.875484565780000069e-03 4.217022016880000307e-02 5.574034715480000179e-02
-1.090076878740714619e+03 3.691950217870000051e+04 -5.166019545870000453e-04 4.923206747170000199e-04 1.504623114850000068e-02 1.433393610669999978e-02
-1.071622635084387866e+03 3.694030470619999687e+04 -5.305619561109999743e-04 2.862645067239999951e-04 1.545597973779999981e-02 8.309582251739999759e-03
-1.053166111030100183e+03 3.696110980420000124e+04 -9.843449806790000901e-04 5.040030038549999602e-06 2.886750731670000014e-02 1.457046115039999968e-04
-1.034707308517928141e+03 3.698191747330000362e+04 -2.496748929840000267e-04 6.944200368259999950e-04 7.243615468650000007e-03 2.027807212770000103e-02
-1.016246222399773842e+03 3.700272771389999980e+04 -1.753132673909999872e-04 4.441664334010000004e-04 5.080730006280000273e-03 1.292282317350000077e-02
-9.977828546152134095e+02 3.702354052650000085e+04 -1.475534401829999964e-03 1.223215169540000031e-03 4.359021230170000150e-02 3.600023126480000196e-02
-9.793172047412224401e+02 3.704435591160000331e+04 -1.471798052080000108e-03 1.408493532790000080e-03 4.347739841869999872e-02 4.156793851570000226e-02
-9.608492723546723937e+02 3.706517386969999643e+04 -1.329208491369999936e-03 1.042687389709999989e-03 3.918158805500000091e-02 3.060493650660000078e-02
-9.423790570323299107e+02 3.708599440119999781e+04 -1.407630508770000080e-03 9.175641262579999850e-04 4.154193221980000128e-02 2.688248044870000103e-02
-9.239065583508572672e+02 3.710681750659999670e+04 -1.205627340819999957e-04 8.432596266930000503e-05 3.491238465700000071e-03 2.440617420440000050e-03
-9.054317758868113515e+02 3.712764318639999692e+04 7.867720560169999934e-04 5.874474229670000221e-04 -2.248873063159999991e-02 1.712739821999999940e-02
-8.869547092166450284e+02 3.714847144100000151e+04 4.213147622069999881e-04 2.564481836809999840e-04 -1.210553186420000073e-02 7.440856352710000128e-03
-8.684753579167061162e+02 3.716930227110000124e+04 1.039778944690000046e-04 6.899695363440000494e-05 -3.001218969939999787e-03 1.996511952369999995e-03
-8.499937215632379548e+02 3.719013567689999763e+04 4.165341670160000224e-04 1.688482985510000097e-04 -1.196899095600000018e-02 4.892910490159999709e-03
-8.315098020983815559e+02 3.721097165900000255e+04 5.756081081930000459e-04 1.617216035639999999e-04 -1.650239804250000150e-02 4.685907452510000397e-03
-8.130235943664573597e+02 3.723181021799999871e+04 4.138129879720000019e-04 4.859213934009999798e-04 -1.189126170850000018e-02 1.414629666199999913e-02
-7.945351003091043367e+02 3.725265135410000221e+04 6.058974540789999761e-04 2.149495746500000072e-04 -1.736328192240000137e-02 6.233011119389999730e-03
-7.760443195021462088e+02 3.727349506809999730e+04 2.954128140120000005e-04 2.543687246940000012e-04 -8.503350400149999738e-03 7.380297552060000217e-03
-7.575512515213017650e+02 3.729434136020000005e+04 -1.448111579520000103e-04 2.694375532459999858e-04 4.194895546560000084e-03 7.819220770550000532e-03
-7.390558959421847476e+02 3.731519023100000049e+04 7.715186802669999656e-04 1.572063400520000041e-03 -2.205750813859999951e-02 4.650919161659999856e-02
-7.205582523403039659e+02 3.733604168100000243e+04 1.930661965160000064e-03 2.673967820670000023e-03 -5.430857979059999785e-02 8.044827261240000693e-02
-7.020583202910631826e+02 3.735689571070000238e+04 1.389731653030000036e-03 2.110115128930000004e-03 -3.938750950549999713e-02 6.293753360169999922e-02
-6.835560993697612275e+02 3.737775232040000265e+04 1.834246941140000122e-04 5.673893944460000173e-04 -5.288317085870000191e-03 1.653773089699999907e-02
-6.650515891515916564e+02 3.739861151080000127e+04 3.777245001399999892e-05 2.414948230959999972e-04 -1.091306376720000033e-03 7.005460473980000026e-03
-6.465447892116430921e+02 3.741947328230000130e+04 -2.014566998700000110e-04 5.730682091549999966e-04 5.840605901870000137e-03 1.670464180549999927e-02
-6.280357014941230318e+02 3.744033763529999851e+04 -8.687353692949999987e-05 1.566007545789999903e-04 2.514443764690000010e-03 4.537192967170000125e-03
-6.095243208357541107e+02 3.746120457039999746e+04 4.711521905850000027e-04 6.651330714119999465e-04 -1.352785378159999941e-02 1.941449322219999940e-02
-5.910106491802405344e+02 3.748207408800000121e+04 -2.031513431580000018e-04 3.600748586230000060e-04 5.889881745940000329e-03 1.046336661419999987e-02
-5.724946861022498297e+02 3.750294618859999900e+04 1.408414682370000108e-04 3.209126636400000160e-04 -4.063090442909999579e-03 9.320037015559999236e-03
-5.539764311763445903e+02 3.752382087270000193e+04 1.158243976530000082e-03 1.185026253869999940e-03 -3.293347395179999776e-02 3.485647844970000270e-02
-5.354558839769815677e+02 3.754469814069999848e+04 3.252545720900000201e-04 3.307256501070000008e-04 -9.358327163369999438e-03 9.606401764439999671e-03
-5.169330440785126939e+02 3.756557799320000049e+04 -3.515734570099999829e-04 4.364977379920000219e-04 1.021505940510000071e-02 1.269828324829999980e-02
-4.984079110551840017e+02 3.758646043059999647e+04 -1.487241970610000128e-04 2.490598087679999880e-04 4.308493160439999872e-03 7.225705901510000133e-03
-4.798804844811364774e+02 3.760734545349999826e+04 7.289061613850000398e-05 5.456875439290000109e-06 -2.104859007589999966e-03 1.577563428860000009e-04
-4.613507639304054919e+02 3.762823306220000086e+04 3.951858670920000262e-04 4.429857346069999741e-04 -1.135902414070000081e-02 1.288824894830000074e-02
-4.428187489769209719e+02 3.764912325720000081e+04 3.154599689880000033e-04 3.156265953550000032e-04 -9.077788952830000493e-03 9.165811776160000257e-03
-4.242844415669601403e+02 3.767001603910000267e+04 -2.255371655339999924e-04 2.682261104579999954e-04 6.541031555339999783e-03 7.783926872849999783e-03
-4.057478365296300353e+02 3.769091140840000298e+04 -6.817642715760000374e-04 4.020002590059999835e-05 1.990480259599999857e-02 1.162752629749999947e-03
-3.872089358107028829e+02 3.771180936539999675e+04 -1.230937661599999918e-03 7.890903068919999808e-04 3.623167794889999710e-02 2.307470813230000015e-02
-3.686677389836864336e+02 3.773270991070000309e+04 -1.379534369329999928e-03 1.547944575900000097e-03 4.069565464060000137e-02 4.577905387000000270e-02
-3.501242456219825954e+02 3.775361304479999671e+04 -1.116202562120000019e-03 1.269444470099999941e-03 3.279851566490000342e-02 3.738654509980000179e-02
-3.315784552988877181e+02 3.777451876820000325e+04 -1.167463022279999988e-03 7.855802705620000201e-04 3.433090090109999770e-02 2.297087909740000086e-02
-3.130303675875922522e+02 3.779542708120000316e+04 -1.011323649439999995e-03 7.409434441350000282e-04 2.967055330350000172e-02 2.165143369620000161e-02
-2.944799820611812038e+02 3.781633798450000177e+04 -7.837846642360000136e-04 5.653807868780000257e-04 2.291776812500000149e-02 1.647870086010000054e-02
-2.759272982926335089e+02 3.783725147850000212e+04 -5.699654575440000516e-04 5.266222982839999581e-04 1.661344272220000029e-02 1.534032741230000052e-02
-2.573723158548224319e+02 3.785816756359999999e+04 6.059691077100000020e-05 4.902586481130000434e-04 -1.750164695640000047e-03 1.427346960870000056e-02
-2.388150343205153092e+02 3.787908624039999995e+04 7.236785604620000036e-04 1.318754297220000021e-03 -2.070383050839999864e-02 3.886735837259999715e-02
-2.202554556380614201e+02 3.790000750929999776e+04 8.867072174330000237e-04 5.074330410789999616e-04 -2.530936947400000067e-02 1.477720005060000064e-02
-2.016935746289353517e+02 3.792093137089999800e+04 5.187226342970000133e-04 1.583757940950000095e-05 -1.488359323670000040e-02 4.579275503319999775e-04
-1.831293932409800789e+02 3.794185782550000295e+04 -1.502714167149999990e-05 1.311931741229999972e-04 4.344894734179999859e-04 3.799658777729999787e-03
-1.645629110465392841e+02 3.796278687380000338e+04 -1.832707785069999937e-04 3.217268077340000088e-04 5.311959128330000050e-03 9.343792429870000776e-03
-1.459941276178505802e+02 3.798371851610000158e+04 -1.032408836179999983e-04 1.968824839899999972e-05 2.988884361470000011e-03 5.692974375300000446e-04
-1.274230425270455527e+02 3.800465275290000136e+04 1.526148989800000058e-04 7.375688971229999889e-05 -4.401991868339999794e-03 2.134393664769999952e-03
-1.088496553461498024e+02 3.802558958480000001e+04 5.549909546969999464e-04 8.099913896490000000e-05 -1.591599303890000108e-02 2.344217353780000089e-03
-9.027396564708270432e+01 3.804652901209999982e+04 7.755355909470000413e-04 5.439711445339999755e-04 -2.217108675940000079e-02 1.584971922400000080e-02
-7.169597300165756337e+01 3.806747103549999883e+04 1.223724335430000001e-03 1.440043903360000094e-03 -3.476334020380000139e-02 4.251913942899999965e-02
-5.311567698158143003e+01 3.808841565540000011e+04 3.165294416250000100e-03 4.038266204959999918e-03 -8.755319639410000243e-02 1.241307375669999935e-01
-3.453307715845522807e+01 3.810936287219999940e+04 6.275655701759999712e-03 7.923538217019999996e-03 -1.667109100470000049e-01 2.601299758160000031e-01
-1.594817548275950969e+01 3.813031268640000053e+04 8.802318014200000498e-03 1.084434548289999953e-02 -2.266986928570000059e-01 3.761220662060000275e-01
2.639033231794170042e+00 3.815126509860000078e+04 1.097534131259999927e-02 1.337582169030000073e-02 -2.755600597969999899e-01 4.888354955429999871e-01
2.122854703523280051e+01 3.817222010920000321e+04 1.213423721489999968e-02 1.469763683789999942e-02 -3.006739460699999755e-01 5.531591410409999465e-01
3.982036635638066002e+01 3.819317771869999706e+04 1.105406321590000039e-02 1.302780089350000052e-02 -2.772861164389999744e-01 4.725659800970000157e-01
5.841449162416839158e+01 3.821413792749999993e+04 9.284112602469999850e-03 1.106673713199999957e-02 -2.377399032420000058e-01 3.855304744690000174e-01
7.701092326763307483e+01 3.823510073620000185e+04 7.270763162519999594e-03 8.882447728560000436e-03 -1.907679667240000099e-01 2.967472704660000238e-01
9.560966171591819318e+01 3.825606614529999933e+04 4.185263533149999673e-03 4.668855584310000091e-03 -1.142077168689999978e-01 1.449845255020000001e-01
1.142107073982737546e+02 3.827703415520000271e+04 1.434051082470000002e-03 1.210835933400000036e-03 -4.061842885300000205e-02 3.562933151520000091e-02
1.328140607440561780e+02 3.829800476640000124e+04 5.535002565009999745e-04 3.954519394400000270e-04 -1.587358040530000014e-02 1.149731583299999985e-02
1.514197221827285773e+02 3.831897797939999873e+04 7.993116742000000051e-04 1.516238867259999974e-03 -2.284309427920000121e-02 4.482005228029999760e-02
1.700276921438604631e+02 3.833995379459999822e+04 1.168749295179999977e-03 1.949514375850000059e-03 -3.322727350960000270e-02 5.800558960760000132e-02
1.886379686749506845e+02 3.836093221269999776e+04 1.761875697409999962e-03 2.462858893550000112e-03 -4.967661598760000213e-02 7.385621280349999318e-02
2.072505569698411989e+02 3.838191323399999965e+04 1.736090984199999956e-03 2.201369169600000172e-03 -4.896711890350000096e-02 6.575076076520000590e-02
2.258654550765397460e+02 3.840289685900000040e+04 8.947302121670000540e-04 1.033392045800000025e-03 -2.553547137970000117e-02 3.032792016049999997e-02
2.444826634250424888e+02 3.842388308819999656e+04 7.289316272360000414e-06 4.628891154479999751e-05 -2.106927420690000064e-04 1.338986588240000022e-03
2.631021824454523994e+02 3.844487192209999921e+04 -2.137169649359999977e-04 2.292363407349999875e-04 6.197157475859999855e-03 6.648672510289999928e-03
2.817240125679792300e+02 3.846586336129999836e+04 7.233571377579999873e-04 7.224189044280000024e-04 -2.069472937459999884e-02 2.110436702429999839e-02
3.003481542229394563e+02 3.848685740610000357e+04 1.126655959519999974e-03 1.304304663479999944e-03 -3.204953962349999658e-02 3.843319721019999857e-02
3.189746078407564482e+02 3.850785405699999683e+04 1.150839088950000026e-04 1.247767193199999939e-04 -3.321251303230000028e-03 3.613487184029999869e-03
3.376033738519604981e+02 3.852885331459999725e+04 -9.555181022730000005e-04 1.283166862760000025e-03 2.801015966070000140e-02 3.779841929230000341e-02
3.562344526871886501e+02 3.854985517930000060e+04 -1.150030177090000019e-03 1.333943857969999928e-03 3.380949816980000078e-02 3.932395507750000019e-02
3.748678447771850415e+02 3.857085965169999690e+04 -9.714773041200000124e-04 1.469117926170000104e-03 2.848471558919999855e-02 4.339648358340000150e-02
3.935035481673685354e+02 3.859186673210000299e+04 -2.063356805590000058e-04 1.399150508720000037e-04 5.982480610610000152e-03 4.052777116960000307e-03
4.121415680592652961e+02 3.861287642110000161e+04 5.296216113490000458e-04 4.099403645469999768e-04 -1.519395128639999988e-02 1.192107094309999976e-02
4.307819024988044134e+02 3.863388871919999656e+04 3.315511858089999924e-04 3.235660968029999813e-04 -9.538633986360000108e-03 9.397462002240000375e-03
4.494245519171579417e+02 3.865490362689999893e+04 -3.018897259609999825e-04 5.841113652769999503e-04 8.765138888380000215e-03 1.702930045369999840e-02
4.680695167456053696e+02 3.867592114459999721e+04 -8.382915984840000031e-04 1.112585638569999966e-03 2.453124841729999867e-02 3.269047963499999848e-02
4.867167974155328807e+02 3.869694127280000248e+04 -5.362858064469999513e-04 7.481476787090000306e-04 1.562403253340000076e-02 2.186426999260000087e-02
5.053663943584340927e+02 3.871796401209999749e+04 -5.752602592109999592e-04 3.354318543139999894e-04 1.676907767990000117e-02 9.743768360610000068e-03
5.240183080059098302e+02 3.873898936279999907e+04 -9.386005112899999678e-04 6.785169565289999889e-04 2.750735126129999833e-02 1.980904864309999958e-02
5.426725387896678967e+02 3.876001732559999800e+04 -1.230902271350000059e-03 1.425321565009999951e-03 3.623061716420000050e-02 4.207516828389999686e-02
5.613290871415238144e+02 3.878104790079999657e+04 -1.506921369579999892e-03 2.014432399829999866e-03 4.453840097600000186e-02 5.999625161560000197e-02
5.799879534934000276e+02 3.880208108889999858e+04 -7.623984711240000154e-04 1.232703823060000070e-03 2.228541778359999920e-02 3.628461815760000014e-02
5.986491358886328271e+02 3.882311689060000208e+04 1.634631771590000114e-04 3.212194563309999805e-04 -4.714160885779999921e-03 9.328988666270000840e-03
6.173126395364498649e+02 3.884415530610000133e+04 -1.670770579950000103e-04 4.549682545689999794e-04 4.841458773129999997e-03 1.323918678370000074e-02
6.359784624806991360e+02 3.886519633610000164e+04 -1.092747319490000027e-03 1.267797282439999968e-03 3.209812462629999669e-02 3.733711657500000253e-02
6.546466051537325939e+02 3.888623998099999881e+04 -1.274778624069999953e-03 1.630720955009999900e-03 3.754662824629999979e-02 4.828713197810000080e-02
6.733170679880098533e+02 3.890728624129999662e+04 -1.411138335239999972e-03 1.792264782779999900e-03 4.164764099019999805e-02 5.320001155710000346e-02
6.919898514160980767e+02 3.892833511749999889e+04 -1.412050798539999947e-03 1.268562840239999961e-03 4.167514001219999736e-02 3.736008899829999785e-02
7.106649558706717471e+02 3.894938661010000214e+04 -5.436948267740000134e-04 6.353860464089999523e-04 1.584160402800000034e-02 1.853811139889999932e-02
7.293423817845132362e+02 3.897044071950000216e+04 3.822756116279999914e-04 3.113095561669999975e-04 -1.098996977719999928e-02 9.039876372339999619e-03
7.480221295905122361e+02 3.899149744630000350e+04 1.199166523290000081e-03 1.510717289200000065e-03 -3.407745788350000082e-02 4.465313526700000202e-02
7.667041997216662139e+02 3.901255679090000194e+04 1.733314828019999910e-03 2.209861674579999963e-03 -4.889069963559999898e-02 6.601297512659999589e-02
7.853885926110801847e+02 3.903361875380000129e+04 9.391276398669999841e-04 9.589634483719999694e-04 -2.678574453400000069e-02 2.811258992389999850e-02
8.040753063000050815e+02 3.905468333559999883e+04 -5.153351230550000123e-04 6.052473968679999983e-04 1.500905590510000047e-02 1.765097444999999890e-02
8.227643460053880062e+02 3.907575053659999685e+04 -2.090249327009999940e-04 1.400836574040000053e-05 6.060689334129999890e-03 4.050269793450000152e-04
8.414557097689925058e+02 3.909682035750000068e+04 1.999656902630000087e-03 2.682594261599999860e-03 -5.619583210299999854e-02 8.071856705659999354e-02
8.601493980243548094e+02 3.911789279859999806e+04 3.216594690460000076e-03 4.556700460880000296e-03 -8.891091413200000182e-02 1.412435829249999997e-01
8.788454112051186939e+02 3.913896786050000082e+04 2.077965764330000093e-03 3.103270816969999884e-03 -5.833354621080000246e-02 9.398917933870000463e-02
8.975437497450363935e+02 3.916004554369999823e+04 3.298889787399999856e-04 6.326782017719999492e-04 -9.491038976920000009e-03 1.845837328459999996e-02
9.162444140779672352e+02 3.918112584860000061e+04 -8.724801591600000615e-05 9.089702200330000053e-05 2.525296278620000126e-03 2.631051740870000034e-03
9.349474046378791172e+02 3.920220877569999720e+04 3.368935431349999758e-04 2.214507965760000019e-04 -9.691589689800000559e-03 6.422137257599999996e-03
9.536527218588475989e+02 3.922329432559999987e+04 -4.503575619310000206e-04 9.129448034970000063e-04 1.310413662929999987e-02 2.674531902949999970e-02
9.723603661750562424e+02 3.924438249869999709e+04 -1.347995596010000087e-03 1.760362657770000051e-03 3.974653466369999777e-02 5.222788791300000261e-02
9.910703380207969531e+02 3.926547329549999995e+04 -2.182113530579999922e-04 9.797774123600000223e-05 6.327894588040000080e-03 2.836296996210000212e-03
1.009782635435232351e+03 3.928656671649999771e+04 7.903285440989999853e-04 7.565126338759999578e-04 -2.258924805140000158e-02 2.211145456250000058e-02
1.028497263643046153e+03 3.930766276210000069e+04 -1.590849424250000014e-04 5.234181053570000292e-04 4.609333460680000404e-03 1.524627520619999989e-02
1.047214220683915528e+03 3.932876143299999967e+04 -5.058572860430000147e-04 8.449993267980000430e-04 1.473097207720000003e-02 2.472998642769999936e-02
1.065933506992564389e+03 3.934986272949999693e+04 5.388430436140000026e-04 7.529446909639999578e-04 -1.545646455500000044e-02 2.200601431499999913e-02
1.084655123003825565e+03 3.937096665219999704e+04 5.744366208090000191e-04 2.837860877880000240e-04 -1.646908713369999930e-02 8.237342479020000677e-03
1.103379069152639204e+03 3.939207320150000305e+04 -3.937034634869999951e-04 6.798957976639999779e-04 1.144618883229999926e-02 1.984970557040000028e-02
1.122105345874054592e+03 3.941318237789999694e+04 -1.002598437480000087e-03 1.163545501209999923e-03 2.941076842750000100e-02 3.421370723319999696e-02
1.140833953603228565e+03 3.943429418199999782e+04 -1.392207923350000044e-04 3.692181006779999956e-04 4.032626632799999992e-03 1.073048940090000000e-02
1.159564892775426870e+03 3.945540861420000147e+04 1.260240795090000060e-03 1.538603579849999979e-03 -3.578235004400000252e-02 4.549642147539999931e-02
1.178298163826023256e+03 3.947652567499999714e+04 1.122598070649999998e-03 1.873418396819999995e-03 -3.193593018469999961e-02 5.567719787849999963e-02
1.197033767190500384e+03 3.949764536490000319e+04 3.590880660340000198e-04 1.016321599890000022e-03 -1.032678517849999929e-02 2.981939292510000020e-02
1.215771700905930629e+03 3.951876768440000160e+04 1.868253020800000126e-04 4.499203281790000093e-04 -5.386096443909999844e-03 1.309133071809999958e-02
1.234511970204751151e+03 3.953989263390000269e+04 1.029914128590000023e-04 2.315401122130000095e-04 -2.972787436240000025e-03 6.715714974760000379e-03
1.253254573124549779e+03 3.956102021409999725e+04 1.053422820410000065e-04 9.492560702189999327e-05 -3.040540855659999882e-03 2.747821147670000044e-03
1.271999510101243231e+03 3.958215042530000210e+04 -4.252217186150000121e-04 6.126461923769999660e-04 1.236821217510000043e-02 1.786868654320000055e-02
1.290746781570856001e+03 3.960328326799999923e+04 -1.814410788939999943e-03 3.230344954009999915e-03 5.387540225109999775e-02 9.803272576230000201e-02
1.309496387969521493e+03 3.962441874280000047e+04 -2.125611528749999854e-03 3.453281321929999904e-03 6.341470717420000236e-02 1.051663899479999970e-01
1.328248329733482478e+03 3.964555685020000237e+04 -1.175370533019999900e-03 1.816886039749999928e-03 3.456749800259999866e-02 5.395091876509999773e-02
1.347002607299089277e+03 3.966669759049999993e+04 -8.549339254389999500e-04 1.186956588309999970e-03 2.502440343010000137e-02 3.491426032279999758e-02
1.365759221102801803e+03 3.968784096439999848e+04 -5.551762878889999640e-04 4.977259218219999949e-04 1.617885937660000148e-02 1.449245595839999956e-02
1.384518171581187744e+03 3.970898697230000107e+04 -2.782928640949999913e-05 1.108224090710000051e-04 8.047951513060000320e-04 3.208726491900000186e-03
1.403279459170924611e+03 3.973013561469999695e+04 -6.275185151030000536e-04 5.342332165600000276e-04 1.830645318280000114e-02 1.556376504920000022e-02
1.422043081906991574e+03 3.975128689219999796e+04 -1.681797439229999877e-04 4.148393821359999982e-04 4.873489732029999931e-03 1.206439724979999940e-02
1.440809045029596973e+03 3.977244080509999912e+04 8.055038051680000382e-04 3.018906537580000175e-04 -2.301803465239999832e-02 8.765165944670000320e-03
1.459577346574237708e+03 3.979359735389999696e+04 4.505806427910000189e-04 4.902023380619999638e-04 -1.294100277070000041e-02 1.427181843419999922e-02
1.478347986978025801e+03 3.981475653929999680e+04 6.728033768010000448e-04 1.344363849530000061e-03 -1.926225976530000078e-02 3.963729960719999945e-02
1.497120966678182867e+03 3.983591836160000094e+04 1.255112932989999996e-03 2.042598644199999838e-03 -3.563931717430000173e-02 6.086118233329999849e-02
1.515896286112039434e+03 3.985708282139999937e+04 1.336593879389999908e-03 2.124896754649999858e-03 -3.790967099689999953e-02 6.339269245129999786e-02
1.534673945717034940e+03 3.987824991920000321e+04 6.897441926409999960e-04 1.378890066059999938e-03 -1.974251606589999888e-02 4.067625612229999743e-02
1.553453945930717737e+03 3.989941965540000092e+04 -1.387037569659999980e-03 1.823209334860000086e-03 4.092158678939999961e-02 5.414385973909999900e-02
1.572236287190745543e+03 3.992059203050000360e+04 -2.705783583219999872e-03 3.861770397389999859e-03 8.144552628399999439e-02 1.183710236160000068e-01
1.591020969934885215e+03 3.994176704510000127e+04 -1.284396159460000041e-03 1.850224524129999958e-03 3.783532460649999957e-02 5.496858633929999766e-02
1.609807994601012524e+03 3.996294469959999697e+04 -0.000000000000000000e+00 0.000000000000000000e+00 -0.000000000000000000e+00 -0.000000000000000000e+00
1.628597359222010482e+03 3.998412499450000178e+04 -0.000000000000000000e+00 0.000000000000000000e+00 -0.000000000000000000e+00 -0.000000000000000000e+00
1.647389069045877704e+03 4.000530793039999844e+04 -0.000000000000000000e+00 0.000000000000000000e+00 -0.000000000000000000e+00 -0.000000000000000000e+00
1.666183122106015617e+03 4.002649350759999652e+04 -0.000000000000000000e+00 0.000000000000000000e+00 -0.000000000000000000e+00 -0.000000000000000000e+00
1.684979518840736773e+03 4.004768172680000134e+04 -0.000000000000000000e+00 0.000000000000000000e+00 -0.000000000000000000e+00 -0.000000000000000000e+00
1.703778259688463550e+03 4.006887258840000140e+04 -0.000000000000000000e+00 0.000000000000000000e+00 -0.000000000000000000e+00 -0.000000000000000000e+00
