5.002384566439926857e+04 6.192459606039999926e+04 -1.312194624919999896e-03 2.180455487199999941e-03 4.731299516629999639e-03 7.874286038740000229e-03
5.004706244143256481e+04 6.194860267179999937e+04 -2.882018452510000254e-04 9.664420272410000111e-04 1.037235027390000057e-03 3.482466925019999868e-03
5.007028230039489426e+04 6.197261246989999927e+04 1.410008990209999909e-04 2.093998199889999916e-05 -5.070688973260000214e-04 7.532651322539999392e-05
5.009350524189996941e+04 6.199662545539999701e+04 -7.770606898699999833e-04 4.250395703220000154e-04 2.799096154739999943e-03 1.530089307540000079e-03
5.011673126358859008e+04 6.202064162899999792e+04 -1.450110459699999969e-03 1.637169038370000053e-03 5.229876670390000079e-03 5.906506376550000117e-03
5.013996037202062143e+04 6.204466099129999930e+04 -1.094918232409999945e-03 1.160142993349999986e-03 3.946331325360000197e-03 4.181908236929999731e-03
5.016319256483743811e+04 6.206868354289999843e+04 -9.686031262390000030e-04 3.936699097100000125e-04 3.490267811820000135e-03 1.417082399059999952e-03
5.018642784265347291e+04 6.209270928439999989e+04 -1.263318466949999970e-03 4.995731072429999715e-04 4.554667801749999814e-03 1.798642153050000010e-03
5.020966620608325320e+04 6.211673821660000249e+04 -1.078701345250000082e-03 8.787983022549999707e-04 3.887768253099999939e-03 3.166151945539999891e-03
5.023290765574146644e+04 6.214077033990000200e+04 -3.118642489430000246e-04 1.624157921469999955e-04 1.122443549249999960e-03 5.844001966909999693e-04
5.025615219224296743e+04 6.216480565509999724e+04 -1.168106973640000031e-04 4.301794482209999774e-05 4.202706659630000099e-04 1.547527823069999944e-04
5.027939981620284379e+04 6.218884416280000005e+04 -2.929336042140000089e-04 6.471932069479999509e-05 1.054273551879999918e-03 2.328304147489999875e-04
5.030265052525988722e+04 6.221288586360000045e+04 3.719254455059999845e-04 4.510250839159999888e-04 -1.336967175720000069e-03 1.623709891909999939e-03
5.032590432598159532e+04 6.223693075819999649e+04 1.105310046109999906e-03 1.108595003509999996e-03 -3.968052274790000340e-03 3.995724094819999919e-03
5.034916121600763290e+04 6.226097884720000002e+04 1.017906819469999950e-03 1.089620975830000050e-03 -3.654848219779999793e-03 3.927201283109999809e-03
5.037242119595366967e+04 6.228503013130000181e+04 4.204916476739999857e-04 2.426159756290000133e-04 -1.511417117210000095e-03 8.731003780279999885e-04
5.039568426643553539e+04 6.230908461099999840e+04 2.361541846770000134e-04 1.926891111669999941e-05 -8.491148843490000514e-04 6.931503214759999435e-05
5.041895042806922720e+04 6.233314228700000240e+04 6.848747725600000521e-04 9.459758047860000437e-04 -2.460548684299999813e-03 3.408593324079999941e-03
5.044221968147098232e+04 6.235720315999999730e+04 7.542306557299999692e-04 1.350320029000000007e-03 -2.709386208800000119e-03 4.869101148190000013e-03
5.046549202427796990e+04 6.238126723050000146e+04 2.894036006179999767e-04 1.022639889660000067e-03 -1.040478660399999939e-03 3.685343297229999940e-03
5.048876746306435962e+04 6.240533449929999915e+04 1.357341825500000035e-04 3.568838262829999801e-04 -4.881332987690000153e-04 1.284579489860000106e-03
5.051204599546820828e+04 6.242940496700000222e+04 4.416856390890000201e-04 7.157654727669999887e-05 -1.587536459800000009e-03 2.575027455069999935e-04
5.053532762210632063e+04 6.245347863409999991e+04 3.974198189100000165e-04 5.174386683300000135e-04 -1.428546834829999990e-03 1.863024526829999998e-03
5.055861234359569062e+04 6.247755550139999832e+04 -1.829149987319999920e-04 2.137450357770000089e-04 6.581841770280000324e-04 7.691627650219999513e-04
5.058190016055350861e+04 6.250163556950000202e+04 -6.946664070709999885e-04 3.924053715069999895e-04 2.501927236819999952e-03 1.412527260409999997e-03
5.060519107359695772e+04 6.252571883890000026e+04 -1.121861045249999966e-03 8.825504933790000476e-04 4.043635872880000336e-03 3.179691929139999863e-03
5.062848508334357757e+04 6.254980531049999991e+04 -1.300516538319999946e-03 1.249891894399999962e-03 4.689093680569999742e-03 4.506151476499999954e-03
5.065178218742883473e+04 6.257389498469999671e+04 -8.331812568940000002e-04 8.773267329210000364e-04 3.001555043630000155e-03 3.160841758450000025e-03
5.067508239243447315e+04 6.259798786220000329e+04 -7.348799845200000526e-04 1.106078267849999915e-03 2.646953273669999922e-03 3.986634884479999842e-03
5.069838569599668699e+04 6.262208394379999663e+04 -1.232662354600000008e-03 1.910151881050000007e-03 4.443896745619999901e-03 6.894764286199999738e-03
5.072169209873359796e+04 6.264618322990000161e+04 -8.969014161270000155e-04 1.259268445610000091e-03 3.231479697749999914e-03 4.540032981090000308e-03
5.074500160126358242e+04 6.267028572130000248e+04 -1.718464773149999919e-04 2.628989207340000182e-04 6.183439313069999822e-04 9.461270080210000457e-04
5.076831420420494396e+04 6.269439141850000306e+04 -2.818631473930000215e-04 2.272089200010000076e-04 1.014410554099999919e-03 8.176324437080000236e-04
5.079162990817637910e+04 6.271850032230000215e+04 -1.200291444550000033e-04 1.000697675050000047e-04 4.318527474029999888e-04 3.600279947670000156e-04
5.081494871081172460e+04 6.274261243329999706e+04 8.875046041790000213e-04 1.110581173349999961e-03 -3.187377515979999965e-03 4.002897220939999855e-03
5.083827061869944009e+04 6.276672775199999887e+04 6.522924522870000158e-04 1.220678844019999938e-03 -2.343627286529999850e-03 4.400599544249999932e-03
5.086159562947408995e+04 6.279084627929999988e+04 -6.452315137720000034e-04 4.670577852030000023e-04 2.323674309510000060e-03 1.681476865750000009e-03
5.088492374375502550e+04 6.281496801560000313e+04 -3.329497412780000015e-04 4.760354627640000038e-04 1.198378708869999969e-03 1.713825540100000081e-03
5.090825496216153988e+04 6.283909296159999940e+04 8.692112169230000124e-04 1.000796595199999941e-03 -3.121781220160000161e-03 3.606483302380000117e-03
5.093158928531332640e+04 6.286322111800000130e+04 1.016927766610000025e-03 1.315911610510000097e-03 -3.651339288810000194e-03 4.744733468130000152e-03
5.095492671383016568e+04 6.288735248539999884e+04 5.197859718459999813e-04 5.130429460929999616e-04 -1.867987935349999917e-03 1.847183216299999901e-03
5.097826724833199114e+04 6.291148706439999660e+04 -1.788692316040000067e-06 1.985034583440000084e-04 6.434165720969999587e-06 7.142962659129999592e-04
5.100161088645076961e+04 6.293562485580000066e+04 1.371414691679999896e-04 2.388921552780000010e-04 -4.931929976300000306e-04 8.596937303420000087e-04
5.102495763478265144e+04 6.295976586010000028e+04 6.141652120280000418e-04 7.345070974290000007e-04 -2.206790626820000125e-03 2.645608398979999894e-03
5.104830749096039654e+04 6.298391007790000003e+04 2.716276212600000212e-04 1.966085064659999968e-04 -9.766007445309999972e-04 7.074750448650000056e-04
5.107166045560448401e+04 6.300805750999999873e+04 -1.079268404280000029e-04 2.049469031370000128e-04 3.883014239469999773e-04 7.374909556480000123e-04
5.109501652933572768e+04 6.303220815690000018e+04 4.039498453490000199e-04 7.317201598230000433e-04 -1.452002331880000024e-03 2.635556936860000005e-03
5.111837571277507232e+04 6.305636201930000243e+04 8.532308274879999571e-04 1.429119580870000066e-03 -3.064475333810000139e-03 5.153976866999999788e-03
5.114173800654361548e+04 6.308051909790000354e+04 6.519612506960000388e-04 9.298328134680000027e-04 -2.342438702060000051e-03 3.350328438429999844e-03
5.116510340827169421e+04 6.310467939330000081e+04 4.665289598049999803e-04 2.020149186069999903e-04 -1.676755185909999894e-03 7.269365234319999673e-04
5.118847192456226185e+04 6.312884290609999880e+04 4.569927405099999764e-04 1.125838565069999978e-05 -1.642509121870000099e-03 4.049861016790000194e-05
5.121184355304623023e+04 6.315300963690000208e+04 2.653468691280000012e-04 2.352395315430000063e-04 -9.540299094569999533e-04 8.465435821900000419e-04
5.123521829434543906e+04 6.317717958650000219e+04 -1.078103596229999984e-04 2.876341570230000078e-04 3.878822656039999863e-04 1.035190866309999933e-03
5.125859614908181538e+04 6.320135275540000293e+04 -1.781224855220000050e-04 7.000392621250000474e-04 6.409337193290000085e-04 2.521302656090000042e-03
5.128197711787745357e+04 6.322552914430000237e+04 -1.039601993400000060e-04 6.998517345519999870e-04 3.740274911440000108e-04 2.520626393800000191e-03
5.130536120135459350e+04 6.324970875389999856e+04 -2.518435067030000006e-04 4.538216007030000144e-04 9.063224807850000153e-04 1.633785702409999967e-03
5.132874840013566427e+04 6.327389158470000257e+04 -2.750985440800000079e-04 3.193084528520000122e-04 9.900530490180000157e-04 1.149251693840000000e-03
5.135213871184922027e+04 6.329807763749999867e+04 -9.589709952710000164e-05 3.697651495880000081e-04 3.450131055979999877e-04 1.330975821619999984e-03
5.137553214310570183e+04 6.332226691289999872e+04 1.042377552950000036e-04 2.055835519100000016e-04 -3.748856758810000249e-04 7.397827513249999624e-04
5.139892869153436914e+04 6.334645941149999999e+04 -8.142928709279999549e-05 3.852637899550000146e-04 2.929540114869999914e-04 1.386802136780000000e-03
5.142232835775831336e+04 6.337065513389999978e+04 -3.891816595569999983e-04 1.060417073139999965e-04 1.400914850320000024e-03 3.815177589829999837e-04
5.144573114240079303e+04 6.339485408080000343e+04 4.559020453600000307e-05 2.505188216070000206e-04 -1.639800960250000026e-04 9.015531172220000436e-04
5.146913704608522676e+04 6.341905625290000171e+04 5.736754974350000364e-04 1.932934625650000100e-04 -2.061454667540000164e-03 6.955420583610000089e-04
5.149254606943526596e+04 6.344326165079999919e+04 4.890109994449999683e-04 3.156681482890000170e-04 -1.757487086530000030e-03 1.136142101369999992e-03
5.151595821007761697e+04 6.346747027520000120e+04 -1.871760759970000053e-04 3.443309998500000268e-05 6.735220024290000012e-04 1.238677431810000014e-04
5.153937347462966864e+04 6.349168212659999699e+04 -6.506523932330000263e-04 6.390118096029999677e-04 2.343219430249999808e-03 2.301249476270000004e-03
5.156279186071900767e+04 6.351589720569999918e+04 -1.963438407979999903e-04 3.631362699720000107e-04 7.065223367640000507e-04 1.307099457860000065e-03
5.158621336896988214e+04 6.354011551329999929e+04 3.078182635359999746e-05 2.287564108170000098e-04 -1.107198644069999936e-04 8.232035261769999734e-04
5.160963800000670744e+04 6.356433704980000039e+04 -9.495194535700000405e-05 1.471737184960000095e-04 3.416121030480000187e-04 5.295420477370000418e-04
5.163306575445405906e+04 6.358856181600000127e+04 6.425354513339999723e-04 8.151246225299999589e-04 -2.308611706039999812e-03 2.936409993799999826e-03
5.165649663293676713e+04 6.361278981260000000e+04 1.743806758900000005e-03 1.929552052839999914e-03 -6.253094771599999879e-03 6.965034357899999723e-03
5.167993063607961085e+04 6.363702104010000039e+04 1.276997616509999937e-03 1.200701418700000000e-03 -4.582998606200000373e-03 4.328423977430000298e-03
5.170336776150762307e+04 6.366125549920000049e+04 -1.660947746130000036e-04 2.647207989940000036e-04 5.976417703040000492e-04 9.526867518530000032e-04
5.172680801584586879e+04 6.368549319049999758e+04 -3.817761898969999922e-04 3.263052895260000041e-04 1.374239481790000012e-03 1.174449430090000008e-03
5.175025139672005753e+04 6.370973411479999777e+04 -9.723363473310000572e-05 2.160892814529999857e-06 3.498224567600000069e-04 7.773025945619999678e-06
5.177369790475577611e+04 6.373397827259999758e+04 1.163286651720000017e-04 4.134909613730000069e-04 -4.183609107379999883e-04 1.488484802959999910e-03
5.179714754057884420e+04 6.375822566460000235e+04 5.380617221820000167e-04 7.849418310870000465e-04 -1.933603204639999925e-03 2.827525451620000081e-03
5.182060030481503054e+04 6.378247629150000284e+04 2.908128662970000029e-04 4.482461721099999892e-04 -1.045542676820000001e-03 1.613697612479999969e-03
5.184405619809048949e+04 6.380673015380000288e+04 1.466161193090000103e-04 2.705177569370000165e-04 -5.272570881720000258e-04 9.735592116220000147e-04
5.186751521802858042e+04 6.383098725230000127e+04 4.790759994649999962e-04 3.127341141590000203e-04 -1.721811793049999977e-03 1.125576079839999940e-03
5.189097737126112770e+04 6.385524758750000183e+04 4.984530387449999855e-04 3.730717361940000146e-04 -1.791391042760000002e-03 1.342885930399999924e-03
5.191444265541219647e+04 6.387951116020000336e+04 3.542582271619999670e-05 2.562093945460000100e-04 -1.274228983220000125e-04 9.220414767669999744e-04
5.193791107110854500e+04 6.390377797100000316e+04 -5.327003309500000358e-04 1.290433491459999985e-04 1.918026478160000069e-03 4.642924762320000081e-04
5.196138261897717166e+04 6.392804802049999853e+04 -4.851656849500000056e-04 1.078240390900000083e-05 1.746724941750000095e-03 3.878637775370000185e-05
5.198485729964500933e+04 6.395232130930000130e+04 3.860211290879999967e-05 2.936075962750000069e-04 -1.388468815800000052e-04 1.056700544060000004e-03
5.200833511373940564e+04 6.397659783820000303e+04 2.652113907970000180e-04 2.014752051059999990e-05 -9.535430419210000385e-04 7.247572166359999917e-05
5.203181606188775913e+04 6.400087760780000099e+04 -5.324837984519999829e-04 4.119362430219999927e-04 1.917246089219999932e-03 1.482883976020000008e-03
5.205530014171155926e+04 6.402516061869999976e+04 -1.111611840319999978e-03 1.058808374809999935e-03 4.006619533200000104e-03 3.815934645300000060e-03
5.207878735985037201e+04 6.404944687159999739e+04 -6.171974819149999777e-04 6.436138725780000003e-04 2.222602980120000089e-03 2.317841936459999995e-03
5.210227771392650902e+04 6.407373636709999846e+04 -1.558701915200000104e-04 3.923337433960000036e-04 5.608413842899999608e-04 1.412269241170000054e-03
5.212577120456789271e+04 6.409802910580000025e+04 2.269776887260000105e-04 5.053751568229999718e-05 -8.161333787429999893e-04 1.818061504929999932e-04
5.214926783240286022e+04 6.412232508850000158e+04 1.442919718100000009e-03 1.755171086820000005e-03 -5.176935214929999710e-03 6.333579900179999757e-03
5.217276759805985057e+04 6.414662431569999899e+04 7.047003600749999694e-03 8.032944546970000738e-03 -2.503297789430000003e-02 2.932117897760000078e-02
5.219627050216744829e+04 6.417092678819999855e+04 1.697712950409999838e-02 1.815096234490000057e-02 -5.927671253899999965e-02 6.752027570629999531e-02
5.221977654234550573e+04 6.419523250659999758e+04 1.883461140100000167e-02 2.032326517230000074e-02 -6.555400603590000319e-02 7.591528017109999693e-02
5.224328572524038464e+04 6.421954147139999986e+04 9.684015996749999189e-03 1.112435996230000043e-02 -3.424159743940000111e-02 4.083833144289999995e-02
5.226679804847273772e+04 6.424385368349999771e+04 2.401695586740000034e-03 2.984117886009999849e-03 -8.602088479829999440e-03 1.079226454989999986e-02
5.229031351267170248e+04 6.426816914330000145e+04 -2.901026164180000056e-05 1.411118012669999866e-04 1.043589043440000010e-04 5.077252781019999739e-04
5.231383211846677295e+04 6.429248785160000261e+04 -1.018313341769999962e-03 1.228459037649999976e-03 3.669722836069999952e-03 4.428709675260000117e-03
5.233735386648755230e+04 6.431680980909999926e+04 -1.016203314070000070e-03 1.258369555969999923e-03 3.662104932889999852e-03 4.536784857189999839e-03
5.236087875736382557e+04 6.434113501630000246e+04 -8.580723661000000130e-04 9.799709377079999367e-04 3.091364592500000109e-03 3.531303033240000121e-03
5.238440678871377895e+04 6.436546347399999649e+04 -2.714529109649999831e-04 3.115723579800000042e-04 9.769263572170000434e-04 1.121392403119999973e-03
5.240793796719067905e+04 6.438979518269999971e+04 3.829396446240000132e-04 8.720938247770000540e-06 -1.376532879799999970e-03 3.137077352440000250e-05
5.243147229041331593e+04 6.441413014319999638e+04 7.654440705659999820e-04 5.515080614789999837e-04 -2.749612286360000185e-03 1.985812368640000030e-03
5.245500975901220954e+04 6.443846835599999758e+04 1.335954992099999900e-03 1.687191522039999982e-03 -4.794083492540000303e-03 6.087525695090000195e-03
5.247855037361798168e+04 6.446280982190000213e+04 7.774384575900000500e-04 9.135128230459999563e-04 -2.792638167960000140e-03 3.291428160700000070e-03
5.250209413486139965e+04 6.448715454150000005e+04 -8.461377001370000320e-05 2.549701850780000092e-06 3.044124079420000030e-04 9.171631450569999749e-06
5.252564104337343451e+04 6.451150251540000318e+04 1.968825381479999881e-04 2.357642290300000039e-04 -7.079599061149999565e-04 8.484325834499999944e-04
5.254919109978526103e+04 6.453585374430000229e+04 -7.428476237689999510e-05 1.439972275249999905e-04 2.672470827770000146e-04 5.181098343030000539e-04
5.257274430171307176e+04 6.456020822880000196e+04 -5.720853805540000508e-04 7.438929689230000053e-04 2.059981386609999882e-03 2.679460539270000011e-03
5.259630065581790404e+04 6.458456596970000101e+04 -1.892011787279999902e-04 1.276787581220000119e-04 6.808114791469999875e-04 4.593816079290000262e-04
5.261986015971685265e+04 6.460892696750000323e+04 -5.711372068620000132e-05 3.736936062739999991e-04 2.054661451620000022e-04 1.345125881620000061e-03
5.264342281404168898e+04 6.463329122279999865e+04 -4.608597955670000143e-04 4.748511394149999821e-04 1.659144668429999919e-03 1.709558085849999980e-03
5.266698861942438089e+04 6.465765873650000140e+04 -2.807594428299999912e-04 9.269933198139999962e-05 1.010436372279999986e-03 3.335064415570000176e-04
5.269055757649706356e+04 6.468202950899999996e+04 1.796658034439999919e-04 3.760979807290000055e-04 -6.460711196030000450e-04 1.353786389689999939e-03
5.271412968589212687e+04 6.470640354120000120e+04 2.159249415850000072e-04 9.560890036519999538e-05 -7.764069410810000129e-04 3.439760607710000092e-04
5.273770494522408990e+04 6.473078083350000088e+04 2.735265297820000177e-04 8.419906009449999870e-05 -9.834246599240000983e-04 3.029201925759999938e-04
5.276128336116084392e+04 6.475516138669999782e+04 3.442949382589999881e-04 1.891255263519999927e-04 -1.237704728330000104e-03 6.805391630019999973e-04
5.278486493131781754e+04 6.477954520149999735e+04 2.210350066890000081e-04 3.296767513519999779e-04 -7.947740355459999989e-04 1.186591315900000030e-03
5.280844965632798994e+04 6.480393227840000327e+04 -7.606729923279999879e-05 2.351954327899999985e-05 2.736608202419999782e-04 8.460625267360000234e-05
5.283203753682451497e+04 6.482832261809999909e+04 -7.427218952219999978e-05 8.347623105440000351e-05 2.672018445939999950e-04 3.003193037539999893e-04
5.285562857344077202e+04 6.485271622139999818e+04 -1.566106220710000038e-05 3.085995756310000119e-06 5.633634300250000312e-05 1.110076577259999962e-05
5.287922276681011135e+04 6.487711308879999706e+04 -4.114583134650000133e-04 4.722143619450000019e-04 1.481162255209999895e-03 1.700057091239999974e-03
5.290282011756626162e+04 6.490151322100000107e+04 -2.955791424030000062e-04 4.161359372419999787e-04 1.063799959780000089e-03 1.498013322480000031e-03
5.292642062332203932e+04 6.492591661860000022e+04 3.624663222579999977e-04 3.191886915140000136e-04 -1.302986435929999898e-03 1.148820402369999999e-03
5.295002429075305554e+04 6.495032328240000061e+04 8.863501716409999658e-04 1.046277684049999991e-03 -3.183238087330000129e-03 3.770688912059999912e-03
5.297363111747287621e+04 6.497473321289999876e+04 1.070652040649999921e-03 9.434975584480000382e-04 -3.843869193249999962e-03 3.399648370980000098e-03
5.299724110411583388e+04 6.499914641090000077e+04 5.074752261860000129e-04 1.679248568639999880e-04 -1.823786344089999966e-03 6.042287571449999652e-04
5.302085425131650118e+04 6.502356287690000318e+04 -3.977878077419999732e-05 3.990297420040000222e-05 1.430993777030000001e-04 1.435461806790000114e-04
5.304447055970942893e+04 6.504798261169999751e+04 -3.422306035650000164e-04 4.460006308340000127e-05 1.231803695319999992e-03 1.604447521659999867e-04
5.306809002992950991e+04 6.507240561580000212e+04 -4.082201630809999759e-04 5.009600604769999825e-04 1.469497034889999908e-03 1.803640187530000010e-03
5.309171265958793083e+04 6.509683189000000129e+04 2.184233308069999900e-04 7.408001447640000041e-05 -7.853869374790000335e-04 2.665103829540000214e-04
5.311533845536715671e+04 6.512126143500000035e+04 2.801353111860000237e-04 5.681187929920000247e-05 -1.007173605829999978e-03 2.043801622570000094e-04
5.313896741487911640e+04 6.514569425120000233e+04 -8.643511682749999375e-05 3.557360936789999927e-04 3.109660313550000076e-04 1.280445657020000102e-03
5.316259953875938663e+04 6.517013033949999954e+04 -3.404568269619999708e-05 1.005675505140000015e-04 1.224739841510000108e-04 3.618192275099999747e-04
5.318623482764352957e+04 6.519456970049999654e+04 -2.464890712869999756e-04 2.234208069469999962e-04 8.870446433629999459e-04 8.039950848839999510e-04
5.320987328216748574e+04 6.521901233479999792e+04 -7.538357749580000154e-04 4.320491576619999883e-04 2.715322632359999915e-03 1.555342579080000020e-03
5.323351490296729753e+04 6.524345824310000171e+04 -1.026641344649999957e-03 9.977204698840000992e-04 3.699790268250000014e-03 3.595378186559999856e-03
5.325715969067916740e+04 6.526790742609999870e+04 -1.083021750670000102e-03 8.553254251210000219e-04 3.903369939029999874e-03 3.081452965669999843e-03
5.328080764291237574e+04 6.529235988429999998e+04 -1.080951071340000014e-03 4.268743718460000017e-04 3.895892349169999963e-03 1.536699441200000023e-03
5.330445876635725290e+04 6.531681561859999783e+04 -9.971180697899999137e-04 3.859803299599999841e-04 3.593203477239999798e-03 1.389383199079999992e-03
5.332811305862390145e+04 6.534127462940000260e+04 -6.274652550930000109e-04 1.921372295180000039e-04 2.259620283029999989e-03 6.913800614960000351e-04
5.335177052034907683e+04 6.536573691759999929e+04 -1.104699331340000036e-04 2.967295894720000117e-05 3.974528341070000109e-04 1.067429592269999972e-04
5.337543115216989827e+04 6.539020248359999823e+04 4.400611578600000152e-05 5.056978608800000109e-05 -1.582828531340000093e-04 1.819222522020000040e-04
5.339909495472360140e+04 6.541467132829999900e+04 1.730365183900000085e-04 1.090058274080000020e-04 -6.222398879909999759e-04 3.921841870000000231e-04
5.342276192864758923e+04 6.543914345229999890e+04 2.363765961490000124e-04 3.162344418600000133e-04 -8.499142462580000024e-04 1.138181446349999975e-03
5.344643207154951233e+04 6.546361885610000172e+04 -1.034879096549999939e-05 2.072323360930000127e-04 3.722655968219999842e-05 7.457180364830000296e-04
5.347010539012662775e+04 6.548809754059999977e+04 2.898856182580000058e-04 2.779312664139999976e-04 -1.042210732180000017e-03 1.000252843010000000e-03
5.349378188198718999e+04 6.551257950620000338e+04 4.570680321189999869e-04 9.861668555979999102e-04 -1.642779510480000095e-03 3.553669600749999845e-03
5.351746154776935145e+04 6.553706475380000484e+04 -2.158806019000000017e-04 6.017959575100000199e-04 7.768505980000000406e-04 2.167080082879999786e-03
5.354114438811136642e+04 6.556155328399999416e+04 -5.269387038419999980e-04 4.430216349620000110e-04 1.897261626609999911e-03 1.594874139359999917e-03
5.356483040365167835e+04 6.558604509729999700e+04 -2.329770359209999957e-04 3.403739782180000267e-04 8.383982494150000108e-04 1.225116977560000014e-03
5.358851959502886893e+04 6.561054019450000487e+04 -1.177512967839999954e-04 2.812816281509999982e-04 4.236555451089999802e-04 1.012316637439999957e-03
5.361221196288171632e+04 6.563503857629999402e+04 -8.056679507720000124e-05 9.790647989550000079e-05 2.898506180179999739e-04 3.522436128560000202e-04
5.363590750481604482e+04 6.565954024329999811e+04 2.773177984640000111e-04 8.145268298509999972e-05 -9.970488192280000522e-04 2.930381940339999900e-04
5.365960622753680218e+04 6.568404519610000716e+04 3.773519420060000048e-04 4.570736463850000050e-06 -1.356460677450000048e-03 1.644163323439999894e-05
5.368330812865054031e+04 6.570855343549999816e+04 2.373615279789999906e-04 1.581323663920000016e-04 -8.534541503459999907e-04 5.689833021440000426e-04
5.370701320879673585e+04 6.573306496200000402e+04 2.336644683960000099e-04 3.311722254889999965e-04 -8.401666316429999950e-04 1.191977120710000036e-03
5.373072146861500369e+04 6.575757977640000172e+04 2.113611262759999897e-04 2.070536973109999960e-04 -7.600029457199999981e-04 7.450749717740000029e-04
5.375443290874515515e+04 6.578209787929999584e+04 2.781332877930000041e-04 1.615592321300000119e-04 -9.999793064879999253e-04 5.813172491489999654e-04
5.377814752982722712e+04 6.580661927130000549e+04 7.141928654160000607e-05 1.394028343670000020e-04 -2.568709142649999960e-04 5.015748121049999663e-04
5.380186532946518128e+04 6.583114395319999312e+04 -2.863942645489999848e-04 2.076843698820000006e-04 1.030726212019999902e-03 7.473452716350000372e-04
5.382558631437106669e+04 6.585567192560000694e+04 -3.733568883040000132e-05 5.783434900740000195e-05 1.343100581500000128e-04 2.080588693910000067e-04
5.384931048214973998e+04 6.588020318909999332e+04 -2.209054364359999971e-04 2.150604687730000089e-04 7.949397529690000169e-04 7.738981905070000094e-04
5.387303783344186377e+04 6.590473774450000201e+04 -6.490751402450000091e-04 7.343183616709999780e-04 2.337532564510000181e-03 2.644927695119999797e-03
5.389676836888826801e+04 6.592927559229999315e+04 8.982043073050000449e-05 2.372901235389999932e-04 -3.230428905959999977e-04 8.539260865870000172e-04
5.392050208912995004e+04 6.595381673320000118e+04 1.033204491249999904e-03 1.507626579360000054e-03 -3.709673562740000135e-03 5.437875674170000208e-03
5.394423899480815453e+04 6.597836116800000309e+04 1.210235175680000105e-03 1.647387004130000101e-03 -4.343915464330000073e-03 5.943480070260000192e-03
5.396797908656410436e+04 6.600290889730000345e+04 8.239551098090000221e-04 8.321739251989999486e-04 -2.959483706239999807e-03 2.997920662470000136e-03
5.399172236200006591e+04 6.602745992160000606e+04 3.919726004819999872e-04 1.515451044339999949e-04 -1.408980303930000089e-03 5.452749102899999509e-04
5.401546882783592446e+04 6.605201424180000322e+04 5.139411950950000283e-05 2.925714913359999837e-05 -1.848538469620000053e-04 1.052470819260000048e-04
5.403921848167465214e+04 6.607657185839999875e+04 -6.810299237259999480e-05 2.280145636500000082e-04 2.450048039329999787e-04 8.205328171209999967e-04
5.406297132415829401e+04 6.610113277219999873e+04 2.871226752180000086e-04 6.368066993750000663e-05 -1.032282391629999949e-03 2.290933979370000126e-04
5.408672735592912068e+04 6.612569698370000697e+04 4.159825039100000063e-04 8.134502507139999481e-05 -1.495221541040000048e-03 2.926508219289999978e-04
5.411048657762937364e+04 6.615026449370000046e+04 1.541824603919999908e-04 1.536810352830000133e-04 -5.544594258369999785e-04 5.529623349330000043e-04
5.413424898990166548e+04 6.617483530279999832e+04 9.023090387930000184e-05 1.142884976720000062e-04 -3.245189347219999817e-04 4.111942326179999834e-04
5.415801459034658910e+04 6.619940941170000588e+04 3.788588946920000216e-05 2.338981441429999965e-06 -1.362708926470000128e-04 8.413637701850000604e-06
5.418178338569092739e+04 6.622398682099999860e+04 3.323632990940000170e-04 4.317578556279999972e-06 -1.194837333080000022e-03 1.553097872109999926e-05
5.420555537353600084e+04 6.624856753139999637e+04 6.755146314390000429e-04 1.754496056600000106e-04 -2.426961291660000020e-03 6.313129254990000041e-04
5.422933055452505505e+04 6.627315154360000452e+04 2.826471463780000186e-04 1.039611264400000068e-04 -1.016199847870000086e-03 3.740308272840000073e-04
5.425310892930158298e+04 6.629773885829999927e+04 4.807033838010000095e-05 3.416598754059999845e-04 -1.728999382030000026e-04 1.229748188020000086e-03
5.427689049850903393e+04 6.632232947599999898e+04 -1.307045604340000033e-04 1.490375811850000042e-04 4.702708493329999895e-04 5.362501635609999732e-04
5.430067526279124286e+04 6.634692339759999595e+04 -6.369653856380000194e-04 4.097549944479999878e-04 2.293871306649999942e-03 1.475026145339999959e-03
5.432446322279212472e+04 6.637152062349999323e+04 -6.325240829029999800e-04 5.102627829530000016e-04 2.277858836990000104e-03 1.837164189670000046e-03
5.434825437611038797e+04 6.639612115459999768e+04 -3.225179389119999895e-04 2.702312876429999899e-05 1.160809950160000001e-03 9.721022391289999378e-05
5.437204872948073171e+04 6.642072499139999854e+04 -0.000000000000000000e+00 0.000000000000000000e+00 -0.000000000000000000e+00 -0.000000000000000000e+00
5.439584628050268657e+04 6.644533213470000192e+04 -0.000000000000000000e+00 0.000000000000000000e+00 -0.000000000000000000e+00 -0.000000000000000000e+00
5.441964702982072049e+04 6.646994258509999781e+04 -0.000000000000000000e+00 0.000000000000000000e+00 -0.000000000000000000e+00 -0.000000000000000000e+00
5.444345097807971615e+04 6.649455634320000536e+04 -0.000000000000000000e+00 0.000000000000000000e+00 -0.000000000000000000e+00 -0.000000000000000000e+00
5.446725812592463626e+04 6.651917340980000154e+04 -0.000000000000000000e+00 0.000000000000000000e+00 -0.000000000000000000e+00 -0.000000000000000000e+00
5.449106847400063998e+04 6.654379378550000547e+04 -0.000000000000000000e+00 0.000000000000000000e+00 -0.000000000000000000e+00 -0.000000000000000000e+00
5.451488201990476227e+04 6.656841747090000717e+04 -0.000000000000000000e+00 0.000000000000000000e+00 -0.000000000000000000e+00 -0.000000000000000000e+00
5.453869877037865081e+04 6.659304446679999819e+04 -0.000000000000000000e+00 0.000000000000000000e+00 -0.000000000000000000e+00 -0.000000000000000000e+00
5.456251872302017728e+04 6.661767477379999764e+04 -0.000000000000000000e+00 0.000000000000000000e+00 -0.000000000000000000e+00 -0.000000000000000000e+00
5.458634187847503199e+04 6.664230839249999553e+04 -0.000000000000000000e+00 0.000000000000000000e+00 -0.000000000000000000e+00 -0.000000000000000000e+00
5.461016823738931271e+04 6.666694532379999873e+04 -0.000000000000000000e+00 0.000000000000000000e+00 -0.000000000000000000e+00 -0.000000000000000000e+00
5.463399780040919723e+04 6.669158556809999573e+04 -0.000000000000000000e+00 0.000000000000000000e+00 -0.000000000000000000e+00 -0.000000000000000000e+00
5.465783056818105979e+04 6.671622912620000716e+04 -0.000000000000000000e+00 0.000000000000000000e+00 -0.000000000000000000e+00 -0.000000000000000000e+00
5.468166654135142016e+04 6.674087599869999394e+04 -0.000000000000000000e+00 0.000000000000000000e+00 -0.000000000000000000e+00 -0.000000000000000000e+00
5.470550571751552343e+04 6.676552618630000507e+04 -0.000000000000000000e+00 0.000000000000000000e+00 -0.000000000000000000e+00 -0.000000000000000000e+00
5.472934810342279525e+04 6.679017968980000296e+04 -0.000000000000000000e+00 0.000000000000000000e+00 -0.000000000000000000e+00 -0.000000000000000000e+00
5.475319369666923740e+04 6.681483650970000599e+04 -0.000000000000000000e+00 0.000000000000000000e+00 -0.000000000000000000e+00 -0.000000000000000000e+00
5.477704249790207541e+04 6.683949664670000493e+04 -0.000000000000000000e+00 0.000000000000000000e+00 -0.000000000000000000e+00 -0.000000000000000000e+00
5.480089450776871672e+04 6.686416010150000511e+04 -0.000000000000000000e+00 0.000000000000000000e+00 -0.000000000000000000e+00 -0.000000000000000000e+00
5.482474972691674338e+04 6.688882687479999731e+04 -0.000000000000000000e+00 0.000000000000000000e+00 -0.000000000000000000e+00 -0.000000000000000000e+00
5.484860815599397756e+04 6.691349696709999989e+04 -0.000000000000000000e+00 0.000000000000000000e+00 -0.000000000000000000e+00 -0.000000000000000000e+00
5.487246979259376531e+04 6.693817037930000515e+04 -0.000000000000000000e+00 0.000000000000000000e+00 -0.000000000000000000e+00 -0.000000000000000000e+00
5.489633464347275731e+04 6.696284711200000311e+04 -0.000000000000000000e+00 0.000000000000000000e+00 -0.000000000000000000e+00 -0.000000000000000000e+00
5.492020270622520911e+04 6.698752716579999833e+04 -0.000000000000000000e+00 0.000000000000000000e+00 -0.000000000000000000e+00 -0.000000000000000000e+00
5.494407398149956134e+04 6.701221054139999615e+04 -0.000000000000000000e+00 0.000000000000000000e+00 -0.000000000000000000e+00 -0.000000000000000000e+00
5.496794846994444379e+04 6.703689723950000189e+04 -0.000000000000000000e+00 0.000000000000000000e+00 -0.000000000000000000e+00 -0.000000000000000000e+00
5.499182617220866086e+04 6.706158726080000633e+04 -0.000000000000000000e+00 0.000000000000000000e+00 -0.000000000000000000e+00 -0.000000000000000000e+00
5.501570708894127165e+04 6.708628060589999950e+04 -0.000000000000000000e+00 0.000000000000000000e+00 -0.000000000000000000e+00 -0.000000000000000000e+00
5.503959122079126246e+04 6.711097727540000051e+04 -0.000000000000000000e+00 0.000000000000000000e+00 -0.000000000000000000e+00 -0.000000000000000000e+00
5.506347856535031315e+04 6.713567727020000166e+04 -0.000000000000000000e+00 0.000000000000000000e+00 -0.000000000000000000e+00 -0.000000000000000000e+00
5.508736912938297610e+04 6.716038059080000676e+04 -0.000000000000000000e+00 0.000000000000000000e+00 -0.000000000000000000e+00 -0.000000000000000000e+00
5.511126291048160783e+04 6.718508723790000658e+04 -0.000000000000000000e+00 0.000000000000000000e+00 -0.000000000000000000e+00 -0.000000000000000000e+00
5.513515990929606778e+04 6.720979721210000571e+04 -0.000000000000000000e+00 0.000000000000000000e+00 -0.000000000000000000e+00 -0.000000000000000000e+00
5.515906012647643365e+04 6.723451051429999643e+04 -0.000000000000000000e+00 0.000000000000000000e+00 -0.000000000000000000e+00 -0.000000000000000000e+00
5.518296356267278315e+04 6.725922714489999635e+04 -0.000000000000000000e+00 0.000000000000000000e+00 -0.000000000000000000e+00 -0.000000000000000000e+00
