2.734930999720546606e+04 6.192459606039999926e+04 1.476222532800000045e-04 2.276900149539999899e-04 -2.558117371449999825e-04 3.946879569550000078e-04
2.737102189972775523e+04 6.194860267179999937e+04 5.222843028600000206e-04 4.789892593490000303e-06 -9.047626807900000390e-04 8.301408102200000364e-06
2.739273668441334303e+04 6.197261246989999927e+04 7.237864192579999793e-04 1.285106258589999888e-04 -1.253609776739999940e-03 2.227468614550000107e-04
2.741445435183617155e+04 6.199662545539999701e+04 6.490948144350000342e-04 5.490475927210000109e-05 -1.124315405820000080e-03 9.516008957439999795e-05
2.743617489978995218e+04 6.202064162899999792e+04 3.360865521239999828e-04 5.999039829450000176e-05 -5.823027895190000186e-04 1.039748996469999946e-04
2.745789833440935035e+04 6.204466099129999930e+04 2.739939372990000152e-05 2.250581565230000045e-04 -4.748482358280000227e-05 3.901248869520000120e-04
2.747962465348862679e+04 6.206868354289999843e+04 3.913539985660000075e-04 4.470294866629999841e-04 -6.780265846640000241e-04 7.750480826920000269e-04
2.750135385760238205e+04 6.209270928439999989e+04 5.932998028579999569e-04 2.891896089149999910e-04 -1.027720938929999918e-03 5.013208030419999536e-04
2.752308594732531856e+04 6.211673821660000249e+04 2.011014730670000132e-04 6.951340957369999817e-05 -3.484686937919999773e-04 1.204811043049999948e-04
2.754482092323227698e+04 6.214077033990000200e+04 2.489621983840000158e-04 4.222163008669999854e-04 -4.313838875290000271e-04 7.320118776320000279e-04
2.756655878589825443e+04 6.216480565509999724e+04 2.060518309010000049e-04 1.748889215189999933e-04 -3.570451441710000159e-04 3.031463281210000030e-04
2.758829953589846627e+04 6.218884416280000005e+04 -1.730515359669999962e-04 6.799685045110000128e-04 2.999609906749999824e-04 1.179149871199999941e-03
2.761004317102477216e+04 6.221288586360000045e+04 2.049081231230000060e-04 5.293198301999999921e-04 -3.550636872779999991e-04 9.177864274400000322e-04
2.763178969741895708e+04 6.223693075819999649e+04 2.791660663209999784e-04 3.619916441300000103e-06 -4.837063337369999837e-04 6.273705019879999745e-06
2.765353911287368828e+04 6.226097884720000002e+04 -5.208605434749999721e-04 1.539265665230000102e-04 9.031122645560000139e-04 2.668060688170000245e-04
2.767529141796471959e+04 6.228503013130000181e+04 -9.167775278910000316e-04 5.938501993899999954e-04 1.590132790420000029e-03 1.029733111729999942e-03
2.769704661326797213e+04 6.230908461099999840e+04 -9.683322859930000321e-04 7.138361739150000506e-04 1.679628653329999976e-03 1.237916984459999994e-03
2.771880469935951623e+04 6.233314228700000240e+04 -1.119719585400000099e-03 1.474620000670000134e-04 1.942473917719999936e-03 2.555993872940000018e-04
2.774056567681563683e+04 6.235720315999999730e+04 -1.038984511980000020e-03 5.825436589369999885e-06 1.802289547109999987e-03 1.009612824369999973e-05
2.776232954342666198e+04 6.238126723050000146e+04 -7.574329501949999882e-04 3.829624564209999906e-04 1.313571109400000049e-03 6.639334510939999502e-04
2.778409630534064127e+04 6.240533449929999915e+04 -6.478524301200000316e-04 4.059104634689999895e-04 1.123425312250000106e-03 7.037318999859999789e-04
2.780586596034872127e+04 6.242940496700000222e+04 -2.478692331349999743e-04 4.186472360689999788e-04 4.296750234969999951e-04 7.258218129919999763e-04
2.782763850902772901e+04 6.245347863409999991e+04 6.757118389939999886e-04 1.156662298650000054e-03 -1.170392533939999986e-03 2.006625963719999798e-03
2.784941395195465520e+04 6.247755550139999832e+04 1.196286058980000101e-03 1.167242719919999892e-03 -2.071139772620000149e-03 2.024999916800000049e-03
2.787119228970670520e+04 6.250163556950000202e+04 1.063192961740000051e-03 9.531330927430000169e-04 -1.840926571779999974e-03 1.653242963820000019e-03
2.789297352286104797e+04 6.252571883890000026e+04 9.833471849560000352e-04 5.393474636779999921e-04 -1.702790650539999940e-03 9.351814503589999739e-04
2.791475765199519083e+04 6.254980531049999991e+04 1.033221138640000054e-03 1.549867057140000108e-04 -1.789076531009999981e-03 2.686438904020000112e-04
2.793654467489786111e+04 6.257389498469999671e+04 5.598988500419999764e-04 1.579753023419999919e-04 -9.698914616570000237e-04 2.738248390109999843e-04
2.795833459772420247e+04 6.259798786220000329e+04 -5.159801803529999800e-04 9.757642101250000319e-04 8.946464899430000423e-04 1.692530673289999957e-03
2.798012741826360798e+04 6.262208394379999663e+04 -1.347815967159999911e-03 1.996182074969999817e-03 2.338635366549999921e-03 3.465585863170000079e-03
2.800192313709415248e+04 6.264618322990000161e+04 -1.544685685079999959e-03 1.482303884689999997e-03 2.680688076860000216e-03 2.572289704559999925e-03
2.802372175479410726e+04 6.267028572130000248e+04 -1.254741684529999931e-03 5.794962711639999823e-04 2.176963506929999789e-03 1.004830966759999921e-03
2.804552327194172176e+04 6.269439141850000306e+04 -6.009646458549999619e-04 3.414439554859999759e-04 1.042075954319999923e-03 5.919324459859999586e-04
2.806732768911558014e+04 6.271850032230000215e+04 -6.898815627209999414e-05 6.371160810349999620e-04 1.195706773560000066e-04 1.104797379420000003e-03
2.808913500410288907e+04 6.274261243329999706e+04 -1.366506476190000000e-04 5.425601570489999807e-04 2.368575938119999911e-04 9.407546014659999697e-04
2.811094522306505314e+04 6.276672775199999887e+04 -6.885027978569999933e-04 7.021118171979999706e-04 1.193958234729999932e-03 1.217572512930000005e-03
2.813275834378995933e+04 6.279084627929999988e+04 -1.104128081350000097e-03 1.744059581939999938e-03 1.915400073520000029e-03 3.027210973960000120e-03
2.815457436685681751e+04 6.281496801560000313e+04 -6.307716830629999565e-04 1.552617145100000000e-03 1.093789795090000091e-03 2.694471101340000126e-03
2.817639329284478663e+04 6.283909296159999940e+04 -1.806774234860000024e-04 6.440907604590000461e-05 3.131814859190000196e-04 1.116337456259999957e-04
2.819821512233337853e+04 6.286322111800000130e+04 -7.236431119959999816e-04 5.211589719999999920e-04 1.254934608940000071e-03 9.036299391470000537e-04
2.822003985590219963e+04 6.288735248539999884e+04 -7.612517219969999532e-04 1.028813542429999955e-03 1.320198152719999915e-03 1.784630574590000086e-03
2.824186749413101279e+04 6.291148706439999660e+04 2.268353273389999940e-05 7.189344557300000275e-04 -3.931210895689999957e-05 1.246763812110000032e-03
2.826369803480527116e+04 6.293562485580000066e+04 5.371145671230000314e-04 4.193610145089999605e-06 -9.304414714709999951e-04 7.267981602509999898e-06
2.828553148409357163e+04 6.295976586010000028e+04 7.474845624529999474e-04 6.314061124120000021e-04 -1.294628785679999934e-03 1.094890529939999925e-03
2.830736783978212043e+04 6.298391007790000003e+04 8.187876082960000163e-04 1.008039146499999919e-03 -1.418036759159999960e-03 1.748562761170000023e-03
2.832920710245116425e+04 6.300805750999999873e+04 4.922269145030000329e-04 8.416801836990000542e-04 -8.527159089570000372e-04 1.459782787329999987e-03
2.835104927268129541e+04 6.303220815690000018e+04 1.908856502269999959e-04 8.047138649579999503e-04 -3.307696401699999813e-04 1.395624843859999929e-03
2.837289435105320081e+04 6.305636201930000243e+04 7.403196068480000442e-04 1.078359656019999913e-03 -1.282227173859999897e-03 1.870656136110000062e-03
2.839474233814771651e+04 6.308051909790000354e+04 1.035191002300000010e-03 1.115620167809999947e-03 -1.792484397939999967e-03 1.935355419059999957e-03
2.841659323174878227e+04 6.310467939330000081e+04 7.200916297729999856e-04 8.568197773719999797e-04 -1.247214330709999928e-03 1.486059926899999974e-03
2.843844703803135417e+04 6.312884290609999880e+04 5.565539468080000531e-04 5.967205017609999562e-04 -9.641000053479999990e-04 1.034712776710000051e-03
2.846030375477991038e+04 6.315300963690000208e+04 3.176383324899999797e-05 1.008675255899999976e-04 -5.504845577480000035e-05 1.748290175610000066e-04
2.848216338257598181e+04 6.317717958650000219e+04 -3.914639528380000049e-04 5.467209736009999476e-04 6.786773079970000091e-04 9.479725351429999511e-04
2.850402592200117579e+04 6.320135275540000293e+04 -1.899341586980000007e-04 2.501495700660000135e-04 3.292295084539999879e-04 4.336287868500000083e-04
2.852589137363727059e+04 6.322552914430000237e+04 -1.171719304690000024e-05 3.033585553869999987e-04 2.030729986069999848e-05 5.258896515440000460e-04
2.854775973806617549e+04 6.324970875389999856e+04 -1.888727565529999930e-04 1.789899976379999923e-04 3.273893859749999868e-04 3.102560926209999730e-04
2.856963101586997800e+04 6.327389158470000257e+04 -1.994049234779999929e-04 6.220148903839999802e-04 3.456488518280000045e-04 1.078596884489999930e-03
2.859150520483093715e+04 6.329807763749999867e+04 2.486479643269999865e-04 2.002117024900000066e-04 -4.308395225090000153e-04 3.470475667100000124e-04
2.861338231113101210e+04 6.332226691289999872e+04 3.243659448340000082e-04 1.296656248319999960e-03 -5.620013974260000024e-04 2.249766693679999992e-03
2.863526233255313855e+04 6.334645941149999999e+04 1.610722538319999937e-04 1.256523104089999916e-03 -2.791157295969999758e-04 2.180057622400000030e-03
2.865714526968001883e+04 6.337065513389999978e+04 3.199382335879999884e-04 1.645951852950000007e-03 -5.543320030840000060e-04 2.856679290400000043e-03
2.867903112309451535e+04 6.339485408080000343e+04 5.900402320550000076e-04 1.619725263290000073e-03 -1.022077556290000100e-03 2.811096936359999861e-03
2.870091989337962877e+04 6.341905625290000171e+04 1.109209260900000061e-03 1.211134441400000096e-03 -1.920527674690000047e-03 2.101225858769999958e-03
2.872281158111859258e+04 6.344326165079999919e+04 1.502591068859999903e-03 1.208153590099999902e-03 -2.600759059169999859e-03 2.096048885469999935e-03
2.874470618409194140e+04 6.346747027520000120e+04 1.320839044639999897e-03 1.616579667340000033e-03 -2.286533013980000199e-03 2.805629965219999869e-03
2.876660370848814637e+04 6.349168212659999699e+04 1.168539165519999956e-03 2.793377922450000165e-03 -2.023149911870000209e-03 4.852966185529999574e-03
2.878850415208856066e+04 6.351589720569999918e+04 1.499820966270000010e-03 3.438708539620000115e-03 -2.595970646370000020e-03 5.977463006800000367e-03
2.881040751547697437e+04 6.354011551329999929e+04 1.797066302969999941e-03 3.184345208609999818e-03 -3.109659651330000212e-03 5.534080671110000287e-03
2.883231379923731947e+04 6.356433704980000039e+04 1.696313032880000012e-03 3.234697871979999844e-03 -2.935570931439999975e-03 5.621835113359999712e-03
2.885422300395370621e+04 6.358856181600000127e+04 1.936409622429999949e-03 3.919602416319999637e-03 -3.350377092830000066e-03 6.816249716720000108e-03
2.887613513021044855e+04 6.361278981260000000e+04 2.618458587679999873e-03 4.825230624040000027e-03 -4.527790546009999653e-03 8.397780929339999575e-03
2.889805017859182408e+04 6.363702104010000039e+04 2.933028852570000126e-03 5.644991052429999823e-03 -5.070362869910000070e-03 9.831518090110000219e-03
2.891996814687682854e+04 6.366125549920000049e+04 2.806780161339999993e-03 5.889401355379999571e-03 -4.852643876819999653e-03 1.025938271040000016e-02
2.894188904126108173e+04 6.368549319049999758e+04 2.883181907239999991e-03 5.345366694839999606e-03 -4.984406241779999920e-03 9.307245409680000442e-03
2.896381285952420149e+04 6.370973411479999777e+04 3.363495692609999935e-03 4.370983785370000096e-03 -5.812357438860000190e-03 7.604200635089999882e-03
2.898573960225121846e+04 6.373397827259999758e+04 3.503187559550000139e-03 3.944156877930000277e-03 -6.053025673420000391e-03 6.859097086409999579e-03
2.900766927002738885e+04 6.375822566460000235e+04 3.390408586710000165e-03 3.977882499300000076e-03 -5.858728842829999915e-03 6.917951060629999593e-03
2.902960186343792520e+04 6.378247629150000284e+04 3.407190088179999805e-03 4.195486628999999662e-03 -5.887642585400000399e-03 7.297771404220000126e-03
2.905153738306839659e+04 6.380673015380000288e+04 3.000299446280000042e-03 3.679524664789999948e-03 -5.186353318929999914e-03 6.397412361099999618e-03
2.907347582669620169e+04 6.383098725230000127e+04 2.421346725899999833e-03 3.036315965679999875e-03 -4.187660961550000380e-03 5.276140422940000206e-03
2.909541720052329765e+04 6.385524758750000183e+04 2.473540604110000072e-03 3.528506372160000130e-03 -4.277736220009999667e-03 6.134037141209999593e-03
2.911736150232777436e+04 6.387951116020000336e+04 2.856317209079999985e-03 3.772792404660000026e-03 -4.938077392619999798e-03 6.560105533780000338e-03
2.913930873269575386e+04 6.390377797100000316e+04 2.570169512179999987e-03 2.739658910460000211e-03 -4.444475243650000164e-03 4.759417108800000420e-03
2.916125889221359103e+04 6.392804802049999853e+04 2.136139897629999850e-03 2.574817255419999899e-03 -3.695312783189999908e-03 4.472407909589999966e-03
2.918321198146758979e+04 6.395232130930000130e+04 2.335383556780000047e-03 2.308690517429999849e-03 -4.039289578630000412e-03 4.009222941749999818e-03
2.920516800104441427e+04 6.397659783820000303e+04 2.282960107549999833e-03 1.755166254079999939e-03 -3.948796536540000006e-03 3.046518517920000085e-03
2.922712695153081950e+04 6.400087760780000099e+04 2.279866952450000130e-03 2.824004204089999859e-03 -3.943456894990000211e-03 4.906304299790000337e-03
2.924908883070245429e+04 6.402516061869999976e+04 2.983833895999999861e-03 5.032595558439999922e-03 -5.157964050810000430e-03 8.760261994050000389e-03
2.927105364476852628e+04 6.404944687159999739e+04 3.689252771440000057e-03 5.933693417590000206e-03 -6.373498330700000380e-03 1.033693998200000026e-02
2.929302139150544463e+04 6.407373636709999846e+04 5.137354135510000148e-03 8.341905067869999704e-03 -8.864157048120000285e-03 1.456290062840000059e-02
2.931499207150045549e+04 6.409802910580000025e+04 6.572527810930000117e-03 1.113231396200000008e-02 -1.132647537069999925e-02 1.948198588430000155e-02
2.933696568534116523e+04 6.412232508850000158e+04 5.726206116380000433e-03 1.012817345590000077e-02 -9.875180229059999162e-03 1.770904381249999854e-02
2.935894223361526383e+04 6.414662431569999899e+04 4.106190986930000411e-03 7.613302543150000413e-03 -7.091246425919999624e-03 1.328245432409999940e-02
2.938092171691060139e+04 6.417092678819999855e+04 3.524104831739999916e-03 6.441088314540000144e-03 -6.089058025690000098e-03 1.122583928490000077e-02
2.940290413300130240e+04 6.419523250659999758e+04 3.400500863789999908e-03 5.733203746250000246e-03 -5.876117464669999672e-03 9.985922099549999695e-03
2.942488948810293004e+04 6.421954147139999986e+04 2.992325928060000050e-03 4.452895276609999779e-03 -5.172605786319999822e-03 7.747255471609999951e-03
2.944687777999036189e+04 6.424385368349999771e+04 2.394154667850000029e-03 2.889035970049999829e-03 -4.140730180910000106e-03 5.019571746540000406e-03
2.946886900925194277e+04 6.426816914330000145e+04 1.677360385659999948e-03 1.897401732119999990e-03 -2.902819802459999984e-03 3.293809857580000042e-03
2.949086317647638134e+04 6.429248785160000261e+04 1.010858570230000050e-03 1.302033966070000005e-03 -1.750388441490000014e-03 2.259107863789999813e-03
2.951286028225245900e+04 6.431680980909999926e+04 9.556414443069999581e-04 1.437445097420000104e-03 -1.654854313190000066e-03 2.494347637090000170e-03
2.953486032716913905e+04 6.434113501630000246e+04 8.381778025070000431e-04 1.101033922859999967e-03 -1.451593765770000082e-03 1.910027313740000031e-03
2.955686330899900713e+04 6.436546347399999649e+04 2.874836791310000244e-04 1.637809441140000125e-04 -4.981145323670000064e-04 2.838894160350000214e-04
2.957886923396405837e+04 6.438979518269999971e+04 2.424833364779999925e-04 1.741051114990000022e-04 -4.201601371399999742e-04 3.017874942679999849e-04
2.960087809983743864e+04 6.441413014319999638e+04 4.599503299690000258e-04 2.887115991489999796e-04 -7.968234050450000334e-04 5.004919481640000486e-04
2.962288990720879519e+04 6.443846835599999758e+04 2.740559284579999807e-04 1.645094688840000063e-04 -4.748541859700000103e-04 2.851523832440000083e-04
2.964490465666787350e+04 6.446280982190000213e+04 2.161075972250000004e-04 3.090437993670000174e-05 -3.744664423379999983e-04 5.356188490900000318e-05
2.966692234880456090e+04 6.448715454150000005e+04 2.478935348340000110e-04 4.375019123280000097e-05 -4.295325814040000241e-04 7.582642974719999978e-05
2.968894298420891937e+04 6.451150251540000318e+04 -7.728888886049999703e-05 3.795615450859999847e-04 1.339585194599999922e-04 6.580354267829999562e-04
2.971096656347122189e+04 6.453585374430000229e+04 -1.281915028809999912e-04 6.644128205529999717e-04 2.221936656479999957e-04 1.152158836399999955e-03
2.973299308436217689e+04 6.456020822880000196e+04 2.111230860459999874e-04 7.579330710940000129e-05 -3.658309717839999895e-04 1.313661794749999953e-04
2.975502255311105910e+04 6.458456596970000101e+04 4.864074871880000187e-04 4.964627644019999541e-04 -8.426387921310000539e-04 8.607911099200000419e-04
2.977705496748941005e+04 6.460892696750000323e+04 5.402504466470000244e-04 1.610562280359999925e-04 -9.358712021870000102e-04 2.791658748409999911e-04
2.979909032808806296e+04 6.463329122279999865e+04 3.359101829119999732e-04 8.127878201370000158e-04 -5.819973015310000433e-04 1.409637474540000003e-03
2.982112863549802205e+04 6.465765873650000140e+04 2.192481188099999908e-04 3.478670984570000077e-04 -3.799072347900000167e-04 6.030710628939999580e-04
2.984316989031045523e+04 6.468202950899999996e+04 8.351248834510000408e-05 7.169339602620000175e-04 -1.447252085090000042e-04 1.243292429629999987e-03
2.986521409311673415e+04 6.470640354120000120e+04 -1.626016164660000029e-04 3.606345287509999916e-04 2.818449423989999899e-04 6.252119185459999780e-04
2.988726124168603928e+04 6.473078083350000088e+04 -3.855025279339999796e-04 4.864900170429999992e-04 6.683385881990000152e-04 8.434925844839999843e-04
2.990931134225403002e+04 6.475516138669999782e+04 -3.868212224920000047e-04 4.999568354299999953e-04 6.706255512769999580e-04 8.668519254939999847e-04
2.993136439259071267e+04 6.477954520149999735e+04 -8.076387894109999556e-05 8.165940128160000195e-05 1.399818575599999948e-04 1.415341078219999895e-04
2.995342039328803003e+04 6.480393227840000327e+04 -8.686482760820000298e-05 2.946469805729999927e-04 1.505569615679999880e-04 5.107837737050000297e-04
2.997547934493810317e+04 6.482832261809999909e+04 -5.297583993520000017e-04 1.332156003069999959e-04 9.185472108319999969e-04 2.309029130560000080e-04
2.999754124813324961e+04 6.485271622139999818e+04 -8.421749225819999494e-04 3.296153065140000073e-04 1.460641473349999974e-03 5.714202598189999744e-04
3.001960610346577596e+04 6.487711308879999706e+04 -6.355023360809999725e-04 3.377701669389999908e-04 1.101997506739999964e-03 5.855616450909999996e-04
3.004167391152832715e+04 6.490151322100000107e+04 -1.248360786119999887e-04 3.380415339199999798e-04 2.163770969379999909e-04 5.860322274029999704e-04
3.006374467008845022e+04 6.492591661860000022e+04 1.524084218540000101e-04 1.902798392479999922e-04 -2.641045006329999852e-04 3.298288056489999875e-04
3.008581838538906959e+04 6.495032328240000061e+04 -2.097061951639999928e-04 1.515726337919999934e-04 3.635083404659999735e-04 2.627253824150000056e-04
3.010789505519841623e+04 6.497473321289999876e+04 -6.793452193959999925e-04 7.584889656439999621e-04 1.178068380460000090e-03 1.315403699489999922e-03
3.012997468010971716e+04 6.499914641090000077e+04 -3.539742901919999967e-04 3.463079572849999841e-04 6.136618917970000078e-04 6.003672853920000510e-04
3.015205726071641402e+04 6.502356287690000318e+04 -2.223505725850000069e-05 2.814777640410000119e-05 3.853637034750000031e-05 4.878416463189999677e-05
3.017414279761191210e+04 6.504798261169999751e+04 -1.417368184780000017e-04 1.308937707769999869e-04 2.456745749680000024e-04 2.268780239149999906e-04
3.019623129138998047e+04 6.507240561580000212e+04 -1.707613409960000053e-04 1.880505437449999978e-05 2.959906657269999923e-04 3.259161320569999666e-05
3.021832273981661638e+04 6.509683189000000129e+04 -1.520986261310000001e-04 2.077232475499999926e-04 2.636372208690000067e-04 3.600704459190000079e-04
3.024041714914115073e+04 6.512126143500000035e+04 -1.531601592430000024e-04 1.186204665750000025e-04 2.654774530800000244e-04 2.056025326290000018e-04
3.026251451713029383e+04 6.514569425120000233e+04 5.642947508019999730e-05 4.071860479359999782e-04 -9.779326848129999414e-05 7.059441770459999469e-04
3.028461484437844774e+04 6.517013033949999954e+04 6.082936888560000043e-04 1.809072146400000089e-04 -1.053679847030000033e-03 3.135798623079999892e-04
3.030671813147995999e+04 6.519456970049999654e+04 8.714277064430000488e-04 4.556275352360000049e-04 -1.509134005609999961e-03 7.899610449429999995e-04
3.032882437902955280e+04 6.521901233479999792e+04 3.782975836660000123e-04 1.931368731589999937e-04 -6.554135641660000303e-04 3.347819832510000207e-04
3.035093358762203934e+04 6.524345824310000171e+04 2.703698410190000061e-04 5.140475087740000414e-04 -4.684688319610000253e-04 8.912939801199999505e-04
3.037304575785238194e+04 6.526790742609999870e+04 6.078907754269999904e-04 1.463781373009999994e-03 -1.052982291999999967e-03 2.540106135319999871e-03
3.039516088748484981e+04 6.529235988429999998e+04 1.840735785659999976e-05 1.638836678869999997e-03 -3.190132452100000269e-05 2.844312765640000067e-03
3.041727898277608256e+04 6.531681561859999783e+04 -4.348797083369999980e-04 6.384624306219999863e-04 7.539751701720000168e-04 1.107133322970000082e-03
3.043940004149110973e+04 6.534127462940000260e+04 -2.091767819370000036e-04 3.929710178360000132e-05 3.625904800399999748e-04 6.810821495059999557e-05
3.046152406422540662e+04 6.536573691759999929e+04 -1.343014882880000133e-04 4.136148866349999851e-04 2.327853043340000054e-04 7.170939423299999742e-04
3.048365105157480866e+04 6.539020248359999823e+04 -3.123063652309999993e-05 3.012277916860000085e-04 5.412735138049999906e-05 5.221948844669999871e-04
3.050578100413523134e+04 6.541467132829999900e+04 2.977329131680000259e-04 4.984050512419999513e-04 -5.158684995759999815e-04 8.641601961209999672e-04
3.052791392250276840e+04 6.543914345229999890e+04 4.474865563679999883e-04 8.656913072509999545e-04 -7.752393833250000466e-04 1.501458179429999941e-03
3.055004980444013199e+04 6.546361885610000172e+04 -7.928271952550000384e-05 8.648336684959999484e-04 1.374145007759999956e-04 1.499969571470000096e-03
3.057218865621048826e+04 6.548809754059999977e+04 -4.042005166410000136e-04 6.418779696260000500e-04 7.007663054309999553e-04 1.113059376150000047e-03
3.059433047557710597e+04 6.551257950620000338e+04 -3.282313700769999782e-04 6.113667244589999659e-04 5.690203883950000234e-04 1.060122779220000087e-03
3.061647526313678100e+04 6.553706475380000484e+04 -5.680110771210000091e-04 8.738790044170000092e-04 9.849061383629998962e-04 1.515669718689999961e-03
3.063862301948640015e+04 6.556155328399999416e+04 -3.630977880680000139e-04 6.370047985660000443e-04 6.294836778559999724e-04 1.104604302349999987e-03
3.066077374522301034e+04 6.558604509729999700e+04 1.767842040860000054e-04 8.566816990860000054e-05 -3.063381760719999908e-04 1.484827212950000114e-04
3.068292744094382215e+04 6.561054019450000487e+04 -2.500795235390000236e-04 1.463696713759999951e-04 4.335073364120000045e-04 2.537057878299999792e-04
3.070508410724618807e+04 6.563503857629999402e+04 -9.655944886620000363e-04 1.235515355860000069e-03 1.674875805559999931e-03 2.143570252909999824e-03
3.072724374189113951e+04 6.565954024329999811e+04 -3.376459644640000075e-04 1.981946894069999947e-03 5.853462634429999886e-04 3.440829497650000051e-03
3.074940635114899123e+04 6.568404519610000716e+04 7.619156385770000338e-04 6.967870438439999724e-04 -1.319606645879999951e-03 1.208332935860000068e-03
3.077157193278146951e+04 6.570855343549999816e+04 6.174862501209999648e-04 5.327376992739999567e-04 -1.069594591009999937e-03 9.237154006290000012e-04
3.079374048738658166e+04 6.573306496200000402e+04 3.489386581349999744e-04 6.819551921510000119e-04 -6.045635891840000012e-04 1.182597072329999921e-03
3.081591201556248416e+04 6.575757977640000172e+04 1.008047373030000098e-03 2.212103893350000081e-04 -1.745524858070000070e-03 3.834537331379999779e-04
3.083808651790751537e+04 6.578209787929999584e+04 1.340989023450000085e-03 2.353993140089999888e-05 -2.321374621649999886e-03 4.079794037179999670e-05
3.086026399502022832e+04 6.580661927130000549e+04 5.564109887929999734e-04 7.119151166109999665e-04 -9.638524832099999674e-04 1.234583477220000097e-03
3.088244444465990819e+04 6.583114395319999312e+04 3.007255145350000000e-05 9.588503967750000318e-04 -5.211744854060000300e-05 1.663168080569999915e-03
3.090462787310351268e+04 6.585567192560000694e+04 3.263368562330000162e-04 2.020916815039999889e-04 -5.654152634440000064e-04 3.503068988310000160e-04
3.092681427811116373e+04 6.588020318909999332e+04 -1.526757841929999898e-04 5.434394568340000439e-04 2.646377590510000269e-04 9.422799533740000479e-04
3.094900366028198914e+04 6.590473774450000201e+04 -1.050642691550000059e-03 1.743114436080000053e-03 1.822531017020000057e-03 3.025567974689999991e-03
3.097119602021528772e+04 6.592927559229999315e+04 -9.899961296470000983e-04 1.186561425519999918e-03 1.717238132549999893e-03 2.058549640089999896e-03
3.099339135851051469e+04 6.595381673320000118e+04 -4.819322493859999894e-04 1.219745607410000008e-04 8.355868727159999768e-04 2.114167329750000004e-04
3.101558967576733994e+04 6.597836116800000309e+04 -3.517109144009999923e-04 1.499699332370000074e-04 6.097368298910000413e-04 2.599470124770000205e-04
3.103779097258540787e+04 6.600290889730000345e+04 -2.683720667850000136e-04 1.382046276779999962e-04 4.652244337029999761e-04 2.395514417640000121e-04
3.105999524672243570e+04 6.602745992160000606e+04 -2.013078919839999972e-04 3.305275293410000169e-04 3.489480364369999766e-04 5.730021401650000224e-04
3.108220250446272257e+04 6.605201424180000322e+04 -7.800153107380000065e-04 1.865854468310000061e-04 1.352760860970000098e-03 3.234239541760000223e-04
3.110441274356460781e+04 6.607657185839999875e+04 -1.176489517089999905e-03 3.561262511359999743e-04 2.041058175559999806e-03 6.173937565179999807e-04
3.112662596462851434e+04 6.610113277219999873e+04 -6.089588277970000478e-04 7.888067286119999197e-06 1.055945230439999955e-03 1.367092063220000072e-05
3.114884216825509429e+04 6.612569698370000697e+04 4.185481229800000220e-04 7.727568538379999633e-04 -7.251237291700000313e-04 1.340164263529999931e-03
3.117106135504495978e+04 6.615026449370000046e+04 9.121980983759999696e-04 1.485117057170000062e-03 -1.579684221140000011e-03 2.577177789450000103e-03
3.119328352559906489e+04 6.617483530279999832e+04 3.859464486600000153e-04 1.001290138769999997e-03 -6.686610560820000198e-04 1.736845638980000087e-03
3.121550867767352247e+04 6.619940941170000588e+04 3.862452285829999938e-05 6.883685401920000384e-04 -6.693800718969999551e-05 1.193725274519999912e-03
3.123773681755910366e+04 6.622398682099999860e+04 4.727259511130000019e-04 1.325729321840000063e-03 -8.189469823009999563e-04 2.300268063799999849e-03
3.125996794301260888e+04 6.624856753139999637e+04 9.172557038260000439e-04 2.174931320170000060e-03 -1.588435694689999990e-03 3.776500380499999907e-03
3.128220205463559978e+04 6.627315154360000452e+04 1.006586127909999935e-03 1.838467675860000006e-03 -1.742996784329999948e-03 3.191339381899999973e-03
3.130443915302983805e+04 6.629773885829999927e+04 8.856455096970000012e-04 1.320420988430000058e-03 -1.533737451409999952e-03 2.291047035159999960e-03
3.132667923879706723e+04 6.632232947599999898e+04 8.563591400159999926e-04 8.703011371289999694e-04 -1.483057681069999958e-03 1.509459522610000085e-03
3.134892231253939462e+04 6.634692339759999595e+04 9.587062522769999959e-04 8.478554761449999533e-04 -1.660157142029999953e-03 1.470500892620000069e-03
3.137116837485901851e+04 6.637152062349999323e+04 7.405581418420000527e-04 2.496625636360000106e-04 -1.282640049580000084e-03 4.327843891900000199e-04
3.139341742351026551e+04 6.639612115459999768e+04 1.837938907559999869e-04 1.358626991280000073e-03 -3.184828851039999981e-04 2.357416022540000013e-03
3.141566946479131730e+04 6.642072499139999854e+04 -0.000000000000000000e+00 0.000000000000000000e+00 -0.000000000000000000e+00 -0.000000000000000000e+00
3.143792449645728993e+04 6.644533213470000192e+04 -0.000000000000000000e+00 0.000000000000000000e+00 -0.000000000000000000e+00 -0.000000000000000000e+00
3.146018251911089465e+04 6.646994258509999781e+04 -0.000000000000000000e+00 0.000000000000000000e+00 -0.000000000000000000e+00 -0.000000000000000000e+00
3.148244353335518826e+04 6.649455634320000536e+04 -0.000000000000000000e+00 0.000000000000000000e+00 -0.000000000000000000e+00 -0.000000000000000000e+00
3.150470753979335495e+04 6.651917340980000154e+04 -0.000000000000000000e+00 0.000000000000000000e+00 -0.000000000000000000e+00 -0.000000000000000000e+00
3.152697453902871712e+04 6.654379378550000547e+04 -0.000000000000000000e+00 0.000000000000000000e+00 -0.000000000000000000e+00 -0.000000000000000000e+00
3.154924452881406978e+04 6.656841747090000717e+04 -0.000000000000000000e+00 0.000000000000000000e+00 -0.000000000000000000e+00 -0.000000000000000000e+00
3.157151751545408843e+04 6.659304446679999819e+04 -0.000000000000000000e+00 0.000000000000000000e+00 -0.000000000000000000e+00 -0.000000000000000000e+00
3.159379349670233205e+04 6.661767477379999764e+04 -0.000000000000000000e+00 0.000000000000000000e+00 -0.000000000000000000e+00 -0.000000000000000000e+00
3.161607247316264693e+04 6.664230839249999553e+04 -0.000000000000000000e+00 0.000000000000000000e+00 -0.000000000000000000e+00 -0.000000000000000000e+00
3.163835444543924677e+04 6.666694532379999873e+04 -0.000000000000000000e+00 0.000000000000000000e+00 -0.000000000000000000e+00 -0.000000000000000000e+00
3.166063941413643624e+04 6.669158556809999573e+04 -0.000000000000000000e+00 0.000000000000000000e+00 -0.000000000000000000e+00 -0.000000000000000000e+00
3.168292737985867643e+04 6.671622912620000716e+04 -0.000000000000000000e+00 0.000000000000000000e+00 -0.000000000000000000e+00 -0.000000000000000000e+00
3.170521834321059578e+04 6.674087599869999394e+04 -0.000000000000000000e+00 0.000000000000000000e+00 -0.000000000000000000e+00 -0.000000000000000000e+00
3.172751230194328673e+04 6.676552618630000507e+04 -0.000000000000000000e+00 0.000000000000000000e+00 -0.000000000000000000e+00 -0.000000000000000000e+00
3.174980926236872619e+04 6.679017968980000296e+04 -0.000000000000000000e+00 0.000000000000000000e+00 -0.000000000000000000e+00 -0.000000000000000000e+00
3.177210922223871967e+04 6.681483650970000599e+04 -0.000000000000000000e+00 0.000000000000000000e+00 -0.000000000000000000e+00 -0.000000000000000000e+00
3.179441218215853223e+04 6.683949664670000493e+04 -0.000000000000000000e+00 0.000000000000000000e+00 -0.000000000000000000e+00 -0.000000000000000000e+00
3.181671814273361451e+04 6.686416010150000511e+04 -0.000000000000000000e+00 0.000000000000000000e+00 -0.000000000000000000e+00 -0.000000000000000000e+00
3.183902710456957357e+04 6.688882687479999731e+04 -0.000000000000000000e+00 0.000000000000000000e+00 -0.000000000000000000e+00 -0.000000000000000000e+00
3.186133906827224928e+04 6.691349696709999989e+04 -0.000000000000000000e+00 0.000000000000000000e+00 -0.000000000000000000e+00 -0.000000000000000000e+00
3.188365403159096968e+04 6.693817037930000515e+04 -0.000000000000000000e+00 0.000000000000000000e+00 -0.000000000000000000e+00 -0.000000000000000000e+00
3.190597200084443830e+04 6.696284711200000311e+04 -0.000000000000000000e+00 0.000000000000000000e+00 -0.000000000000000000e+00 -0.000000000000000000e+00
3.192829297378283445e+04 6.698752716579999833e+04 -0.000000000000000000e+00 0.000000000000000000e+00 -0.000000000000000000e+00 -0.000000000000000000e+00
3.195061695101258374e+04 6.701221054139999615e+04 -0.000000000000000000e+00 0.000000000000000000e+00 -0.000000000000000000e+00 -0.000000000000000000e+00
3.197294393314027184e+04 6.703689723950000189e+04 -0.000000000000000000e+00 0.000000000000000000e+00 -0.000000000000000000e+00 -0.000000000000000000e+00
3.199527392077264085e+04 6.706158726080000633e+04 -0.000000000000000000e+00 0.000000000000000000e+00 -0.000000000000000000e+00 -0.000000000000000000e+00
3.201760691451667299e+04 6.708628060589999950e+04 -0.000000000000000000e+00 0.000000000000000000e+00 -0.000000000000000000e+00 -0.000000000000000000e+00
3.203994291497930681e+04 6.711097727540000051e+04 -0.000000000000000000e+00 0.000000000000000000e+00 -0.000000000000000000e+00 -0.000000000000000000e+00
3.206228191990832056e+04 6.713567727020000166e+04 -0.000000000000000000e+00 0.000000000000000000e+00 -0.000000000000000000e+00 -0.000000000000000000e+00
3.208462393562978832e+04 6.716038059080000676e+04 -0.000000000000000000e+00 0.000000000000000000e+00 -0.000000000000000000e+00 -0.000000000000000000e+00
3.210696895989213590e+04 6.718508723790000658e+04 -0.000000000000000000e+00 0.000000000000000000e+00 -0.000000000000000000e+00 -0.000000000000000000e+00
3.212931699330308402e+04 6.720979721210000571e+04 -0.000000000000000000e+00 0.000000000000000000e+00 -0.000000000000000000e+00 -0.000000000000000000e+00
3.215166803647060442e+04 6.723451051429999643e+04 -0.000000000000000000e+00 0.000000000000000000e+00 -0.000000000000000000e+00 -0.000000000000000000e+00
3.217402209000260336e+04 6.725922714489999635e+04 -0.000000000000000000e+00 0.000000000000000000e+00 -0.000000000000000000e+00 -0.000000000000000000e+00
