freq[Hz],vel[km/s],flux[Jy/beam],noise[Jy/beam],tau,tau_noise
1224851623.31 47863.4730089 0.0 nan nan nan
1224773504.25 47885.6473574 0.0 nan nan nan
1224695385.19 47907.8245348 0.0 nan nan nan
1224617266.13 47930.0045416 0.000282411579974 nan nan nan
1224539147.07 47952.1873782 0.000464903103421 nan nan nan
1224461028.01 47974.3730454 0.000313033058774 nan nan nan
1224382908.95 47996.5615436 0.00079595472198 nan nan nan
1224304789.89 48018.7528733 0.00015493738465 nan nan nan
1224226670.83 48040.9470352 -0.00171872612555 nan -inf nan
1224148551.77 48063.1440296 -0.00158433173783 nan -inf nan
1224070432.71 48085.3438573 -0.000581695931032 nan -inf nan
1223992313.65 48107.5465187 0.000708759005647 nan nan nan
1223914194.59 48129.7520143 0.00152802059893 nan nan nan
1223836075.53 48151.9603448 0.00053144490812 nan nan nan
1223757956.47 48174.1715106 0.00024514112738 nan nan nan
1223679837.41 48196.3855123 0.000516317551956 nan nan nan
1223601718.35 48218.6023505 0.00126577960327 nan nan nan
1223523599.29 48240.8220256 0.00207835715264 nan nan nan
1223445480.23 48263.0445383 0.00146880454849 nan nan nan
1223367361.17 48285.2698891 0.00117653072812 nan nan nan
1223289242.11 48307.4980784 0.00016308913473 nan nan nan
1223211123.05 48329.7291069 -0.00197297800332 nan -inf nan
1223133003.99 48351.9629752 -0.002668638248 nan -inf nan
1223054884.93 48374.1996836 -0.00120797252748 nan -inf nan
1222976765.87 48396.4392329 0.00173254706897 nan nan nan
1222898646.81 48418.6816235 0.00214598630555 nan nan nan
1222820527.75 48440.9268559 0.00054246536456 nan nan nan
1222742408.69 48463.1749308 0.000771463150159 nan nan nan
1222664289.63 48485.4258487 0.000432599015767 nan nan nan
1222586170.57 48507.6796101 -0.00113974988926 nan -inf nan
1222508051.51 48529.9362155 -0.00126152345911 nan -inf nan
1222429932.45 48552.1956656 -0.000920102698728 nan -inf nan
1222351813.39 48574.4579608 -0.000940712518059 nan -inf nan
1222273694.33 48596.7231017 -0.000292191951303 nan -inf nan
1222195575.27 48618.9910888 -0.000521449721418 nan -inf nan
1222117456.21 48641.2619227 -0.000965937215369 nan -inf nan
1222039337.15 48663.535604 -0.000553240417503 nan -inf nan
1221961218.09 48685.8121331 -0.000291652424494 nan -inf nan
1221883099.03 48708.0915107 -0.00071026023943 nan -inf nan
1221804979.97 48730.3737372 -0.00165986455977 nan -inf nan
1221726860.91 48752.6588132 -0.00101180071943 nan -inf nan
1221648741.85 48774.9467394 0.000129070424009 nan nan nan
1221570622.79 48797.2375161 -0.000491823651828 nan -inf nan
1221492503.73 48819.531144 -0.000689360662363 nan -inf nan
1221414384.67 48841.8276236 0.0002061597188 nan nan nan
1221336265.61 48864.1269554 0.000334246840794 nan nan nan
1221258146.55 48886.42914 -0.000222563568968 nan -inf nan
1221180027.49 48908.734178 0.000113145186333 nan nan nan
1221101908.43 48931.0420699 0.00162062980235 nan nan nan
1221023789.37 48953.3528163 0.0027300354559 nan nan nan
1220945670.31 48975.6664176 0.0032650642097 nan nan nan
1220867551.25 48997.9828744 0.00279499078169 nan nan nan
1220789432.19 49020.3021874 0.0011597245466 nan nan nan
1220711313.13 49042.624357 0.000176742731128 nan nan nan
1220633194.07 49064.9493837 -8.1517144281e-05 nan -inf nan
1220555075.01 49087.2772682 -4.09428685089e-05 nan -inf nan
1220476955.95 49109.608011 1.96638284251e-05 nan nan nan
1220398836.89 49131.9416126 0.000710740685463 nan nan nan
1220320717.83 49154.2780736 0.00200591469184 nan nan nan
1220242598.77 49176.6173946 0.00134644156788 nan nan nan
1220164479.71 49198.959576 -0.000625361921266 nan -inf nan
1220086360.65 49221.3046184 -0.000877844926436 nan -inf nan
1220008241.59 49243.6525224 0.000391583249439 nan nan nan
1219930122.53 49266.0032885 0.000891786068678 nan nan nan
1219852003.47 49288.3569173 0.000632341834716 nan nan nan
1219773884.41 49310.7134094 8.90860974323e-05 nan nan nan
1219695765.35 49333.0727652 -0.00168810621835 nan -inf nan
1219617646.29 49355.4349853 -0.00315893348306 nan -inf nan
1219539527.23 49377.8000703 -0.00251792441122 nan -inf nan
1219461408.17 49400.1680208 -0.00224335072562 nan -inf nan
1219383289.11 49422.5388372 -0.0024470386561 nan -inf nan
1219305170.05 49444.9125201 -0.0021635722369 nan -inf nan
1219227050.99 49467.2890702 -0.00213819043711 nan -inf nan
1219148931.93 49489.6684878 0.000247059622779 nan nan nan
1219070812.87 49512.0507737 0.00283883372322 nan nan nan
1218992693.81 49534.4359282 0.00185112806503 nan nan nan
1218914574.75 49556.8239521 0.000135127367685 nan nan nan
1218836455.69 49579.2148458 -0.000462319119833 nan -inf nan
1218758336.63 49601.6086099 4.35088877566e-05 nan nan nan
1218680217.57 49624.0052449 0.00112600449938 nan nan nan
1218602098.51 49646.4047515 0.000312619609758 nan nan nan
1218523979.45 49668.80713 -0.00111715274397 nan -inf nan
1218445860.39 49691.2123812 -0.00120405037887 nan -inf nan
1218367741.33 49713.6205055 -0.000850072305184 nan -inf nan
1218289622.27 49736.0315036 -0.000734247849323 nan -inf nan
1218211503.21 49758.4453758 -0.000441110227257 nan -inf nan
1218133384.15 49780.8621229 0.000440796371549 nan nan nan
1218055265.09 49803.2817454 8.75600671861e-05 nan nan nan
1217977146.03 49825.7042438 -0.000824820541311 nan -inf nan
1217899026.97 49848.1296186 -0.000378917757189 nan -inf nan
1217820907.91 49870.5578705 6.30357244518e-05 nan nan nan
1217742788.85 49892.9889999 0.000328703521518 nan nan nan
1217664669.79 49915.4230075 0.000891890493222 nan nan nan
1217586550.73 49937.8598937 0.000858371029608 nan nan nan
1217508431.67 49960.2996592 0.00144641264342 nan nan nan
1217430312.61 49982.7423045 0.00156951649114 nan nan nan
1217352193.55 50005.1878301 9.97800743789e-05 nan nan nan
1217274074.49 50027.6362367 -0.000871502212249 nan -inf nan
1217195955.43 50050.0875247 -0.00133073574398 nan -inf nan
1217117836.37 50072.5416947 -0.000900925253518 nan -inf nan
1217039717.31 50094.9987472 0.000476821704069 nan nan nan
1216961598.25 50117.4586829 0.00132248806767 nan nan nan
1216883479.19 50139.9215023 0.000859522959217 nan nan nan
1216805360.13 50162.3872059 -0.000535641273018 nan -inf nan
1216727241.07 50184.8557942 -0.000776531524025 nan -inf nan
1216649122.01 50207.327268 -0.000101401150459 nan -inf nan
1216571002.95 50229.8016276 6.40663201921e-05 nan nan nan
1216492883.89 50252.2788737 -0.000155486137373 nan -inf nan
1216414764.83 50274.7590068 -0.000562349508982 nan -inf nan
1216336645.77 50297.2420274 -0.000877747312188 nan -inf nan
1216258526.71 50319.7279362 -0.000443792261649 nan -inf nan
1216180407.65 50342.2167337 0.00105668161996 nan nan nan
1216102288.59 50364.7084204 0.0015824791044 nan nan nan
1216024169.53 50387.2029968 0.000436948495917 nan nan nan
1215946050.47 50409.7004637 -0.00087106047431 nan -inf nan
1215867931.41 50432.2008214 -0.000396013725549 nan -inf nan
1215789812.35 50454.7040707 0.00100060552359 nan nan nan
1215711693.29 50477.2102119 0.000266303075477 nan nan nan
1215633574.23 50499.7192457 -0.00105685472954 nan -inf nan
1215555455.17 50522.2311727 -0.000761639443226 nan -inf nan
1215477336.11 50544.7459933 0.000175911714905 nan nan nan
1215399217.05 50567.2637082 0.000696929404512 nan nan nan
1215321097.99 50589.7843179 0.000594993587583 nan nan nan
1215242978.93 50612.307823 0.000385964551242 nan nan nan
1215164859.87 50634.834224 -0.000213159597479 nan -inf nan
1215086740.81 50657.3635215 -0.000605705601629 nan -inf nan
1215008621.75 50679.8957161 0.000485167489387 nan nan nan
1214930502.69 50702.4308082 0.000989799038507 nan nan nan
1214852383.63 50724.9687985 -0.000129007326905 nan -inf nan
1214774264.57 50747.5096876 -0.000232897960814 nan -inf nan
1214696145.51 50770.0534759 0.000312545889756 nan nan nan
1214618026.45 50792.600164 -0.000576261081733 nan -inf nan
1214539907.39 50815.1497526 -0.00120321242139 nan -inf nan
1214461788.33 50837.7022421 -0.000569239491597 nan -inf nan
1214383669.27 50860.2576331 0.000246224110015 nan nan nan
1214305550.21 50882.8159263 0.000936669413932 nan nan nan
1214227431.15 50905.377122 0.00199152552523 nan nan nan
1214149312.09 50927.941221 0.00249763252214 nan nan nan
1214071193.03 50950.5082237 0.0015333276242 nan nan nan
1213993073.97 50973.0781307 0.000409575295635 nan nan nan
1213914954.91 50995.6509426 0.000200864189537 nan nan nan
1213836835.85 51018.22666 0.00112420460209 nan nan nan
1213758716.79 51040.8052834 0.00187401368748 nan nan nan
1213680597.73 51063.3868133 0.000227113137953 nan nan nan
1213602478.67 51085.9712504 -0.00170973245986 nan -inf nan
1213524359.61 51108.5585951 -0.000630888156593 nan -inf nan
1213446240.55 51131.1488481 0.0011009213049 nan nan nan
1213368121.49 51153.7420099 0.00103496829979 nan nan nan
1213290002.43 51176.3380811 0.000188098871149 nan nan nan
1213211883.37 51198.9370622 -7.81534326961e-05 nan -inf nan
1213133764.31 51221.5389538 0.000496415537782 nan nan nan
1213055645.25 51244.1437565 0.00108309881762 nan nan nan
1212977526.19 51266.7514708 0.000390789471567 nan nan nan
1212899407.13 51289.3620973 -0.000942512007896 nan -inf nan
1212821288.07 51311.9756365 -0.0010028029792 nan -inf nan
1212743169.01 51334.592089 -0.000812999438494 nan -inf nan
1212665049.95 51357.2114555 -0.000946788990404 nan -inf nan
1212586930.89 51379.8337363 -0.000922040781006 nan -inf nan
1212508811.83 51402.4589321 -0.00122742785607 nan -inf nan
1212430692.77 51425.0870436 -0.000560817017686 nan -inf nan
1212352573.71 51447.7180711 -8.33277590573e-06 nan -inf nan
1212274454.65 51470.3520153 -0.00108830246609 nan -inf nan
1212196335.59 51492.9888768 -0.0013616461074 nan -inf nan
1212118216.53 51515.6286561 -0.000943322433159 nan -inf nan
1212040097.47 51538.2713538 -0.000235004990827 nan -inf nan
1211961978.41 51560.9169704 0.00195395713672 nan nan nan
1211883859.35 51583.5655065 0.00280877714977 nan nan nan
1211805740.29 51606.2169628 0.00135859113652 nan nan nan
1211727621.23 51628.8713396 0.000318730337312 nan nan nan
1211649502.17 51651.5286377 0.000169916937011 nan nan nan
1211571383.11 51674.1888575 -5.94883458689e-05 nan -inf nan
1211493264.05 51696.8519997 0.000111980945803 nan nan nan
1211415144.99 51719.5180647 0.0012560968753 nan nan nan
1211337025.93 51742.1870533 0.00136411574204 nan nan nan
1211258906.87 51764.8589658 0.000200081107323 nan nan nan
1211180787.81 51787.533803 -0.00106250867248 nan -inf nan
1211102668.75 51810.2115653 -0.00182158418465 nan -inf nan
1211024549.69 51832.8922534 -0.000929940259084 nan -inf nan
1210946430.63 51855.5758677 0.000845674949232 nan nan nan
1210868311.57 51878.262409 0.0022059394978 nan nan nan
1210790192.51 51900.9518776 0.0025350342039 nan nan nan
1210712073.45 51923.6442743 0.00156777887605 nan nan nan
1210633954.39 51946.3395995 0.000276472535916 nan nan nan
1210555835.33 51969.0378538 -0.00114054093137 nan -inf nan
1210477716.27 51991.7390378 -0.00165186019149 nan -inf nan
1210399597.21 52014.4431521 -0.000721685995813 nan -inf nan
1210321478.15 52037.1501972 -0.000239386456087 nan -inf nan
1210243359.09 52059.8601738 -0.000129938591272 nan -inf nan
1210165240.03 52082.5730823 -0.000645849155262 nan -inf nan
1210087120.97 52105.2889233 -0.00166981900111 nan -inf nan
1210009001.91 52128.0076974 -0.00192287366372 nan -inf nan
1209930882.85 52150.7294052 -0.00170189433265 nan -inf nan
1209852763.79 52173.4540473 -0.000939899589866 nan -inf nan
1209774644.73 52196.1816241 9.49132518144e-05 nan nan nan
1209696525.67 52218.9121363 0.000683537276927 nan nan nan
1209618406.61 52241.6455845 0.00101441261359 nan nan nan
1209540287.55 52264.3819692 0.00152135337703 nan nan nan
1209462168.49 52287.1212909 0.00130290177185 nan nan nan
1209384049.43 52309.8635504 0.000570641714148 nan nan nan
1209305930.37 52332.608748 5.70849515498e-05 nan nan nan
1209227811.31 52355.3568844 -0.000825622642878 nan -inf nan
1209149692.25 52378.1079602 -0.000193726387806 nan -inf nan
1209071573.19 52400.8619759 0.000867859343998 nan nan nan
1208993454.13 52423.6189321 0.000489687139634 nan nan nan
1208915335.07 52446.3788294 0.000347165914718 nan nan nan
1208837216.01 52469.1416683 0.000311249634251 nan nan nan
1208759096.95 52491.9074495 0.00198900862597 nan nan nan
1208680977.89 52514.6761734 0.00369282299653 nan nan nan
1208602858.83 52537.4478406 0.00177726801485 nan nan nan
1208524739.77 52560.2224518 0.0 nan nan nan
1208446620.71 52583.0000075 0.0 nan nan nan
1208368501.65 52605.7805082 0.0 nan nan nan
1208290382.59 52628.5639546 0.0 nan nan nan
1208212263.53 52651.3503472 0.0 nan nan nan
1208134144.47 52674.1396866 0.0 nan nan nan
1208056025.41 52696.9319733 0.0 nan nan nan
1207977906.35 52719.7272079 0.0 nan nan nan
1207899787.29 52742.525391 0.0 nan nan nan
1207821668.23 52765.3265232 0.0 nan nan nan
1207743549.17 52788.1306051 0.0 nan nan nan
