     1        1.3      -11.     -1.75E-04  9.04E-04  3.04E-03 -3.71E-03   65536
     2        1.3      -11.     -1.67E-04  8.47E-04  2.99E-03 -3.03E-03   65536
     3        1.3      -11.     -1.61E-04  8.73E-04  3.26E-03 -2.88E-03   65536
     4        1.3      -9.4     -1.44E-04  8.45E-04  2.77E-03 -3.55E-03   65536
     5        1.3      -7.4     -1.13E-04  7.98E-04  2.78E-03 -2.75E-03   65536
     6        1.3      -5.3     -8.15E-05  7.62E-04  2.82E-03 -2.62E-03   65536
     7        1.3      -4.4     -6.71E-05  7.51E-04  2.77E-03 -2.60E-03   65536
     8        1.3      -4.6     -7.04E-05  7.67E-04  2.81E-03 -2.90E-03   65536
     9        1.3      -4.7     -7.20E-05  7.67E-04  2.34E-03 -2.98E-03   65536
    10        1.3      -3.5     -5.37E-05  7.46E-04  2.38E-03 -2.67E-03   65536
    11        1.3      -2.1     -3.14E-05  7.75E-04  2.82E-03 -2.80E-03   65536
    12        1.3      -2.2     -3.37E-05  7.93E-04  2.66E-03 -2.47E-03   65536
    13        1.3      -2.9     -4.48E-05  7.57E-04  2.53E-03 -2.86E-03   65536
    14        1.3      -2.5     -3.87E-05  7.31E-04  2.64E-03 -2.53E-03   65536
    15        1.3      -1.8     -2.76E-05  7.14E-04  2.35E-03 -2.87E-03   65536
    16        1.3      -1.2     -1.90E-05  6.99E-04  2.66E-03 -2.75E-03   65536
    17        1.3     -0.75     -1.14E-05  6.96E-04  2.62E-03 -2.67E-03   65536
    18        1.3      8.25E-03  1.26E-07  7.00E-04  2.28E-03 -2.51E-03   65536
    19        1.3      0.97      1.49E-05  7.01E-04  2.34E-03 -2.19E-03   65536
    20        1.3       1.1      1.71E-05  7.29E-04  2.81E-03 -2.36E-03   65536
    21        1.3      0.76      1.16E-05  7.11E-04  2.88E-03 -2.31E-03   65536
    22        1.3      0.26      4.01E-06  7.00E-04  2.60E-03 -2.45E-03   65536
    23        1.3      0.37      5.63E-06  6.86E-04  2.42E-03 -2.37E-03   65536
    24        1.3       1.4      2.21E-05  6.62E-04  2.62E-03 -2.18E-03   65536
    25        1.3       2.0      3.06E-05  6.90E-04  2.36E-03 -2.31E-03   65536
    26        1.3       1.8      2.71E-05  7.01E-04  2.44E-03 -2.50E-03   65536
    27        1.3       2.1      3.27E-05  6.89E-04  2.48E-03 -2.32E-03   65536
    28        1.3       3.0      4.59E-05  6.68E-04  2.30E-03 -2.32E-03   65536
    29        1.3       3.3      5.06E-05  6.45E-04  2.29E-03 -2.39E-03   65536
    30        1.3       3.3      5.03E-05  6.26E-04  2.51E-03 -2.21E-03   65536
    31        1.3       3.4      5.18E-05  6.04E-04  2.62E-03 -1.91E-03   65536
    32        1.3       3.1      4.80E-05  6.15E-04  2.39E-03 -2.09E-03   65536
    33        1.3       2.8      4.30E-05  5.94E-04  2.31E-03 -2.37E-03   65536
    34        1.3       2.9      4.49E-05  5.58E-04  2.23E-03 -2.25E-03   65536
    35        1.3       2.5      3.76E-05  5.25E-04  1.79E-03 -1.95E-03   65536
    36        1.3       1.5      2.28E-05  5.24E-04  1.95E-03 -1.98E-03   65536
    37        1.3      0.78      1.19E-05  5.47E-04  1.83E-03 -1.86E-03   65536
    38        1.3     -1.83E-02 -2.79E-07  5.33E-04  2.19E-03 -2.01E-03   65536
    39        1.3     -0.65     -9.95E-06  5.14E-04  2.10E-03 -1.88E-03   65536
    40        1.3      -1.5     -2.24E-05  5.33E-04  1.86E-03 -2.04E-03   65536
    41        1.3      -3.0     -4.52E-05  5.32E-04  2.03E-03 -1.91E-03   65536
    42        1.3      -3.9     -6.03E-05  5.37E-04  2.05E-03 -2.08E-03   65536
    43        1.3      -4.1     -6.20E-05  5.37E-04  1.92E-03 -1.98E-03   65536
    44        1.3      -4.0     -6.04E-05  5.28E-04  1.80E-03 -2.03E-03   65536
    45        1.3      -4.3     -6.49E-05  5.34E-04  1.92E-03 -2.13E-03   65536
    46        1.3      -5.1     -7.76E-05  5.52E-04  2.08E-03 -2.17E-03   65536
    47        1.3      -5.7     -8.71E-05  5.64E-04  2.35E-03 -2.21E-03   65536
    48        1.3      -6.0     -9.11E-05  5.51E-04  2.50E-03 -2.36E-03   65536
    49        1.3      -6.5     -9.95E-05  5.73E-04  2.14E-03 -1.92E-03   65536
    50        1.3      -7.4     -1.13E-04  6.10E-04  2.40E-03 -2.21E-03   65536
    51        1.3      -7.7     -1.18E-04  6.20E-04  2.35E-03 -2.34E-03   65536
    52        1.3      -7.9     -1.20E-04  6.14E-04  2.23E-03 -2.12E-03   65536
    53        1.3      -8.6     -1.31E-04  6.42E-04  2.37E-03 -2.17E-03   65536
    54        1.3      -8.6     -1.31E-04  6.45E-04  2.42E-03 -2.31E-03   65536
    55        1.3      -7.9     -1.21E-04  6.37E-04  2.38E-03 -2.41E-03   65536
    56        1.3      -8.0     -1.23E-04  6.45E-04  2.40E-03 -2.12E-03   65536
    57        1.3      -8.4     -1.28E-04  6.58E-04  2.39E-03 -2.28E-03   65536
    58        1.3      -8.4     -1.28E-04  6.52E-04  2.73E-03 -2.21E-03   65536
    59        1.3      -9.0     -1.37E-04  6.47E-04  2.59E-03 -2.47E-03   65536
    60        1.3      -9.6     -1.46E-04  6.97E-04  2.45E-03 -3.03E-03   65536
    61        1.3      -9.3     -1.42E-04  7.47E-04  2.71E-03 -2.74E-03   65536
    62        1.3      -8.5     -1.30E-04  7.47E-04  2.52E-03 -2.64E-03   65536
    63        1.3      -7.4     -1.14E-04  7.44E-04  2.43E-03 -2.76E-03   65536
    64        1.3      -6.6     -1.00E-04  7.40E-04  2.43E-03 -2.64E-03   65536
    65        1.3      -6.2     -9.47E-05  7.41E-04  2.48E-03 -2.43E-03   65536
    66        1.3      -5.6     -8.48E-05  7.34E-04  2.47E-03 -2.43E-03   65536
    67        1.3      -4.5     -6.91E-05  7.18E-04  2.83E-03 -2.45E-03   65536
    68        1.3      -3.5     -5.41E-05  7.31E-04  2.54E-03 -2.38E-03   65536
    69        1.3      -2.4     -3.59E-05  7.32E-04  2.52E-03 -2.45E-03   65536
    70        1.3     -0.80     -1.22E-05  7.65E-04  2.65E-03 -2.68E-03   65536
    71        1.3      0.38      5.76E-06  8.03E-04  3.19E-03 -2.73E-03   65536
    72        1.3      0.65      9.97E-06  7.93E-04  3.48E-03 -2.88E-03   65536
    73        1.3       1.1      1.69E-05  7.92E-04  2.77E-03 -2.49E-03   65536
    74        1.3       2.5      3.85E-05  8.29E-04  2.72E-03 -2.71E-03   65536
    75        1.3       4.0      6.17E-05  8.65E-04  3.36E-03 -2.75E-03   65536
    76        1.3       7.5      1.15E-04  8.66E-04  3.43E-03 -2.69E-03   65536
    77        1.3       9.6      1.46E-04  9.41E-04  3.52E-03 -3.22E-03   65536
    78        1.3       5.5      8.34E-05  8.73E-04  3.17E-03 -2.94E-03   65536
    79        1.3       2.9      4.39E-05  9.03E-04  3.85E-03 -2.79E-03   65536
    80        1.3       3.4      5.24E-05  9.34E-04  3.83E-03 -3.43E-03   65536
    81        1.3       3.8      5.87E-05  9.10E-04  3.75E-03 -2.42E-03   65536
    82        1.3       6.3      9.62E-05  9.39E-04  3.67E-03 -2.58E-03   65536
    83        1.3       7.6      1.16E-04  1.01E-03  3.97E-03 -3.23E-03   65536
    84        1.3       6.4      9.83E-05  1.04E-03  3.95E-03 -3.62E-03   65536
    85        1.3       6.0      9.10E-05  1.11E-03  3.89E-03 -3.95E-03   65536
    86        1.3       5.2      7.89E-05  1.15E-03  3.92E-03 -3.46E-03   65536
    87        1.3       4.0      6.09E-05  1.11E-03  3.90E-03 -3.38E-03   65536
    88        1.3       4.6      7.08E-05  1.12E-03  3.83E-03 -3.04E-03   65536
    89        1.3       4.8      7.30E-05  1.20E-03  4.21E-03 -3.04E-03   65536
    90        1.3       3.7      5.62E-05  1.23E-03  4.39E-03 -3.48E-03   65536
    91        1.3       4.4      6.72E-05  1.24E-03  4.43E-03 -4.00E-03   65536
    92        1.3       4.9      7.45E-05  1.29E-03  4.56E-03 -4.09E-03   65536
    93        1.3       4.2      6.36E-05  1.22E-03  4.55E-03 -3.60E-03   65536
    94        1.3       5.1      7.81E-05  1.14E-03  3.89E-03 -3.35E-03   65536
    95        1.3       6.5      9.88E-05  1.13E-03  4.35E-03 -3.35E-03   65536
    96        1.3       6.5      9.96E-05  1.14E-03  4.60E-03 -3.60E-03   65536
    97        1.3       5.9      9.07E-05  1.17E-03  4.09E-03 -3.75E-03   65536
    98        1.3       5.7      8.66E-05  1.18E-03  4.18E-03 -4.08E-03   65536
    99        1.3       4.3      6.61E-05  1.14E-03  4.44E-03 -3.78E-03   65536
   100        1.3       2.4      3.67E-05  1.08E-03  4.26E-03 -3.52E-03   65536
   101        1.3       3.6      5.52E-05  1.02E-03  4.30E-03 -4.05E-03   65536
   102        1.3       6.2      9.45E-05  9.85E-04  3.52E-03 -3.73E-03   65536
   103        1.3       5.9      9.08E-05  1.01E-03  3.88E-03 -3.47E-03   65536
   104        1.3       3.0      4.51E-05  1.06E-03  3.75E-03 -3.35E-03   65536
   105        1.3       1.6      2.52E-05  1.00E-03  3.48E-03 -3.04E-03   65536
   106        1.3       2.9      4.50E-05  9.74E-04  3.99E-03 -3.31E-03   65536
   107        1.3       4.8      7.37E-05  1.04E-03  4.48E-03 -3.76E-03   65536
   108        1.3       7.4      1.13E-04  1.09E-03  4.60E-03 -3.60E-03   65536
   109        1.3       9.5      1.44E-04  1.07E-03  4.30E-03 -3.36E-03   65536
   110        1.3       11.      1.62E-04  1.05E-03  4.05E-03 -3.32E-03   65536
   111        1.3       12.      1.78E-04  1.09E-03  4.24E-03 -3.69E-03   65536
   112        1.3       11.      1.72E-04  1.14E-03  4.65E-03 -3.62E-03   65536
   113        1.3       9.5      1.45E-04  1.11E-03  4.64E-03 -3.26E-03   65536
   114        1.3       7.9      1.21E-04  1.12E-03  3.98E-03 -3.61E-03   65536
   115        1.3       7.6      1.17E-04  1.13E-03  4.04E-03 -3.98E-03   65536
   116        1.3       7.6      1.16E-04  1.09E-03  3.58E-03 -3.57E-03   65536
   117        1.3       5.2      7.98E-05  1.08E-03  3.57E-03 -3.49E-03   65536
   118        1.3       2.7      4.10E-05  1.12E-03  4.06E-03 -4.38E-03   65536
   119        1.3       4.1      6.23E-05  1.16E-03  4.45E-03 -4.74E-03   65536
   120        1.3       8.4      1.28E-04  1.17E-03  4.05E-03 -4.28E-03   65536
   121        1.3       9.3      1.42E-04  1.20E-03  5.07E-03 -3.77E-03   65536
   122        1.3       6.2      9.46E-05  1.21E-03  5.15E-03 -3.86E-03   65536
   123        1.3       4.1      6.28E-05  1.10E-03  4.65E-03 -3.57E-03   65536
   124        1.3       3.9      5.93E-05  1.00E-03  4.16E-03 -3.12E-03   65536
   125        1.3       4.0      6.11E-05  9.71E-04  4.36E-03 -3.29E-03   65536
   126        1.3       3.6      5.48E-05  9.39E-04  4.14E-03 -3.04E-03   65536
   127        1.3       3.0      4.64E-05  8.95E-04  3.50E-03 -3.24E-03   65536
   128        1.3       2.9      4.44E-05  8.50E-04  2.95E-03 -2.57E-03   65536
   129        1.3       3.2      4.94E-05  7.96E-04  3.17E-03 -2.94E-03   65536
   130        1.3       3.2      4.85E-05  7.53E-04  3.12E-03 -2.66E-03   65536
   131        1.3       2.9      4.45E-05  7.42E-04  2.50E-03 -3.21E-03   65536
   132        1.3       2.8      4.24E-05  7.34E-04  2.55E-03 -3.02E-03   65536
   133        1.3       2.4      3.67E-05  7.26E-04  2.86E-03 -2.66E-03   65536
   134        1.3       2.8      4.21E-05  7.34E-04  2.82E-03 -2.61E-03   65536
   135        1.3       3.8      5.74E-05  7.31E-04  2.98E-03 -2.72E-03   65536
   136        1.3       4.1      6.22E-05  6.97E-04  3.02E-03 -2.98E-03   65536
   137        1.3       3.7      5.58E-05  6.85E-04  2.79E-03 -3.24E-03   65536
   138        1.3       3.2      4.82E-05  6.85E-04  3.16E-03 -2.91E-03   65536
   139        1.3       3.1      4.75E-05  7.00E-04  3.29E-03 -2.72E-03   65536
   140        1.3       2.7      4.15E-05  6.66E-04  2.55E-03 -2.77E-03   65536
   141        1.3       1.0      1.53E-05  6.59E-04  2.39E-03 -2.87E-03   65536
   142        1.3     -0.21     -3.20E-06  7.07E-04  2.61E-03 -3.08E-03   65536
   143        1.3     -0.27     -4.17E-06  7.18E-04  2.60E-03 -2.74E-03   65536
   144        1.3     -0.16     -2.39E-06  7.27E-04  3.10E-03 -2.79E-03   65536
   145        1.3     -8.89E-02 -1.36E-06  7.21E-04  2.47E-03 -2.92E-03   65536
   146        1.3     -0.16     -2.51E-06  6.80E-04  2.65E-03 -2.71E-03   65536
   147        1.3     -0.20     -3.02E-06  6.92E-04  2.79E-03 -2.57E-03   65536
   148        1.3     -0.13     -1.97E-06  7.17E-04  3.03E-03 -2.81E-03   65536
   149        1.3     -7.01E-02 -1.07E-06  7.25E-04  3.02E-03 -2.95E-03   65536
   150        1.3     -0.16     -2.39E-06  7.28E-04  2.98E-03 -2.81E-03   65536
   151        1.3     -0.27     -4.11E-06  7.42E-04  3.41E-03 -3.32E-03   65536
   152        1.3     -0.16     -2.40E-06  7.59E-04  3.07E-03 -2.76E-03   65536
   153        1.3      5.10E-02  7.79E-07  7.72E-04  2.80E-03 -2.79E-03   65536
   154        1.3      9.48E-02  1.45E-06  7.55E-04  3.17E-03 -2.89E-03   65536
   155        1.3     -0.12     -1.89E-06  7.38E-04  3.11E-03 -2.75E-03   65536
   156        1.3     -0.32     -4.89E-06  7.29E-04  2.71E-03 -3.19E-03   65536
   157        1.3     -0.28     -4.20E-06  7.61E-04  2.75E-03 -3.03E-03   65536
   158        1.3     -0.15     -2.26E-06  7.83E-04  3.10E-03 -3.00E-03   65536
   159        1.3     -1.19E-02 -1.81E-07  7.58E-04  3.38E-03 -3.05E-03   65536
   160        1.3     -5.63E-02 -8.59E-07  7.44E-04  2.80E-03 -2.84E-03   65536
   161        1.3     -0.13     -2.04E-06  7.69E-04  3.44E-03 -3.69E-03   65536
   162        1.3     -8.28E-02 -1.26E-06  7.87E-04  3.22E-03 -2.92E-03   65536
   163        1.3     -4.59E-02 -7.00E-07  8.05E-04  3.42E-03 -2.79E-03   65536
   164        1.3      0.11      1.72E-06  8.83E-04  3.34E-03 -2.97E-03   65536
   165        1.3      0.43      6.57E-06  8.59E-04  3.34E-03 -3.02E-03   65536
   166        1.3      0.54      8.25E-06  8.56E-04  3.30E-03 -3.46E-03   65536
   167        1.3      0.35      5.40E-06  8.66E-04  3.44E-03 -3.40E-03   65536
   168        1.3      0.21      3.13E-06  8.92E-04  3.54E-03 -3.28E-03   65536
   169        1.3     -3.62E-02 -5.53E-07  9.11E-04  3.84E-03 -3.10E-03   65536
   170        1.3     -0.23     -3.50E-06  9.06E-04  3.18E-03 -3.93E-03   65536
   171        1.3     -0.17     -2.53E-06  9.24E-04  3.77E-03 -3.54E-03   65536
   172        1.3     -0.11     -1.70E-06  1.02E-03  4.10E-03 -3.79E-03   65536
   173        1.3      9.48E-02  1.45E-06  1.04E-03  4.06E-03 -3.72E-03   65536
   174        1.3      0.31      4.67E-06  9.90E-04  4.18E-03 -3.98E-03   65536
   175        1.3      3.96E-02  6.04E-07  1.00E-03  4.09E-03 -3.48E-03   65536
   176        1.3     -0.38     -5.80E-06  1.04E-03  4.48E-03 -3.93E-03   65536
   177        1.3     -0.45     -6.82E-06  1.04E-03  4.05E-03 -3.94E-03   65536
   178        1.3     -0.28     -4.33E-06  1.07E-03  4.19E-03 -4.52E-03   65536
   179        1.3     -9.72E-02 -1.48E-06  1.08E-03  4.42E-03 -5.23E-03   65536
   180        1.3      9.51E-02  1.45E-06  1.09E-03  4.80E-03 -5.54E-03   65536
   181        1.3      0.21      3.19E-06  1.11E-03  4.79E-03 -5.42E-03   65536
   182        1.3      0.31      4.66E-06  1.17E-03  5.22E-03 -4.40E-03   65536
   183        1.3      0.37      5.60E-06  1.20E-03  5.16E-03 -4.31E-03   65536
   184        1.3      0.27      4.14E-06  1.23E-03  5.80E-03 -4.80E-03   65536
   185        1.3      0.22      3.30E-06  1.57E-03  6.36E-03 -6.20E-03   65536
