     1        1.3      0.28      4.30E-06  6.28E-04  3.07E-03 -2.98E-03   65536
     2        1.3      0.60      9.19E-06  5.59E-04  3.00E-03 -2.94E-03   65536
     3        1.3      0.26      3.98E-06  5.53E-04  3.44E-03 -2.61E-03   65536
     4        1.3      0.27      4.14E-06  5.65E-04  3.34E-03 -2.35E-03   65536
     5        1.3       1.2      1.80E-05  5.80E-04  3.37E-03 -2.45E-03   65536
     6        1.3       1.1      1.62E-05  5.89E-04  3.38E-03 -2.35E-03   65536
     7        1.3      0.21      3.26E-06  5.91E-04  3.24E-03 -2.61E-03   65536
     8        1.3     -0.12     -1.83E-06  6.05E-04  3.11E-03 -3.03E-03   65536
     9        1.3     -0.13     -2.02E-06  6.28E-04  3.69E-03 -2.92E-03   65536
    10        1.3      0.20      3.06E-06  6.27E-04  3.81E-03 -3.09E-03   65536
    11        1.3      0.32      4.96E-06  6.23E-04  4.14E-03 -3.17E-03   65536
    12        1.3      9.35E-02  1.43E-06  6.26E-04  3.72E-03 -3.27E-03   65536
    13        1.3      0.32      4.89E-06  6.24E-04  3.15E-03 -3.36E-03   65536
    14        1.3      0.27      4.16E-06  6.45E-04  3.40E-03 -3.16E-03   65536
    15        1.3     -0.57     -8.72E-06  6.67E-04  4.04E-03 -3.01E-03   65536
    16        1.3      -1.0     -1.60E-05  6.69E-04  3.89E-03 -3.06E-03   65536
    17        1.3     -0.69     -1.05E-05  6.78E-04  3.57E-03 -3.10E-03   65536
    18        1.3     -3.41E-02 -5.20E-07  6.72E-04  3.67E-03 -3.52E-03   65536
    19        1.3      0.39      5.94E-06  6.75E-04  3.82E-03 -3.42E-03   65536
    20        1.3      0.72      1.10E-05  6.70E-04  3.54E-03 -3.36E-03   65536
    21        1.3       1.2      1.77E-05  6.73E-04  3.45E-03 -3.44E-03   65536
    22        1.3      0.73      1.11E-05  6.73E-04  3.36E-03 -3.13E-03   65536
    23        1.3     -0.29     -4.47E-06  6.70E-04  3.33E-03 -2.94E-03   65536
    24        1.3     -0.23     -3.46E-06  6.65E-04  3.34E-03 -3.20E-03   65536
    25        1.3      0.10      1.59E-06  6.51E-04  3.49E-03 -3.16E-03   65536
    26        1.3     -0.34     -5.23E-06  6.48E-04  3.28E-03 -3.42E-03   65536
    27        1.3     -0.77     -1.18E-05  6.46E-04  3.49E-03 -3.06E-03   65536
    28        1.3     -0.71     -1.09E-05  6.63E-04  3.16E-03 -3.23E-03   65536
    29        1.3     -0.54     -8.25E-06  6.79E-04  3.39E-03 -3.70E-03   65536
    30        1.3     -0.42     -6.44E-06  6.72E-04  3.42E-03 -3.98E-03   65536
    31        1.3     -6.03E-02 -9.20E-07  6.66E-04  3.61E-03 -3.50E-03   65536
    32        1.3      0.59      8.95E-06  6.69E-04  3.46E-03 -3.01E-03   65536
    33        1.3       1.1      1.60E-05  6.62E-04  3.35E-03 -2.82E-03   65536
    34        1.3      0.83      1.27E-05  6.64E-04  3.49E-03 -3.32E-03   65536
    35        1.3     -8.07E-02 -1.23E-06  6.61E-04  3.52E-03 -3.11E-03   65536
    36        1.3     -0.92     -1.41E-05  6.59E-04  3.74E-03 -3.19E-03   65536
    37        1.3     -0.70     -1.07E-05  6.60E-04  3.77E-03 -3.58E-03   65536
    38        1.3      0.52      7.91E-06  6.60E-04  3.82E-03 -3.61E-03   65536
    39        1.3      0.77      1.18E-05  6.51E-04  3.54E-03 -3.52E-03   65536
    40        1.3     -0.17     -2.61E-06  6.43E-04  3.16E-03 -3.18E-03   65536
    41        1.3     -0.22     -3.36E-06  6.43E-04  3.09E-03 -3.34E-03   65536
    42        1.3      0.18      2.80E-06  6.57E-04  3.63E-03 -3.19E-03   65536
    43        1.3      0.26      3.90E-06  6.52E-04  3.16E-03 -3.28E-03   65536
    44        1.3      0.14      2.18E-06  6.32E-04  3.01E-03 -3.35E-03   65536
    45        1.3     -5.86E-04 -8.95E-09  6.38E-04  2.92E-03 -3.70E-03   65536
    46        1.3      0.23      3.44E-06  6.56E-04  2.85E-03 -3.55E-03   65536
    47        1.3      0.19      2.93E-06  6.54E-04  2.89E-03 -3.80E-03   65536
    48        1.3     -0.24     -3.69E-06  6.60E-04  2.96E-03 -3.57E-03   65536
    49        1.3     -0.25     -3.75E-06  6.59E-04  3.20E-03 -3.55E-03   65536
    50        1.3     -0.22     -3.32E-06  6.63E-04  3.40E-03 -3.45E-03   65536
    51        1.3     -0.59     -8.98E-06  6.94E-04  3.33E-03 -3.28E-03   65536
    52        1.3     -0.49     -7.42E-06  7.19E-04  3.86E-03 -3.34E-03   65536
    53        1.3     -0.61     -9.26E-06  7.17E-04  4.06E-03 -3.39E-03   65536
    54        1.3      -1.4     -2.15E-05  7.14E-04  3.85E-03 -3.73E-03   65536
    55        1.3      -1.5     -2.25E-05  7.17E-04  3.37E-03 -3.24E-03   65536
    56        1.3     -0.62     -9.53E-06  7.19E-04  3.44E-03 -3.16E-03   65536
    57        1.3      0.17      2.54E-06  7.23E-04  3.43E-03 -3.22E-03   65536
    58        1.3      9.94E-02  1.52E-06  7.25E-04  3.56E-03 -3.22E-03   65536
    59        1.3     -0.25     -3.77E-06  7.35E-04  3.55E-03 -3.72E-03   65536
    60        1.3     -0.20     -2.98E-06  7.59E-04  3.67E-03 -3.99E-03   65536
    61        1.3     -0.11     -1.63E-06  7.72E-04  3.23E-03 -4.10E-03   65536
    62        1.3      0.21      3.17E-06  7.70E-04  3.54E-03 -3.85E-03   65536
    63        1.3      0.50      7.70E-06  7.80E-04  4.05E-03 -4.16E-03   65536
    64        1.3      0.59      9.03E-06  7.96E-04  4.12E-03 -4.23E-03   65536
    65        1.3      0.72      1.09E-05  8.05E-04  3.78E-03 -4.10E-03   65536
    66        1.3      0.36      5.49E-06  8.07E-04  3.66E-03 -4.26E-03   65536
    67        1.3     -0.20     -3.02E-06  8.23E-04  4.16E-03 -4.15E-03   65536
    68        1.3     -0.39     -5.92E-06  8.48E-04  4.43E-03 -4.21E-03   65536
    69        1.3     -0.29     -4.39E-06  8.50E-04  4.25E-03 -4.41E-03   65536
    70        1.3      0.41      6.33E-06  8.68E-04  4.26E-03 -4.54E-03   65536
    71        1.3      0.96      1.47E-05  8.76E-04  4.64E-03 -4.73E-03   65536
    72        1.3      0.61      9.37E-06  8.94E-04  4.66E-03 -5.20E-03   65536
    73        1.3     -5.66E-02 -8.64E-07  9.08E-04  4.46E-03 -5.85E-03   65536
    74        1.3     -0.44     -6.66E-06  9.07E-04  4.63E-03 -5.24E-03   65536
    75        1.3     -4.15E-02 -6.33E-07  9.18E-04  4.13E-03 -5.14E-03   65536
    76        1.3      0.86      1.31E-05  9.35E-04  4.23E-03 -6.03E-03   65536
    77        1.3       1.3      1.93E-05  9.48E-04  4.63E-03 -6.03E-03   65536
    78        1.3      0.43      6.51E-06  9.74E-04  4.84E-03 -5.73E-03   65536
    79        1.3     -0.59     -8.94E-06  1.00E-03  5.12E-03 -5.67E-03   65536
    80        1.3     -0.40     -6.13E-06  1.01E-03  5.18E-03 -6.03E-03   65536
    81        1.3     -5.01E-02 -7.64E-07  1.01E-03  5.15E-03 -5.93E-03   65536
    82        1.3      9.65E-02  1.47E-06  1.02E-03  5.09E-03 -5.81E-03   65536
    83        1.3      0.28      4.33E-06  1.04E-03  5.36E-03 -5.52E-03   65536
    84        1.3     -0.37     -5.71E-06  1.06E-03  5.24E-03 -5.87E-03   65536
    85        1.3      -1.3     -2.04E-05  1.07E-03  5.52E-03 -5.84E-03   65536
    86        1.3      -1.3     -1.93E-05  1.08E-03  5.28E-03 -6.16E-03   65536
    87        1.3     -0.31     -4.77E-06  1.09E-03  5.46E-03 -5.95E-03   65536
    88        1.3      9.08E-02  1.39E-06  1.10E-03  5.79E-03 -6.07E-03   65536
    89        1.3     -0.15     -2.31E-06  1.12E-03  5.70E-03 -6.12E-03   65536
    90        1.3      4.86E-03  7.41E-08  1.13E-03  5.53E-03 -6.48E-03   65536
    91        1.3      0.27      4.13E-06  1.13E-03  5.58E-03 -6.67E-03   65536
    92        1.3      0.18      2.78E-06  1.14E-03  6.10E-03 -6.43E-03   65536
    93        1.3     -2.84E-02 -4.33E-07  1.16E-03  6.39E-03 -6.39E-03   65536
    94        1.3     -1.30E-02 -1.98E-07  1.17E-03  6.18E-03 -6.79E-03   65536
    95        1.3     -0.21     -3.22E-06  1.18E-03  5.96E-03 -7.10E-03   65536
    96        1.3     -0.93     -1.41E-05  1.21E-03  5.91E-03 -6.94E-03   65536
    97        1.3      -1.4     -2.12E-05  1.22E-03  6.04E-03 -7.11E-03   65536
    98        1.3      -1.8     -2.71E-05  1.22E-03  6.04E-03 -6.98E-03   65536
    99        1.3      -2.1     -3.23E-05  1.22E-03  6.58E-03 -6.93E-03   65536
   100        1.3      -1.3     -2.06E-05  1.23E-03  6.65E-03 -6.96E-03   65536
   101        1.3     -0.32     -4.92E-06  1.23E-03  6.24E-03 -6.85E-03   65536
   102        1.3     -0.26     -4.02E-06  1.24E-03  6.40E-03 -7.20E-03   65536
   103        1.3     -0.27     -4.16E-06  1.26E-03  6.58E-03 -7.58E-03   65536
   104        1.3     -0.16     -2.38E-06  1.26E-03  6.85E-03 -7.08E-03   65536
   105        1.3     -0.41     -6.19E-06  1.27E-03  6.85E-03 -7.04E-03   65536
   106        1.3     -0.29     -4.35E-06  1.28E-03  6.53E-03 -7.66E-03   65536
   107        1.3     -2.01E-02 -3.06E-07  1.29E-03  6.74E-03 -7.50E-03   65536
   108        1.3     -0.35     -5.35E-06  1.29E-03  6.99E-03 -7.48E-03   65536
   109        1.3     -0.69     -1.05E-05  1.28E-03  6.82E-03 -7.17E-03   65536
   110        1.3     -0.87     -1.33E-05  1.28E-03  6.48E-03 -7.53E-03   65536
   111        1.3      -1.0     -1.60E-05  1.30E-03  6.57E-03 -8.22E-03   65536
   112        1.3     -0.85     -1.30E-05  1.32E-03  6.71E-03 -8.13E-03   65536
   113        1.3     -0.58     -8.80E-06  1.31E-03  7.21E-03 -7.61E-03   65536
   114        1.3      4.65E-02  7.09E-07  1.31E-03  6.99E-03 -7.80E-03   65536
   115        1.3      0.91      1.39E-05  1.31E-03  6.69E-03 -8.02E-03   65536
   116        1.3      0.72      1.10E-05  1.28E-03  7.09E-03 -7.81E-03   65536
   117        1.3      0.35      5.29E-06  1.27E-03  7.12E-03 -7.28E-03   65536
   118        1.3      0.53      8.16E-06  1.29E-03  7.02E-03 -7.15E-03   65536
   119        1.3      0.25      3.88E-06  1.30E-03  7.29E-03 -7.43E-03   65536
   120        1.3     -1.00E-03 -1.53E-08  1.29E-03  7.02E-03 -7.84E-03   65536
   121        1.3      0.36      5.53E-06  1.28E-03  7.03E-03 -8.02E-03   65536
   122        1.3      0.79      1.20E-05  1.28E-03  6.87E-03 -8.27E-03   65536
   123        1.3       1.3      2.06E-05  1.27E-03  6.77E-03 -7.94E-03   65536
   124        1.3       1.9      2.88E-05  1.26E-03  6.46E-03 -7.18E-03   65536
   125        1.3       1.8      2.72E-05  1.26E-03  6.88E-03 -7.32E-03   65536
   126        1.3       1.4      2.20E-05  1.25E-03  7.44E-03 -7.40E-03   65536
   127        1.3       1.4      2.15E-05  1.24E-03  7.12E-03 -7.34E-03   65536
   128        1.3       1.3      2.00E-05  1.23E-03  7.04E-03 -7.21E-03   65536
   129        1.3       1.3      2.01E-05  1.21E-03  7.16E-03 -7.23E-03   65536
   130        1.3       1.7      2.59E-05  1.20E-03  6.43E-03 -6.92E-03   65536
   131        1.3       1.6      2.40E-05  1.19E-03  6.52E-03 -6.86E-03   65536
   132        1.3      0.88      1.34E-05  1.16E-03  6.58E-03 -6.77E-03   65536
   133        1.3      0.52      7.89E-06  1.14E-03  6.66E-03 -6.91E-03   65536
   134        1.3      0.63      9.61E-06  1.13E-03  6.32E-03 -6.62E-03   65536
   135        1.3       1.1      1.61E-05  1.11E-03  6.37E-03 -6.49E-03   65536
   136        1.3       1.1      1.66E-05  1.11E-03  5.96E-03 -6.94E-03   65536
   137        1.3      0.41      6.18E-06  1.15E-03  6.36E-03 -7.18E-03   65536
   138        1.3      0.27      4.04E-06  1.19E-03  6.78E-03 -7.00E-03   65536
   139        1.3      0.58      8.89E-06  1.16E-03  6.17E-03 -6.63E-03   65536
   140        1.3      0.67      1.02E-05  1.07E-03  5.63E-03 -6.62E-03   65536
   141        1.3      0.65      9.91E-06  1.01E-03  5.37E-03 -6.20E-03   65536
   142        1.3      0.41      6.30E-06  9.66E-04  5.21E-03 -5.70E-03   65536
   143        1.3      0.29      4.40E-06  9.42E-04  5.26E-03 -5.53E-03   65536
   144        1.3      0.46      6.95E-06  9.13E-04  4.72E-03 -5.57E-03   65536
   145        1.3      0.24      3.64E-06  8.99E-04  4.89E-03 -5.30E-03   65536
   146        1.3     -0.17     -2.52E-06  9.06E-04  4.85E-03 -5.00E-03   65536
   147        1.3     -1.12E-02 -1.70E-07  8.63E-04  4.54E-03 -4.60E-03   65536
   148        1.3      0.21      3.17E-06  8.23E-04  4.26E-03 -4.84E-03   65536
   149        1.3      0.22      3.40E-06  7.97E-04  4.35E-03 -4.97E-03   65536
   150        1.3      0.16      2.40E-06  7.84E-04  4.39E-03 -4.37E-03   65536
   151        1.3     -0.37     -5.67E-06  7.46E-04  4.23E-03 -4.16E-03   65536
   152        1.3     -0.84     -1.28E-05  7.13E-04  3.95E-03 -4.01E-03   65536
   153        1.3     -0.49     -7.41E-06  6.87E-04  3.85E-03 -3.50E-03   65536
   154        1.3     -0.20     -3.03E-06  6.74E-04  3.48E-03 -3.56E-03   65536
   155        1.3     -0.36     -5.50E-06  6.57E-04  3.44E-03 -3.41E-03   65536
   156        1.3     -0.41     -6.29E-06  6.31E-04  3.46E-03 -3.25E-03   65536
   157        1.3     -0.42     -6.35E-06  6.03E-04  3.44E-03 -2.67E-03   65536
   158        1.3     -0.78     -1.19E-05  5.77E-04  2.60E-03 -2.50E-03   65536
   159        1.3      -1.5     -2.30E-05  5.64E-04  2.37E-03 -2.46E-03   65536
   160        1.3      -1.9     -2.93E-05  5.39E-04  2.41E-03 -2.77E-03   65536
   161        1.3      -1.7     -2.61E-05  5.22E-04  2.17E-03 -2.53E-03   65536
   162        1.3      -1.6     -2.49E-05  5.16E-04  2.04E-03 -2.41E-03   65536
   163        1.3      -1.8     -2.67E-05  5.02E-04  1.95E-03 -2.43E-03   65536
   164        1.3      -1.4     -2.08E-05  5.06E-04  1.99E-03 -2.71E-03   65536
   165        1.3      -1.0     -1.60E-05  5.16E-04  1.87E-03 -2.15E-03   65536
   166        1.3      -1.1     -1.64E-05  5.15E-04  2.17E-03 -2.31E-03   65536
   167        1.3     -0.73     -1.11E-05  5.08E-04  1.88E-03 -1.92E-03   65536
   168        1.3     -0.26     -3.90E-06  5.12E-04  2.33E-03 -2.44E-03   65536
   169        1.3     -0.43     -6.54E-06  5.37E-04  2.62E-03 -2.76E-03   65536
   170        1.3     -0.90     -1.38E-05  5.53E-04  2.59E-03 -2.34E-03   65536
   171        1.3     -0.97     -1.48E-05  5.77E-04  2.94E-03 -2.54E-03   65536
   172        1.3     -0.68     -1.04E-05  6.11E-04  3.04E-03 -3.02E-03   65536
   173        1.3     -9.64E-02 -1.47E-06  6.58E-04  3.49E-03 -3.08E-03   65536
   174        1.3      0.31      4.75E-06  7.07E-04  3.89E-03 -3.35E-03   65536
   175        1.3      0.50      7.67E-06  7.48E-04  3.95E-03 -3.89E-03   65536
   176        1.3      0.47      7.12E-06  7.90E-04  4.23E-03 -4.05E-03   65536
   177        1.3     -1.50E-02 -2.29E-07  8.29E-04  4.74E-03 -4.35E-03   65536
   178        1.3      4.25E-02  6.49E-07  8.88E-04  5.64E-03 -4.63E-03   65536
   179        1.3      0.69      1.06E-05  9.52E-04  5.80E-03 -4.73E-03   65536
   180        1.3       1.0      1.57E-05  1.02E-03  5.88E-03 -5.23E-03   65536
   181        1.3      0.93      1.41E-05  1.08E-03  6.41E-03 -6.17E-03   65536
   182        1.3      0.59      9.01E-06  1.15E-03  6.66E-03 -6.42E-03   65536
   183        1.3      0.39      5.90E-06  1.22E-03  7.38E-03 -6.86E-03   65536
   184        1.3      0.63      9.59E-06  1.28E-03  7.79E-03 -6.90E-03   65536
   185        1.3      0.70      1.07E-05  1.37E-03  8.37E-03 -7.46E-03   65536
