freq[Hz],vel[km/s],flux[Jy/beam],noise[Jy/beam],tau,tau_noise
1323408507.0 21972.8391076 0.0 nan nan nan
1323330382.68 21991.8348883 0.000432332337368 nan nan nan
1323252258.37 22010.8329121 0.00088972406229 nan nan nan
1323174134.05 22029.8331792 0.000186826859135 nan nan nan
1323096009.74 22048.8356901 -0.000714538153261 nan -inf nan
1323017885.42 22067.8404453 -0.000181149691343 nan -inf nan
1322939761.1 22086.847445 0.000684458296746 nan nan nan
1322861636.79 22105.8566897 0.000788642908446 nan nan nan
1322783512.47 22124.8681798 0.000517715583555 nan nan nan
1322705388.16 22143.8819157 -0.000267194292974 nan -inf nan
1322627263.84 22162.8978978 -0.000949136156123 nan -inf nan
1322549139.52 22181.9161265 -0.000472494488349 nan -inf nan
1322471015.21 22200.9366022 0.000617716927081 nan nan nan
1322392890.89 22219.9593252 0.000727802165784 nan nan nan
1322314766.58 22238.984296 0.000335687887855 nan nan nan
1322236642.26 22258.011515 0.00014603852469 nan nan nan
1322158517.94 22277.0409826 -0.000350887363311 nan -inf nan
1322080393.63 22296.0726992 -0.000274510879535 nan -inf nan
1322002269.31 22315.1066651 0.000319002050674 nan nan nan
1321924145.0 22334.1428808 0.00042411297909 nan nan nan
1321846020.68 22353.1813467 0.000185488141142 nan nan nan
1321767896.36 22372.2220632 -0.000282921013422 nan -inf nan
1321689772.05 22391.2650306 -0.000833175494336 nan -inf nan
1321611647.73 22410.3102494 -0.000711368920747 nan -inf nan
1321533523.42 22429.35772 -9.33454430196e-05 nan -inf nan
1321455399.1 22448.4074427 -0.000139541822136 nan -inf nan
1321377274.78 22467.459418 -0.000500419468153 nan -inf nan
1321299150.47 22486.5136463 -0.000734813511372 nan -inf nan
1321221026.15 22505.570128 -0.000440150208306 nan -inf nan
1321142901.83 22524.6288634 0.000294170109555 nan nan nan
1321064777.52 22543.6898529 0.00012441520812 nan nan nan
1320986653.2 22562.7530971 -0.000170336483279 nan -inf nan
1320908528.89 22581.8185962 -8.02297290647e-05 nan -inf nan
1320830404.57 22600.8863507 -0.000648747314699 nan -inf nan
1320752280.25 22619.9563609 -0.00143818336073 nan -inf nan
1320674155.94 22639.0286274 -0.0010881125927 nan -inf nan
1320596031.62 22658.1031503 -0.000434422167018 nan -inf nan
1320517907.31 22677.1799303 6.5826025093e-05 nan nan nan
1320439782.99 22696.2589676 0.000634731899481 nan nan nan
1320361658.67 22715.3402627 0.000473554362543 nan nan nan
1320283534.36 22734.423816 0.000143732904689 nan nan nan
1320205410.04 22753.5096278 0.000300474173855 nan nan nan
1320127285.73 22772.5976986 0.000632932875305 nan nan nan
1320049161.41 22791.6880288 0.00021318999643 nan nan nan
1319971037.09 22810.7806188 -0.000732977990992 nan -inf nan
1319892912.78 22829.8754689 -0.00105272710789 nan -inf nan
1319814788.46 22848.9725797 -0.000781242677476 nan -inf nan
1319736664.15 22868.0719513 -0.000495172978844 nan -inf nan
1319658539.83 22887.1735844 -0.000161673786351 nan -inf nan
1319580415.51 22906.2774793 -1.90444261534e-05 nan -inf nan
1319502291.2 22925.3836363 6.97931682225e-06 nan nan nan
1319424166.88 22944.492056 0.000203527772101 nan nan nan
1319346042.57 22963.6027386 0.000545784656424 nan nan nan
1319267918.25 22982.7156846 0.000886937254108 nan nan nan
1319189793.93 23001.8308944 0.000575492391363 nan nan nan
1319111669.62 23020.9483684 0.000428911240306 nan nan nan
1319033545.3 23040.068107 0.000861716689542 nan nan nan
1318955420.99 23059.1901106 0.00109558866825 nan nan nan
1318877296.67 23078.3143796 0.000934527604841 nan nan nan
1318799172.35 23097.4409144 0.000456311303424 nan nan nan
1318721048.04 23116.5697154 0.000192504609004 nan nan nan
1318642923.72 23135.700783 0.000581521424465 nan nan nan
1318564799.41 23154.8341176 0.0010472945869 nan nan nan
1318486675.09 23173.9697197 0.000721636111848 nan nan nan
1318408550.77 23193.1075895 0.000230416640989 nan nan nan
1318330426.46 23212.2477276 0.0004004118382 nan nan nan
1318252302.14 23231.3901343 0.000439374503912 nan nan nan
1318174177.83 23250.53481 1.76295434358e-05 nan nan nan
1318096053.51 23269.6817552 -0.000439874915173 nan -inf nan
1318017929.19 23288.8309702 -0.000488107354613 nan -inf nan
1317939804.88 23307.9824555 2.44841576205e-05 nan nan nan
1317861680.56 23327.1362113 0.00030489396886 nan nan nan
1317783556.25 23346.2922383 0.000367984408513 nan nan nan
1317705431.93 23365.4505367 0.000226366799325 nan nan nan
1317627307.61 23384.6111069 -0.00047431391431 nan -inf nan
1317549183.3 23403.7739494 -0.000710929336492 nan -inf nan
1317471058.98 23422.9390646 -0.00023726427753 nan -inf nan
1317392934.66 23442.1064528 0.000146824313561 nan nan nan
1317314810.35 23461.2761145 -0.000287278642645 nan -inf nan
1317236686.03 23480.4480501 -0.0010981693631 nan -inf nan
1317158561.72 23499.6222599 -0.000731539272238 nan -inf nan
1317080437.4 23518.7987445 -4.23539750045e-05 nan -inf nan
1317002313.08 23537.9775041 5.76594829909e-05 nan nan nan
1316924188.77 23557.1585392 -0.000370170426322 nan -inf nan
1316846064.45 23576.3418503 -0.00118571915664 nan -inf nan
1316767940.14 23595.5274376 -0.00127681263257 nan -inf nan
1316689815.82 23614.7153017 -0.000805414863862 nan -inf nan
1316611691.5 23633.9054428 -8.31073557492e-05 nan -inf nan
1316533567.19 23653.0978615 0.000608653877862 nan nan nan
1316455442.87 23672.2925581 9.2992966529e-05 nan nan nan
1316377318.56 23691.4895331 -0.000600449857302 nan -inf nan
1316299194.24 23710.6887867 -0.000390096625779 nan -inf nan
1316221069.92 23729.8903196 -2.6949957828e-05 nan -inf nan
1316142945.61 23749.0941319 0.000609870417975 nan nan nan
1316064821.29 23768.3002243 0.000667254731525 nan nan nan
1315986696.98 23787.508597 0.000282769004116 nan nan nan
1315908572.66 23806.7192504 0.000608730304521 nan nan nan
1315830448.34 23825.9321851 0.000452408916317 nan nan nan
1315752324.03 23845.1474013 8.10400160844e-05 nan nan nan
1315674199.71 23864.3648995 -0.000215157022467 nan -inf nan
1315596075.4 23883.5846801 -0.000948755070567 nan -inf nan
1315517951.08 23902.8067435 -0.000559697509743 nan -inf nan
1315439826.76 23922.0310901 -0.000138583534863 nan -inf nan
1315361702.45 23941.2577203 -0.00139409932308 nan -inf nan
1315283578.13 23960.4866345 -0.00190635491163 nan -inf nan
1315205453.82 23979.7178332 -0.000838542357087 nan -inf nan
1315127329.5 23998.9513167 8.82640415512e-06 nan nan nan
1315049205.18 24018.1870854 -4.1827064706e-05 nan -inf nan
1314971080.87 24037.4251398 -0.000274175428785 nan -inf nan
1314892956.55 24056.6654802 -0.000354526448064 nan -inf nan
1314814832.24 24075.9081072 -0.000618523801677 nan -inf nan
1314736707.92 24095.1530209 -0.000577055034228 nan -inf nan
1314658583.6 24114.400222 -0.000264075759333 nan -inf nan
1314580459.29 24133.6497107 -9.66990555753e-05 nan -inf nan
1314502334.97 24152.9014876 0.000122271361761 nan nan nan
1314424210.66 24172.1555529 2.16121261474e-05 nan nan nan
1314346086.34 24191.4119072 -0.000146682519699 nan -inf nan
1314267962.02 24210.6705508 0.000134496222017 nan nan nan
1314189837.71 24229.9314841 0.000338530837325 nan nan nan
1314111713.39 24249.1947075 0.000373555638362 nan nan nan
1314033589.08 24268.4602215 -1.78620684892e-05 nan -inf nan
1313955464.76 24287.7280264 -0.000217188440729 nan -inf nan
1313877340.44 24306.9981227 0.000244105554884 nan nan nan
1313799216.13 24326.2705108 0.000229176424909 nan nan nan
1313721091.81 24345.545191 0.000387493520975 nan nan nan
1313642967.5 24364.8221639 0.00058340333635 nan nan nan
1313564843.18 24384.1014297 -0.000202868191991 nan -inf nan
1313486718.86 24403.382989 -0.000481098919408 nan -inf nan
1313408594.55 24422.666842 1.43822253449e-05 nan nan nan
1313330470.23 24441.9529893 0.000288525305223 nan nan nan
1313252345.91 24461.2414312 0.000380696961656 nan nan nan
1313174221.6 24480.5321682 3.27556626871e-05 nan nan nan
1313096097.28 24499.8252006 -0.000590132316574 nan -inf nan
1313017972.97 24519.1205289 -0.000889186980203 nan -inf nan
1312939848.65 24538.4181534 -0.00087293802062 nan -inf nan
1312861724.33 24557.7180746 -0.000239407876506 nan -inf nan
1312783600.02 24577.020293 0.000627214962151 nan nan nan
1312705475.7 24596.3248088 0.00053643679712 nan nan nan
1312627351.39 24615.6316225 -0.000238719265326 nan -inf nan
1312549227.07 24634.9407346 4.70720115118e-05 nan nan nan
1312471102.75 24654.2521454 0.00118011713494 nan nan nan
1312392978.44 24673.5658554 0.000778305111453 nan nan nan
1312314854.12 24692.8818649 -5.39477405255e-05 nan -inf nan
1312236729.81 24712.2001743 -3.26955123455e-05 nan -inf nan
1312158605.49 24731.5207842 -2.11904043681e-05 nan -inf nan
1312080481.17 24750.8436948 8.99327496882e-05 nan nan nan
1312002356.86 24770.1689066 0.000173615204403 nan nan nan
1311924232.54 24789.4964201 -0.000167850899743 nan -inf nan
1311846108.23 24808.8262355 -0.000798830005806 nan -inf nan
1311767983.91 24828.1583534 -0.00118371634744 nan -inf nan
1311689859.59 24847.4927742 -0.000785596901551 nan -inf nan
1311611735.28 24866.8294982 -0.000177015637746 nan -inf nan
1311533610.96 24886.1685258 -0.000502475886606 nan -inf nan
1311455486.65 24905.5098576 -0.00089149933774 nan -inf nan
1311377362.33 24924.8534938 -0.000620118516963 nan -inf nan
1311299238.01 24944.1994349 -1.84116215678e-05 nan -inf nan
1311221113.7 24963.5476814 0.000721003045328 nan nan nan
1311142989.38 24982.8982336 0.000931591843255 nan nan nan
1311064865.07 25002.2510919 0.000574050995056 nan nan nan
1310986740.75 25021.6062567 0.000832659658045 nan nan nan
1310908616.43 25040.9637286 0.000942762766499 nan nan nan
1310830492.12 25060.3235078 7.27001679479e-06 nan nan nan
1310752367.8 25079.6855948 -0.000814953120425 nan -inf nan
1310674243.49 25099.0499899 -0.000998470466584 nan -inf nan
1310596119.17 25118.4166938 -9.08903602976e-05 nan -inf nan
1310517994.85 25137.7857066 0.000804062059615 nan nan nan
1310439870.54 25157.1570289 0.000730601488613 nan nan nan
1310361746.22 25176.530661 0.000792422739323 nan nan nan
1310283621.91 25195.9066034 0.000978729920462 nan nan nan
1310205497.59 25215.2848564 0.000121918390505 nan nan nan
1310127373.27 25234.6654206 -0.000839449057821 nan -inf nan
1310049248.96 25254.0482963 -0.000274444755632 nan -inf nan
1309971124.64 25273.4334839 0.000242898691795 nan nan nan
1309893000.33 25292.8209838 -0.000186144272448 nan -inf nan
1309814876.01 25312.2107964 -0.000498119858094 nan -inf nan
1309736751.69 25331.6029223 -0.000645604799502 nan -inf nan
1309658627.38 25350.9973617 -0.000813896360341 nan -inf nan
1309580503.06 25370.3941151 -0.000661306374241 nan -inf nan
1309502378.75 25389.7931829 -0.000283039815258 nan -inf nan
1309424254.43 25409.1945655 -0.00028755137464 nan -inf nan
1309346130.11 25428.5982633 -0.000208052384551 nan -inf nan
1309268005.8 25448.0042768 4.61212039227e-06 nan nan nan
1309189881.48 25467.4126064 -0.000140048694448 nan -inf nan
1309111757.16 25486.8232524 0.000407010957133 nan nan nan
1309033632.85 25506.2362153 0.00129383814055 nan nan nan
1308955508.53 25525.6514955 0.000773960317019 nan nan nan
1308877384.22 25545.0690935 0.000229345998378 nan nan nan
1308799259.9 25564.4890095 0.000402743637096 nan nan nan
1308721135.58 25583.9112442 9.20552047319e-05 nan nan nan
1308643011.27 25603.3357978 -0.000148203995195 nan -inf nan
1308564886.95 25622.7626707 -0.000113473150122 nan -inf nan
1308486762.64 25642.1918635 0.00041881899233 nan nan nan
1308408638.32 25661.6233765 0.00125555694103 nan nan nan
1308330514.0 25681.0572101 0.0011868509464 nan nan nan
1308252389.69 25700.4933647 0.000863772351295 nan nan nan
1308174265.37 25719.9318408 0.000860083207954 nan nan nan
1308096141.06 25739.3726388 -0.000229932251386 nan -inf nan
1308018016.74 25758.8157591 -0.00123499077745 nan -inf nan
1307939892.42 25778.2612021 -0.000382270140108 nan -inf nan
1307861768.11 25797.7089682 -0.000244157068664 nan -inf nan
1307783643.79 25817.1590578 -0.0011960521806 nan -inf nan
1307705519.48 25836.6114714 -0.000969185377471 nan -inf nan
1307627395.16 25856.0662094 -0.000134757909109 nan -inf nan
1307549270.84 25875.5232721 8.02126596682e-05 nan nan nan
1307471146.53 25894.9826601 -0.000222392496653 nan -inf nan
1307393022.21 25914.4443737 -0.000501178961713 nan -inf nan
1307314897.9 25933.9084133 -0.000618649763055 nan -inf nan
1307236773.58 25953.3747794 -0.000183719210327 nan -inf nan
1307158649.26 25972.8434723 0.000547203759197 nan nan nan
1307080524.95 25992.3144926 0.000323668326018 nan nan nan
1307002400.63 26011.7878406 -0.000609156675637 nan -inf nan
1306924276.32 26031.2635166 -0.00102317053825 nan -inf nan
1306846152.0 26050.7415213 -0.000981872435659 nan -inf nan
1306768027.68 26070.2218548 -0.000187604571693 nan -inf nan
1306689903.37 26089.7045178 0.000932834693231 nan nan nan
1306611779.05 26109.1895106 0.000641708204057 nan nan nan
1306533654.74 26128.6768335 0.000115262926556 nan nan nan
1306455530.42 26148.1664872 0.000219280744204 nan nan nan
1306377406.1 26167.6584718 -0.000263068941422 nan -inf nan
1306299281.79 26187.1527879 -0.000961160578299 nan -inf nan
