freq[Hz],vel[km/s],flux[Jy/beam],noise[Jy/beam],tau,tau_noise
1270053142.76 35490.3086126 0.0 nan nan nan
1269975015.01 35510.9349144 0.0 nan nan nan
1269896887.26 35531.5637541 0.0 nan nan nan
1269818759.51 35552.1951323 0.0 nan nan nan
1269740631.76 35572.8290493 0.0 nan nan nan
1269662504.01 35593.4655058 0.0 nan nan nan
1269584376.27 35614.1045021 0.0 nan nan nan
1269506248.52 35634.7460388 0.0 nan nan nan
1269428120.77 35655.3901162 0.0 nan nan nan
1269349993.02 35676.0367349 0.0 nan nan nan
1269271865.27 35696.6858954 0.0 nan nan nan
1269193737.52 35717.337598 0.0 nan nan nan
1269115609.77 35737.9918433 0.0 nan nan nan
1269037482.02 35758.6486318 0.0 nan nan nan
1268959354.27 35779.3079638 0.0 nan nan nan
1268881226.52 35799.96984 0.0 nan nan nan
1268803098.77 35820.6342606 0.0 nan nan nan
1268724971.03 35841.3012263 0.0 nan nan nan
1268646843.28 35861.9707375 0.0 nan nan nan
1268568715.53 35882.6427947 0.0 nan nan nan
1268490587.78 35903.3173983 0.0 nan nan nan
1268412460.03 35923.9945488 0.0 nan nan nan
1268334332.28 35944.6742466 0.0 nan nan nan
1268256204.53 35965.3564923 0.0 nan nan nan
1268178076.78 35986.0412863 0.0 nan nan nan
1268099949.03 36006.7286291 0.0 nan nan nan
1268021821.28 36027.4185212 0.0 nan nan nan
1267943693.53 36048.1109629 0.0 nan nan nan
1267865565.79 36068.8059549 0.0 nan nan nan
1267787438.04 36089.5034975 0.0 nan nan nan
1267709310.29 36110.2035913 0.0 nan nan nan
1267631182.54 36130.9062367 0.0 nan nan nan
1267553054.79 36151.6114342 0.0 nan nan nan
1267474927.04 36172.3191842 0.0 nan nan nan
1267396799.29 36193.0294873 0.0 nan nan nan
1267318671.54 36213.7423439 0.0 nan nan nan
1267240543.79 36234.4577544 0.0 nan nan nan
1267162416.04 36255.1757194 0.0 nan nan nan
1267084288.29 36275.8962393 0.0 nan nan nan
1267006160.55 36296.6193146 0.0 nan nan nan
1266928032.8 36317.3449457 0.0 nan nan nan
1266849905.05 36338.0731332 0.0 nan nan nan
1266771777.3 36358.8038775 0.0 nan nan nan
1266693649.55 36379.5371791 0.0 nan nan nan
1266615521.8 36400.2730384 0.0 nan nan nan
1266537394.05 36421.011456 0.0 nan nan nan
1266459266.3 36441.7524322 0.0 nan nan nan
1266381138.55 36462.4959677 0.0 nan nan nan
1266303010.8 36483.2420628 -0.000432728324085 nan -inf nan
1266224883.05 36503.990718 -0.0015035062097 nan -inf nan
1266146755.31 36524.7419338 -0.00212337868288 nan -inf nan
1266068627.56 36545.4957107 -0.00046688306611 nan -inf nan
1265990499.81 36566.2520491 0.00208733230829 nan nan nan
1265912372.06 36587.0109495 0.00293302861974 nan nan nan
1265834244.31 36607.7724125 0.00298240687698 nan nan nan
1265756116.56 36628.5364384 0.00129846623167 nan nan nan
1265677988.81 36649.3030277 -0.0020345444791 nan -inf nan
1265599861.06 36670.072181 -0.00364196300507 nan -inf nan
1265521733.31 36690.8438987 -0.00273195467889 nan -inf nan
1265443605.56 36711.6181812 -0.000613706069998 nan -inf nan
1265365477.81 36732.3950291 0.000157868315 nan nan nan
1265287350.07 36753.1744427 -0.000697726150975 nan -inf nan
1265209222.32 36773.9564227 -0.00107777118683 nan -inf nan
1265131094.57 36794.7409695 -0.00117301708087 nan -inf nan
1265052966.82 36815.5280835 -0.000786394521128 nan -inf nan
1264974839.07 36836.3177652 0.000242293666815 nan nan nan
1264896711.32 36857.1100151 0.00031572082662 nan nan nan
1264818583.57 36877.9048337 0.000465399061795 nan nan nan
1264740455.82 36898.7022214 0.000719020550605 nan nan nan
1264662328.07 36919.5021787 -5.2259892982e-05 nan -inf nan
1264584200.32 36940.3047062 -0.00022082545911 nan -inf nan
1264506072.57 36961.1098042 0.000391704234062 nan nan nan
1264427944.83 36981.9174733 0.000303871987853 nan nan nan
1264349817.08 37002.7277139 0.000822697125841 nan nan nan
1264271689.33 37023.5405265 0.0021012017969 nan nan nan
1264193561.58 37044.3559116 0.00178964913357 nan nan nan
1264115433.83 37065.1738697 0.00104315730277 nan nan nan
1264037306.08 37085.9944012 0.000928705441765 nan nan nan
1263959178.33 37106.8175066 0.000373217975721 nan nan nan
1263881050.58 37127.6431864 -0.000526587362401 nan -inf nan
1263802922.83 37148.471441 -0.000373125018086 nan -inf nan
1263724795.08 37169.3022711 0.00029138836544 nan nan nan
1263646667.33 37190.1356769 -0.000371831672965 nan -inf nan
1263568539.59 37210.971659 -0.000936995376833 nan -inf nan
1263490411.84 37231.810218 -0.000567077717278 nan -inf nan
1263412284.09 37252.6513541 -0.000686406041496 nan -inf nan
1263334156.34 37273.4950681 -0.000557051971555 nan -inf nan
1263256028.59 37294.3413602 8.25242386782e-05 nan nan nan
1263177900.84 37315.190231 -0.000312070944346 nan -inf nan
1263099773.09 37336.041681 -0.000774532032665 nan -inf nan
1263021645.34 37356.8957107 -0.000225402560318 nan -inf nan
1262943517.59 37377.7523204 -9.53321869019e-05 nan -inf nan
1262865389.84 37398.6115108 -0.000380675279303 nan -inf nan
1262787262.09 37419.4732823 0.00044505725964 nan nan nan
1262709134.35 37440.3376353 0.000837174942717 nan nan nan
1262631006.6 37461.2045704 -1.24986108858e-05 nan -inf nan
1262552878.85 37482.074088 -0.00038360117469 nan -inf nan
1262474751.1 37502.9461886 -0.00105997791979 nan -inf nan
1262396623.35 37523.8208727 -0.00126542162616 nan -inf nan
1262318495.6 37544.6981407 -0.000124244528706 nan -inf nan
1262240367.85 37565.5779932 0.0003745398717 nan nan nan
1262162240.1 37586.4604306 -3.07276786771e-06 nan -inf nan
1262084112.35 37607.3454535 -0.000439597468358 nan -inf nan
1262005984.6 37628.2330622 -0.000658590230159 nan -inf nan
1261927856.85 37649.1232572 -0.000523355673067 nan -inf nan
1261849729.11 37670.0160391 -0.000254349870374 nan -inf nan
1261771601.36 37690.9114084 8.36236140458e-05 nan nan nan
1261693473.61 37711.8093654 0.00091853342019 nan nan nan
1261615345.86 37732.7099107 0.00101643125527 nan nan nan
1261537218.11 37753.6130448 0.0004737903364 nan nan nan
1261459090.36 37774.5187682 0.000984260230325 nan nan nan
1261380962.61 37795.4270812 0.00134748162236 nan nan nan
1261302834.86 37816.3379845 0.000911044713575 nan nan nan
1261224707.11 37837.2514785 0.000571814831346 nan nan nan
1261146579.36 37858.1675636 5.22020854987e-05 nan nan nan
1261068451.61 37879.0862404 -0.000613635289483 nan -inf nan
1260990323.87 37900.0075093 -0.00103642314207 nan -inf nan
1260912196.12 37920.9313709 -0.000648610119242 nan -inf nan
1260834068.37 37941.8578255 0.000534765073098 nan nan nan
1260755940.62 37962.7868738 0.000820109853521 nan nan nan
1260677812.87 37983.7185161 0.000515885301866 nan nan nan
1260599685.12 38004.6527529 0.000127661565784 nan nan nan
1260521557.37 38025.5895848 -0.000646791013423 nan -inf nan
1260443429.62 38046.5290121 -0.00113827944733 nan -inf nan
1260365301.87 38067.4710355 -0.00178903806955 nan -inf nan
1260287174.12 38088.4156554 -0.00390589283779 nan -inf nan
1260209046.37 38109.3628722 -0.00705110840499 nan -inf nan
1260130918.63 38130.3126864 -0.00927723385394 nan -inf nan
1260052790.88 38151.2650986 -0.0114574218169 nan -inf nan
1259974663.13 38172.2201092 -0.0132564902306 nan -inf nan
1259896535.38 38193.1777187 -0.0125312777236 nan -inf nan
1259818407.63 38214.1379275 -0.0105255944654 nan -inf nan
1259740279.88 38235.1007362 -0.0079188561067 nan -inf nan
1259662152.13 38256.0661453 -0.0049030026421 nan -inf nan
1259584024.38 38277.0341552 -0.00227226410061 nan -inf nan
1259505896.63 38298.0047664 -0.000466993369628 nan -inf nan
1259427768.88 38318.9779794 0.000236200357904 nan nan nan
1259349641.13 38339.9537946 0.000153830536874 nan nan nan
1259271513.39 38360.9322127 -0.000784528325312 nan -inf nan
1259193385.64 38381.913234 -0.00128509907518 nan -inf nan
1259115257.89 38402.896859 -0.000795374799054 nan -inf nan
1259037130.14 38423.8830882 -0.00020593458612 nan -inf nan
1258959002.39 38444.8719221 -0.00026235889527 nan -inf nan
1258880874.64 38465.8633613 -0.00128500256687 nan -inf nan
1258802746.89 38486.8574061 -0.00157051370479 nan -inf nan
1258724619.14 38507.854057 -0.000436248868937 nan -inf nan
1258646491.39 38528.8533146 0.000776471686549 nan nan nan
1258568363.64 38549.8551793 0.00107515021227 nan nan nan
1258490235.89 38570.8596517 0.000436765054474 nan nan nan
1258412108.15 38591.8667321 -0.000524766102899 nan -inf nan
1258333980.4 38612.8764211 -0.0002310621785 nan -inf nan
1258255852.65 38633.8887192 0.000417009432567 nan nan nan
1258177724.9 38654.9036269 0.000289920368232 nan nan nan
1258099597.15 38675.9211446 5.64597430639e-05 nan nan nan
1258021469.4 38696.9412728 -6.3463638071e-05 nan -inf nan
1257943341.65 38717.9640121 0.000944684376009 nan nan nan
1257865213.9 38738.9893628 0.0015560555039 nan nan nan
1257787086.15 38760.0173256 0.00146209448576 nan nan nan
1257708958.4 38781.0479008 0.00164713338017 nan nan nan
1257630830.65 38802.0810889 0.00114500615746 nan nan nan
1257552702.91 38823.1168906 0.000267792318482 nan nan nan
1257474575.16 38844.1553061 0.000285298097879 nan nan nan
1257396447.41 38865.1963361 0.000890801311471 nan nan nan
1257318319.66 38886.239981 0.00105814728886 nan nan nan
1257240191.91 38907.2862413 0.00137410778552 nan nan nan
1257162064.16 38928.3351175 0.0014762354549 nan nan nan
1257083936.41 38949.3866101 0.00064612046117 nan nan nan
1257005808.66 38970.4407195 -0.00052110949764 nan -inf nan
1256927680.91 38991.4974463 -0.00157229811884 nan -inf nan
1256849553.16 39012.5567909 -0.00172150821891 nan -inf nan
1256771425.41 39033.6187538 -0.000834397855215 nan -inf nan
1256693297.67 39054.6833356 -0.000133855995955 nan -inf nan
1256615169.92 39075.7505366 -0.000390860368498 nan -inf nan
1256537042.17 39096.8203575 -0.00180368451402 nan -inf nan
1256458914.42 39117.8927986 -0.00255864392966 nan -inf nan
1256380786.67 39138.9678605 -0.00154016120359 nan -inf nan
1256302658.92 39160.0455437 -0.000284096720861 nan -inf nan
1256224531.17 39181.1258486 0.000204242183827 nan nan nan
1256146403.42 39202.2087757 -0.000178504036739 nan -inf nan
1256068275.67 39223.2943256 0.000224009912927 nan nan nan
1255990147.92 39244.3824987 0.00106954947114 nan nan nan
1255912020.17 39265.4732955 0.000172299798578 nan nan nan
1255833892.43 39286.5667165 -0.000752100080717 nan -inf nan
1255755764.68 39307.6627621 -2.01322254725e-05 nan -inf nan
1255677636.93 39328.761433 0.000424458063208 nan nan nan
1255599509.18 39349.8627295 -0.000233070677496 nan -inf nan
1255521381.43 39370.9666522 -0.000745602650568 nan -inf nan
1255443253.68 39392.0732015 -0.000176436209586 nan -inf nan
1255365125.93 39413.1823779 0.000964054837823 nan nan nan
1255286998.18 39434.294182 0.000662378733978 nan nan nan
1255208870.43 39455.4086142 -0.000636840821244 nan -inf nan
1255130742.68 39476.525675 -0.00088107312331 nan -inf nan
1255052614.93 39497.6453649 -0.000274749821983 nan -inf nan
1254974487.19 39518.7676844 0.00021479872521 nan nan nan
1254896359.44 39539.8926339 0.000556047598366 nan nan nan
1254818231.69 39561.0202141 0.000297817459796 nan nan nan
1254740103.94 39582.1504253 0.000195782165974 nan nan nan
1254661976.19 39603.283268 0.00103016174398 nan nan nan
1254583848.44 39624.4187428 0.0014373868471 nan nan nan
1254505720.69 39645.5568502 0.00109773920849 nan nan nan
1254427592.94 39666.6975905 0.000632739218418 nan nan nan
1254349465.19 39687.8409644 -9.46806685533e-05 nan -inf nan
1254271337.44 39708.9869723 -0.00016799767036 nan -inf nan
1254193209.69 39730.1356147 0.000714451132808 nan nan nan
1254115081.95 39751.2868922 -0.00039374618791 nan -inf nan
1254036954.2 39772.4408051 -0.00139380735345 nan -inf nan
1253958826.45 39793.5973539 -5.45647490071e-05 nan -inf nan
1253880698.7 39814.7565393 0.000182586270967 nan nan nan
1253802570.95 39835.9183616 -0.00061184092192 nan -inf nan
1253724443.2 39857.0828214 -0.00102026248351 nan -inf nan
1253646315.45 39878.2499192 -0.000636153388768 nan -inf nan
1253568187.7 39899.4196554 0.00103179598227 nan nan nan
1253490059.95 39920.5920305 0.00199109385721 nan nan nan
1253411932.2 39941.7670451 0.000914231000934 nan nan nan
1253333804.45 39962.9446996 0.0 nan nan nan
1253255676.71 39984.1249945 0.0 nan nan nan
1253177548.96 40005.3079304 0.0 nan nan nan
1253099421.21 40026.4935076 0.0 nan nan nan
1253021293.46 40047.6817268 0.0 nan nan nan
1252943165.71 40068.8725884 0.0 nan nan nan
