# This is the local BusyFit history file in which all fit results are stored.
# In order to delete the history, e.g. prior to a batch run of BusyFit on a
# large number of spectra, simply delete the file; it will be recreated 
# during the next launch of the software. Alternatively, you may choose to 
# remove individual entries from the file. The results of new fits will be 
# appended at the end of the file.
#
# The parameters in the respective columns (separated by tabs) are:
#
# Filename	Success	Nchan	dof	chi^2	chi^2/dof	rms	A	dA	B_1	dB_1	B_2	dB_2	C	dC	XE_0	dXE_0	XP_0	dXP_0	W	dW	N	dN	X	dX	W_50	dW_50	W_20	dW_20	F_peak	dF_peak	F_int	dF_int
#
0003+380_ak18.dat	0	42	37	197.403	5.33522	1.78802	37.9489	20.2968	0.15657	0.0761863	0.302827	0.119447	0	0	17.9287	1.07961	0.1	0	4.03735	2.36449	0	0	-46.47	0	0	0	0	0	29.8969	0.956849	0	0
0003+380_ak18.dat	0	42	37	197.403	5.33522	1.78802	37.9489	20.2968	0.15657	0.0761863	0.302827	0.119447	0	0	17.9287	1.07961	0.1	0	4.03735	2.36449	0	0	-46.47	0	0	0	0	0	29.8969	0.956849	0	0
0003+380_ak18.dat	0	42	37	197.403	5.33522	1.78802	37.9489	20.2968	0.15657	0.0761863	0.302827	0.119447	0	0	17.9287	1.07961	0.1	0	4.03735	2.36449	0	0	-46.47	0	0	0	0	0	29.8969	0.956849	0	0
0003+380_ak18.dat	0	42	37	197.403	5.33522	1.78802	37.9489	20.2968	0.15657	0.0761863	0.302827	0.119447	0	0	17.9287	1.07961	0.1	0	4.03735	2.36449	0	0	-46.47	0	0	0	0	0	29.8969	0.956849	0	0
0003+380_ak18.dat	0	42	37	197.403	5.33522	1.78802	37.9489	20.2968	0.15657	0.0761863	0.302827	0.119447	0	0	17.9287	1.07961	0.1	0	4.03735	2.36449	0	0	-46.47	0	0	0	0	0	29.8969	0.956849	0	0
0035+22_omd+17.dat	0	57	49	175.929	3.5904	0.000787854	0.00457092	0.121128	3.53963	998.636	3.55249	5305.62	0.381986	12.5103	43.2115	305.293	45.0276	64.2917	3.38236	305.393	0.972353	2.89689	425.947	3856.17	168.537	19654	183.43	6829.58	0.0122894	0.0247211	1.45561	55.5357
0035+22_omd+17.dat	0	57	49	175.929	3.5904	0.000787854	0.00457092	0.121128	3.53963	998.636	3.55249	5305.62	0.381986	12.5103	43.2115	305.293	45.0276	64.2917	3.38236	305.393	0.972353	2.89689	425.947	3856.17	168.537	19654	183.43	6829.58	0.0122894	0.0247211	1.45561	55.5357
0035+22_omd+17.dat	0	57	49	175.929	3.5904	0.000787854	0.00457092	0.121128	3.53963	998.636	3.55249	5305.62	0.381986	12.5103	43.2115	305.293	45.0276	64.2917	3.38236	305.393	0.972353	2.89689	425.947	3856.17	168.537	19654	183.43	6829.58	0.0122894	0.0247211	1.45561	55.5357
0035+22_omd+17.dat	0	57	49	175.929	3.5904	0.000787854	0.00457092	0.121128	3.53963	998.636	3.55249	5305.62	0.381986	12.5103	43.2115	305.293	45.0276	64.2917	3.38236	305.393	0.972353	2.89689	425.947	3856.17	168.537	19654	183.43	6829.58	0.0122894	0.0247211	1.45561	55.5357
0035+22_omd+17.dat	0	57	49	175.929	3.5904	0.000787854	0.00457092	0.121128	3.53963	998.636	3.55249	5305.62	0.381986	12.5103	43.2115	305.293	45.0276	64.2917	3.38236	305.393	0.972353	2.89689	425.947	3856.17	168.537	19654	183.43	6829.58	0.0122894	0.0247211	1.45561	55.5357
0202+14_jgs18.dat	0	167	162	2701.78	16.6777	0.00314904	0.00344608	5.30067	1.52588	2669.62	8.83152	6.23822e+10	0	0	154.525	1.80252e+09	0.1	0	0.937725	1.80252e+09	0	0	1051.18	4.89637e+09	20.7903	6.97165e+09	25.9709	4.17912e+09	0.00344347	85198.6	0.071186	3.26296e+07
0202+14_jgs18.dat	0	167	162	2701.78	16.6777	0.00314904	0.00344608	5.30067	1.52588	2669.62	8.83152	6.23822e+10	0	0	154.525	1.80252e+09	0.1	0	0.937725	1.80252e+09	0	0	1051.18	4.89637e+09	20.7903	6.97165e+09	25.9709	4.17912e+09	0.00344347	85198.6	0.071186	3.26296e+07
0202+14_jgs18.dat	0	167	162	2701.78	16.6777	0.00314904	0.00344608	5.30067	1.52588	2669.62	8.83152	6.23822e+10	0	0	154.525	1.80252e+09	0.1	0	0.937725	1.80252e+09	0	0	1051.18	4.89637e+09	20.7903	6.97165e+09	25.9709	4.17912e+09	0.00344347	85198.6	0.071186	3.26296e+07
0202+14_jgs18.dat	0	167	162	2701.78	16.6777	0.00314904	0.00344608	5.30067	1.52588	2669.62	8.83152	6.23822e+10	0	0	154.525	1.80252e+09	0.1	0	0.937725	1.80252e+09	0	0	1051.18	4.89637e+09	20.7903	6.97165e+09	25.9709	4.17912e+09	0.00344347	85198.6	0.071186	3.26296e+07
0202+14_jgs18.dat	0	167	162	2701.78	16.6777	0.00314904	0.00344608	5.30067	1.52588	2669.62	8.83152	6.23822e+10	0	0	154.525	1.80252e+09	0.1	0	0.937725	1.80252e+09	0	0	1051.18	4.89637e+09	20.7903	6.97165e+09	25.9709	4.17912e+09	0.00344347	85198.6	0.071186	3.26296e+07
0248+430_lb01.jpg.dat	1	82	77	163.811	2.12741	0.0590371	19.1935	122614	0.281878	125.657	8.84657	1.09014e+11	0	0	7.71468	2.64661e+09	0.1	0	-3.28514	2.64661e+09	0	0	-11.978	3.7424e+09	0.936122	3.69425e+09	1.78315	2.01732e+09	0.064311	8.79162e+06	0.074134	3.47291e+08
0248+430_lb01.jpg.dat	1	82	77	163.811	2.12741	0.0590371	19.1935	122614	0.281878	125.657	8.84657	1.09014e+11	0	0	7.71468	2.64661e+09	0.1	0	-3.28514	2.64661e+09	0	0	-11.978	3.7424e+09	0.936122	3.69425e+09	1.78315	2.01732e+09	0.064311	8.79162e+06	0.074134	3.47291e+08
0248+430_lb01.jpg.dat	1	82	77	163.811	2.12741	0.0590371	19.1935	122614	0.281878	125.657	8.84657	1.09014e+11	0	0	7.71468	2.64661e+09	0.1	0	-3.28514	2.64661e+09	0	0	-11.978	3.7424e+09	0.936122	3.69425e+09	1.78315	2.01732e+09	0.064311	8.79162e+06	0.074134	3.47291e+08
0248+430_lb01.jpg.dat	1	82	77	163.811	2.12741	0.0590371	19.1935	122614	0.281878	125.657	8.84657	1.09014e+11	0	0	7.71468	2.64661e+09	0.1	0	-3.28514	2.64661e+09	0	0	-11.978	3.7424e+09	0.936122	3.69425e+09	1.78315	2.01732e+09	0.064311	8.79162e+06	0.074134	3.47291e+08
0248+430_lb01.jpg.dat	1	82	77	163.811	2.12741	0.0590371	19.1935	122614	0.281878	125.657	8.84657	1.09014e+11	0	0	7.71468	2.64661e+09	0.1	0	-3.28514	2.64661e+09	0	0	-11.978	3.7424e+09	0.936122	3.69425e+09	1.78315	2.01732e+09	0.064311	8.79162e+06	0.074134	3.47291e+08
0300+380_ak18.dat	0	42	34	24.2781	0.714063	5.04084	21.1532	32.5779	0.267219	0.340764	0.486873	0.22353	0.0802708	0.427972	16.7897	2.69509	12.9589	5.05161	5.31868	2.18482	1.07764	1.59952	-46.1954	2.39207	46.1545	5.82135	70.5909	6.29757	32.7408	3.24605	1585.91	116.554
0300+380_ak18.dat	0	42	34	24.2781	0.714063	5.04084	21.1532	32.5779	0.267219	0.340764	0.486873	0.22353	0.0802708	0.427972	16.7897	2.69509	12.9589	5.05161	5.31868	2.18482	1.07764	1.59952	-46.1954	2.39207	46.1545	5.82135	70.5909	6.29757	32.7408	3.24605	1585.91	116.554
0300+380_ak18.dat	0	42	34	24.2781	0.714063	5.04084	21.1532	32.5779	0.267219	0.340764	0.486873	0.22353	0.0802708	0.427972	16.7897	2.69509	12.9589	5.05161	5.31868	2.18482	1.07764	1.59952	-46.1954	2.39207	46.1545	5.82135	70.5909	6.29757	32.7408	3.24605	1585.91	116.554
0300+380_ak18.dat	0	42	34	24.2781	0.714063	5.04084	21.1532	32.5779	0.267219	0.340764	0.486873	0.22353	0.0802708	0.427972	16.7897	2.69509	12.9589	5.05161	5.31868	2.18482	1.07764	1.59952	-46.1954	2.39207	46.1545	5.82135	70.5909	6.29757	32.7408	3.24605	1585.91	116.554
0300+380_ak18.dat	0	42	34	24.2781	0.714063	5.04084	21.1532	32.5779	0.267219	0.340764	0.486873	0.22353	0.0802708	0.427972	16.7897	2.69509	12.9589	5.05161	5.31868	2.18482	1.07764	1.59952	-46.1954	2.39207	46.1545	5.82135	70.5909	6.29757	32.7408	3.24605	1585.91	116.554
0834-20_sma+20.jpg.dat	1	36	28	12242.2	437.223	0.000609349	3.40444	49.6064	0.869404	0.606422	0.163422	0.149332	0.104005	0.43091	8.59459	16.5503	12.5709	1.92031	-3.63072	17.6514	3.22144	3.22136	4.92031	0.115394	80.4228	0.237065	107.366	0.304169	0.125393	0.000402546	9.49398	0.0245429
0834-20_sma+20.jpg.dat	1	36	28	12242.2	437.223	0.000609349	3.40444	49.6064	0.869404	0.606422	0.163422	0.149332	0.104005	0.43091	8.59459	16.5503	12.5709	1.92031	-3.63072	17.6514	3.22144	3.22136	4.92031	0.115394	80.4228	0.237065	107.366	0.304169	0.125393	0.000402546	9.49398	0.0245429
0834-20_sma+20.jpg.dat	1	36	28	12242.2	437.223	0.000609349	3.40444	49.6064	0.869404	0.606422	0.163422	0.149332	0.104005	0.43091	8.59459	16.5503	12.5709	1.92031	-3.63072	17.6514	3.22144	3.22136	4.92031	0.115394	80.4228	0.237065	107.366	0.304169	0.125393	0.000402546	9.49398	0.0245429
0834-20_sma+20.jpg.dat	1	36	28	12242.2	437.223	0.000609349	3.40444	49.6064	0.869404	0.606422	0.163422	0.149332	0.104005	0.43091	8.59459	16.5503	12.5709	1.92031	-3.63072	17.6514	3.22144	3.22136	4.92031	0.115394	80.4228	0.237065	107.366	0.304169	0.125393	0.000402546	9.49398	0.0245429
0834-20_sma+20.jpg.dat	1	36	28	12242.2	437.223	0.000609349	3.40444	49.6064	0.869404	0.606422	0.163422	0.149332	0.104005	0.43091	8.59459	16.5503	12.5709	1.92031	-3.63072	17.6514	3.22144	3.22136	4.92031	0.115394	80.4228	0.237065	107.366	0.304169	0.125393	0.000402546	9.49398	0.0245429
0941-08_omd+17.dat	2	63	58	59.5173	1.02616	0.0123545	0.0463615	0.00767754	0.37695	0.239573	26.9027	1.34344e+18	0	0	29.8086	3.61239e+15	0.1	0	5.0467	3.61239e+15	0	0	-499.106	4.50405e+16	276.721	4.59629e+16	321.508	1.83767e+16	0.0463615	18479.9	12.827	4.11358e+15
0941-08_omd+17.dat	2	63	58	59.5173	1.02616	0.0123545	0.0463615	0.00767754	0.37695	0.239573	26.9027	1.34344e+18	0	0	29.8086	3.61239e+15	0.1	0	5.0467	3.61239e+15	0	0	-499.106	4.50405e+16	276.721	4.59629e+16	321.508	1.83767e+16	0.0463615	18479.9	12.827	4.11358e+15
0941-08_omd+17.dat	2	63	58	59.5173	1.02616	0.0123545	0.0463615	0.00767754	0.37695	0.239573	26.9027	1.34344e+18	0	0	29.8086	3.61239e+15	0.1	0	5.0467	3.61239e+15	0	0	-499.106	4.50405e+16	276.721	4.59629e+16	321.508	1.83767e+16	0.0463615	18479.9	12.827	4.11358e+15
0941-08_omd+17.dat	2	63	58	59.5173	1.02616	0.0123545	0.0463615	0.00767754	0.37695	0.239573	26.9027	1.34344e+18	0	0	29.8086	3.61239e+15	0.1	0	5.0467	3.61239e+15	0	0	-499.106	4.50405e+16	276.721	4.59629e+16	321.508	1.83767e+16	0.0463615	18479.9	12.827	4.11358e+15
0941-08_omd+17.dat	2	63	58	59.5173	1.02616	0.0123545	0.0463615	0.00767754	0.37695	0.239573	26.9027	1.34344e+18	0	0	29.8086	3.61239e+15	0.1	0	5.0467	3.61239e+15	0	0	-499.106	4.50405e+16	276.721	4.59629e+16	321.508	1.83767e+16	0.0463615	18479.9	12.827	4.11358e+15
101301.60+244837.3_adi19.dat	0	154	149	103.518	0.694748	1.76659	4.57969	0.232457	10.224	2.36933e+17	0.23904	0.144837	0	0	86.1524	2.95079e+14	0.1	0	32.1269	2.95079e+14	0	0	-500.563	1.01748e+15	674.46	7.97933e+14	702.004	3.05462e+14	4.57969	0.232457	3089.55	9.36504e+15
101301.60+244837.3_adi19.dat	0	154	149	103.518	0.694748	1.76659	4.57969	0.232457	10.224	2.36933e+17	0.23904	0.144837	0	0	86.1524	2.95079e+14	0.1	0	32.1269	2.95079e+14	0	0	-500.563	1.01748e+15	674.46	7.97933e+14	702.004	3.05462e+14	4.57969	0.232457	3089.55	9.36504e+15
101301.60+244837.3_adi19.dat	0	154	149	103.518	0.694748	1.76659	4.57969	0.232457	10.224	2.36933e+17	0.23904	0.144837	0	0	86.1524	2.95079e+14	0.1	0	32.1269	2.95079e+14	0	0	-500.563	1.01748e+15	674.46	7.97933e+14	702.004	3.05462e+14	4.57969	0.232457	3089.55	9.36504e+15
101301.60+244837.3_adi19.dat	0	154	149	103.518	0.694748	1.76659	4.57969	0.232457	10.224	2.36933e+17	0.23904	0.144837	0	0	86.1524	2.95079e+14	0.1	0	32.1269	2.95079e+14	0	0	-500.563	1.01748e+15	674.46	7.97933e+14	702.004	3.05462e+14	4.57969	0.232457	3089.55	9.36504e+15
101301.60+244837.3_adi19.dat	0	154	149	103.518	0.694748	1.76659	4.57969	0.232457	10.224	2.36933e+17	0.23904	0.144837	0	0	86.1524	2.95079e+14	0.1	0	32.1269	2.95079e+14	0	0	-500.563	1.01748e+15	674.46	7.97933e+14	702.004	3.05462e+14	4.57969	0.232457	3089.55	9.36504e+15
1045+35A_adi.dat	1	157	152	181.041	1.19106	2.58491	1723.55	17657.2	0.00688587	0.00741841	0.190566	0.0443045	0	0	246.976	324.556	0.1	0	-116.434	325.061	0	0	-27.13	0	0	0	0	0	16.3468	0.748272	0	0
1045+35A_adi.dat	1	157	152	181.041	1.19106	2.58491	1723.55	17657.2	0.00688587	0.00741841	0.190566	0.0443045	0	0	246.976	324.556	0.1	0	-116.434	325.061	0	0	-27.13	0	0	0	0	0	16.3468	0.748272	0	0
1045+35A_adi.dat	1	157	152	181.041	1.19106	2.58491	1723.55	17657.2	0.00688587	0.00741841	0.190566	0.0443045	0	0	246.976	324.556	0.1	0	-116.434	325.061	0	0	-27.13	0	0	0	0	0	16.3468	0.748272	0	0
1045+35A_adi.dat	1	157	152	181.041	1.19106	2.58491	1723.55	17657.2	0.00688587	0.00741841	0.190566	0.0443045	0	0	246.976	324.556	0.1	0	-116.434	325.061	0	0	-27.13	0	0	0	0	0	16.3468	0.748272	0	0
1045+35A_adi.dat	1	157	152	181.041	1.19106	2.58491	1723.55	17657.2	0.00688587	0.00741841	0.190566	0.0443045	0	0	246.976	324.556	0.1	0	-116.434	325.061	0	0	-27.13	0	0	0	0	0	16.3468	0.748272	0	0
1147+557_css11.dat	1	62	54	162.913	3.01691	0.00679668	-0.00452519	0.222002	4.0909	665.564	0.0276965	0.097339	0.119094	2.9772	-10.2497	310.632	11.2589	5.08686	-14.7096	354.227	2.58392	6.2693	-24.5168	167.685	-nan	-nan	-nan	-nan	0	0	-4.02956	2.9102
1147+557_css11.dat	1	62	54	162.913	3.01691	0.00679668	-0.00452519	0.222002	4.0909	665.564	0.0276965	0.097339	0.119094	2.9772	-10.2497	310.632	11.2589	5.08686	-14.7096	354.227	2.58392	6.2693	-24.5168	167.685	-nan	-nan	-nan	-nan	0	0	-4.02956	2.9102
1147+557_css11.dat	1	62	54	162.913	3.01691	0.00679668	-0.00452519	0.222002	4.0909	665.564	0.0276965	0.097339	0.119094	2.9772	-10.2497	310.632	11.2589	5.08686	-14.7096	354.227	2.58392	6.2693	-24.5168	167.685	-nan	-nan	-nan	-nan	0	0	-4.02956	2.9102
1147+557_css11.dat	1	62	54	162.913	3.01691	0.00679668	-0.00452519	0.222002	4.0909	665.564	0.0276965	0.097339	0.119094	2.9772	-10.2497	310.632	11.2589	5.08686	-14.7096	354.227	2.58392	6.2693	-24.5168	167.685	-nan	-nan	-nan	-nan	0	0	-4.02956	2.9102
1147+557_css11.dat	1	62	54	162.913	3.01691	0.00679668	-0.00452519	0.222002	4.0909	665.564	0.0276965	0.097339	0.119094	2.9772	-10.2497	310.632	11.2589	5.08686	-14.7096	354.227	2.58392	6.2693	-24.5168	167.685	-nan	-nan	-nan	-nan	0	0	-4.02956	2.9102
1200+045_ak17.dat	0	72	64	41.2601	0.644689	2.82761	6.64657	8.12463	0.640142	0.286677	0.0498175	0.0226324	0.192214	0.480371	14.2546	7.88326	20.7513	1.25686	3.36553	8.15102	1.30435	0.819769	-2092.83	4.922	18.3017	3.28514	97.804	8.30458	15.8865	1.82545	682.17	61.8383
1200+045_ak17.dat	0	72	64	41.2601	0.644689	2.82761	6.64657	8.12463	0.640142	0.286677	0.0498175	0.0226324	0.192214	0.480371	14.2546	7.88326	20.7513	1.25686	3.36553	8.15102	1.30435	0.819769	-2092.83	4.922	18.3017	3.28514	97.804	8.30458	15.8865	1.82545	682.17	61.8383
1200+045_ak17.dat	0	72	64	41.2601	0.644689	2.82761	6.64657	8.12463	0.640142	0.286677	0.0498175	0.0226324	0.192214	0.480371	14.2546	7.88326	20.7513	1.25686	3.36553	8.15102	1.30435	0.819769	-2092.83	4.922	18.3017	3.28514	97.804	8.30458	15.8865	1.82545	682.17	61.8383
1200+045_ak17.dat	0	72	64	41.2601	0.644689	2.82761	6.64657	8.12463	0.640142	0.286677	0.0498175	0.0226324	0.192214	0.480371	14.2546	7.88326	20.7513	1.25686	3.36553	8.15102	1.30435	0.819769	-2092.83	4.922	18.3017	3.28514	97.804	8.30458	15.8865	1.82545	682.17	61.8383
1200+045_ak17.dat	0	72	64	41.2601	0.644689	2.82761	6.64657	8.12463	0.640142	0.286677	0.0498175	0.0226324	0.192214	0.480371	14.2546	7.88326	20.7513	1.25686	3.36553	8.15102	1.30435	0.819769	-2092.83	4.922	18.3017	3.28514	97.804	8.30458	15.8865	1.82545	682.17	61.8383
1221-423_jbc+10.dat	1	62	54	166.357	3.08068	0.000550934	2.01454	43.9431	0.0642781	0.111967	0.192576	0.0228931	0.0756905	0.194674	46.6407	62.6498	34.5267	0.525944	-11.3688	68.8575	0.7871	1.74132	191.808	1.05713	88.1669	1.76208	134.659	1.95566	0.021286	0.000376291	2.01599	0.0251251
1221-423_jbc+10.dat	1	62	54	166.357	3.08068	0.000550934	2.01454	43.9431	0.0642781	0.111967	0.192576	0.0228931	0.0756905	0.194674	46.6407	62.6498	34.5267	0.525944	-11.3688	68.8575	0.7871	1.74132	191.808	1.05713	88.1669	1.76208	134.659	1.95566	0.021286	0.000376291	2.01599	0.0251251
1221-423_jbc+10.dat	1	62	54	166.357	3.08068	0.000550934	2.01454	43.9431	0.0642781	0.111967	0.192576	0.0228931	0.0756905	0.194674	46.6407	62.6498	34.5267	0.525944	-11.3688	68.8575	0.7871	1.74132	191.808	1.05713	88.1669	1.76208	134.659	1.95566	0.021286	0.000376291	2.01599	0.0251251
1221-423_jbc+10.dat	1	62	54	166.357	3.08068	0.000550934	2.01454	43.9431	0.0642781	0.111967	0.192576	0.0228931	0.0756905	0.194674	46.6407	62.6498	34.5267	0.525944	-11.3688	68.8575	0.7871	1.74132	191.808	1.05713	88.1669	1.76208	134.659	1.95566	0.021286	0.000376291	2.01599	0.0251251
1221-423_jbc+10.dat	1	62	54	166.357	3.08068	0.000550934	2.01454	43.9431	0.0642781	0.111967	0.192576	0.0228931	0.0756905	0.194674	46.6407	62.6498	34.5267	0.525944	-11.3688	68.8575	0.7871	1.74132	191.808	1.05713	88.1669	1.76208	134.659	1.95566	0.021286	0.000376291	2.01599	0.0251251
1245-197_ak17.dat	1	69	61	178.976	2.93403	4.42334	687.056	9306.3	0.138828	0.123288	0.154096	0.10526	0.00102309	0.00112794	36.5802	4.07837	38.426	0.774347	-2.9149	29.3895	4.22138	0.628345	-6.1649	1.86627	100.734	2.29385	204.462	4.3801	163.077	2.34292	21341.4	300.212
1245-197_ak17.dat	1	69	61	178.976	2.93403	4.42334	687.056	9306.3	0.138828	0.123288	0.154096	0.10526	0.00102309	0.00112794	36.5802	4.07837	38.426	0.774347	-2.9149	29.3895	4.22138	0.628345	-6.1649	1.86627	100.734	2.29385	204.462	4.3801	163.077	2.34292	21341.4	300.212
1245-197_ak17.dat	1	69	61	178.976	2.93403	4.42334	687.056	9306.3	0.138828	0.123288	0.154096	0.10526	0.00102309	0.00112794	36.5802	4.07837	38.426	0.774347	-2.9149	29.3895	4.22138	0.628345	-6.1649	1.86627	100.734	2.29385	204.462	4.3801	163.077	2.34292	21341.4	300.212
1245-197_ak17.dat	1	69	61	178.976	2.93403	4.42334	687.056	9306.3	0.138828	0.123288	0.154096	0.10526	0.00102309	0.00112794	36.5802	4.07837	38.426	0.774347	-2.9149	29.3895	4.22138	0.628345	-6.1649	1.86627	100.734	2.29385	204.462	4.3801	163.077	2.34292	21341.4	300.212
1245-197_ak17.dat	1	69	61	178.976	2.93403	4.42334	687.056	9306.3	0.138828	0.123288	0.154096	0.10526	0.00102309	0.00112794	36.5802	4.07837	38.426	0.774347	-2.9149	29.3895	4.22138	0.628345	-6.1649	1.86627	100.734	2.29385	204.462	4.3801	163.077	2.34292	21341.4	300.212
1543+480_ak18.dat	1	33	25	65.7162	2.62865	2.32279	354.708	4161.9	0.859967	0.474795	0.161864	0.141914	0.237025	1.6894	6.28889	16.484	9.77849	5.54506	-3.07248	15.7894	2.81474	5.33877	345.283	0.0188031	0.622319	0.0748255	1.06386	0.065431	35.2807	1.55118	24.6974	0.967999
1543+480_ak18.dat	1	33	25	65.7162	2.62865	2.32279	354.708	4161.9	0.859967	0.474795	0.161864	0.141914	0.237025	1.6894	6.28889	16.484	9.77849	5.54506	-3.07248	15.7894	2.81474	5.33877	345.283	0.0188031	0.622319	0.0748255	1.06386	0.065431	35.2807	1.55118	24.6974	0.967999
1543+480_ak18.dat	1	33	25	65.7162	2.62865	2.32279	354.708	4161.9	0.859967	0.474795	0.161864	0.141914	0.237025	1.6894	6.28889	16.484	9.77849	5.54506	-3.07248	15.7894	2.81474	5.33877	345.283	0.0188031	0.622319	0.0748255	1.06386	0.065431	35.2807	1.55118	24.6974	0.967999
1543+480_ak18.dat	1	33	25	65.7162	2.62865	2.32279	354.708	4161.9	0.859967	0.474795	0.161864	0.141914	0.237025	1.6894	6.28889	16.484	9.77849	5.54506	-3.07248	15.7894	2.81474	5.33877	345.283	0.0188031	0.622319	0.0748255	1.06386	0.065431	35.2807	1.55118	24.6974	0.967999
1543+480_ak18.dat	1	33	25	65.7162	2.62865	2.32279	354.708	4161.9	0.859967	0.474795	0.161864	0.141914	0.237025	1.6894	6.28889	16.484	9.77849	5.54506	-3.07248	15.7894	2.81474	5.33877	345.283	0.0188031	0.622319	0.0748255	1.06386	0.065431	35.2807	1.55118	24.6974	0.967999
1549-79_mot+01.dat	0	33	25	103.756	4.15023	0.0893118	0.568344	0.306321	0.497391	0.11969	0.574824	0.104679	1.72248e-05	4.97209e-05	14.6193	0.608291	13.8109	0.423177	1.99919	1.32637	9.67995	2.12806	-143.721	5.0732	59.7421	2.87884	172.694	13.9761	2.17753	0.081895	201.406	8.2305
1549-79_mot+01.dat	0	33	25	103.756	4.15023	0.0893118	0.568344	0.306321	0.497391	0.11969	0.574824	0.104679	1.72248e-05	4.97209e-05	14.6193	0.608291	13.8109	0.423177	1.99919	1.32637	9.67995	2.12806	-143.721	5.0732	59.7421	2.87884	172.694	13.9761	2.17753	0.081895	201.406	8.2305
1549-79_mot+01.dat	0	33	25	103.756	4.15023	0.0893118	0.568344	0.306321	0.497391	0.11969	0.574824	0.104679	1.72248e-05	4.97209e-05	14.6193	0.608291	13.8109	0.423177	1.99919	1.32637	9.67995	2.12806	-143.721	5.0732	59.7421	2.87884	172.694	13.9761	2.17753	0.081895	201.406	8.2305
1549-79_mot+01.dat	0	33	25	103.756	4.15023	0.0893118	0.568344	0.306321	0.497391	0.11969	0.574824	0.104679	1.72248e-05	4.97209e-05	14.6193	0.608291	13.8109	0.423177	1.99919	1.32637	9.67995	2.12806	-143.721	5.0732	59.7421	2.87884	172.694	13.9761	2.17753	0.081895	201.406	8.2305
1549-79_mot+01.dat	0	33	25	103.756	4.15023	0.0893118	0.568344	0.306321	0.497391	0.11969	0.574824	0.104679	1.72248e-05	4.97209e-05	14.6193	0.608291	13.8109	0.423177	1.99919	1.32637	9.67995	2.12806	-143.721	5.0732	59.7421	2.87884	172.694	13.9761	2.17753	0.081895	201.406	8.2305
1610-77_sma+20.jpg.dat	0	40	32	146.091	4.56533	0.00206689	0.0267674	0.0279559	0.348984	0.125532	1.36542	0.296511	0.0965641	0.0937031	22.3575	1.51487	21.3829	0.62927	1.56133	1.7577	3.75599	1.27588	-13.1628	1.07512	16.3764	1.05946	80.7336	1.93894	0.0538372	0.00222835	1.95936	0.0639317
1610-77_sma+20.jpg.dat	0	40	32	146.091	4.56533	0.00206689	0.0267674	0.0279559	0.348984	0.125532	1.36542	0.296511	0.0965641	0.0937031	22.3575	1.51487	21.3829	0.62927	1.56133	1.7577	3.75599	1.27588	-13.1628	1.07512	16.3764	1.05946	80.7336	1.93894	0.0538372	0.00222835	1.95936	0.0639317
1610-77_sma+20.jpg.dat	0	40	32	146.091	4.56533	0.00206689	0.0267674	0.0279559	0.348984	0.125532	1.36542	0.296511	0.0965641	0.0937031	22.3575	1.51487	21.3829	0.62927	1.56133	1.7577	3.75599	1.27588	-13.1628	1.07512	16.3764	1.05946	80.7336	1.93894	0.0538372	0.00222835	1.95936	0.0639317
1610-77_sma+20.jpg.dat	0	40	32	146.091	4.56533	0.00206689	0.0267674	0.0279559	0.348984	0.125532	1.36542	0.296511	0.0965641	0.0937031	22.3575	1.51487	21.3829	0.62927	1.56133	1.7577	3.75599	1.27588	-13.1628	1.07512	16.3764	1.05946	80.7336	1.93894	0.0538372	0.00222835	1.95936	0.0639317
1610-77_sma+20.jpg.dat	0	40	32	146.091	4.56533	0.00206689	0.0267674	0.0279559	0.348984	0.125532	1.36542	0.296511	0.0965641	0.0937031	22.3575	1.51487	21.3829	0.62927	1.56133	1.7577	3.75599	1.27588	-13.1628	1.07512	16.3764	1.05946	80.7336	1.93894	0.0538372	0.00222835	1.95936	0.0639317
1645+2230_adi19.dat	0	44	39	51.9428	1.33187	3.22465	19.6382	2.14137	0.182592	0.0603831	0.239176	0.0859593	0	0	19.0709	0.475324	0.1	0	8.24814	0.801383	0	0	556.288	0.0466146	1.66289	0.118476	2.23217	0.132343	19.334	1.37101	32.3912	1.78916
1645+2230_adi19.dat	0	44	39	51.9428	1.33187	3.22465	19.6382	2.14137	0.182592	0.0603831	0.239176	0.0859593	0	0	19.0709	0.475324	0.1	0	8.24814	0.801383	0	0	556.288	0.0466146	1.66289	0.118476	2.23217	0.132343	19.334	1.37101	32.3912	1.78916
1645+2230_adi19.dat	0	44	39	51.9428	1.33187	3.22465	19.6382	2.14137	0.182592	0.0603831	0.239176	0.0859593	0	0	19.0709	0.475324	0.1	0	8.24814	0.801383	0	0	556.288	0.0466146	1.66289	0.118476	2.23217	0.132343	19.334	1.37101	32.3912	1.78916
1645+2230_adi19.dat	0	44	39	51.9428	1.33187	3.22465	19.6382	2.14137	0.182592	0.0603831	0.239176	0.0859593	0	0	19.0709	0.475324	0.1	0	8.24814	0.801383	0	0	556.288	0.0466146	1.66289	0.118476	2.23217	0.132343	19.334	1.37101	32.3912	1.78916
1645+2230_adi19.dat	0	44	39	51.9428	1.33187	3.22465	19.6382	2.14137	0.182592	0.0603831	0.239176	0.0859593	0	0	19.0709	0.475324	0.1	0	8.24814	0.801383	0	0	556.288	0.0466146	1.66289	0.118476	2.23217	0.132343	19.334	1.37101	32.3912	1.78916
1740-517_asm+15.dat	0	42	34	83.0709	2.44326	0.00248632	0.0381506	1.36793	3.73737	316828	1.13927	43.1193	0.0073743	40.5357	16.0888	8881.6	16.2383	467.311	0.878936	8907.62	13.6225	3544.22	-4.65931	19598.7	5.19802	20.6029	19.9328	178816	0.163241	2.28064	1.20918	1856.35
1740-517_asm+15.dat	0	42	34	83.0709	2.44326	0.00248632	0.0381506	1.36793	3.73737	316828	1.13927	43.1193	0.0073743	40.5357	16.0888	8881.6	16.2383	467.311	0.878936	8907.62	13.6225	3544.22	-4.65931	19598.7	5.19802	20.6029	19.9328	178816	0.163241	2.28064	1.20918	1856.35
1740-517_asm+15.dat	0	42	34	83.0709	2.44326	0.00248632	0.0381506	1.36793	3.73737	316828	1.13927	43.1193	0.0073743	40.5357	16.0888	8881.6	16.2383	467.311	0.878936	8907.62	13.6225	3544.22	-4.65931	19598.7	5.19802	20.6029	19.9328	178816	0.163241	2.28064	1.20918	1856.35
1740-517_asm+15.dat	0	42	34	83.0709	2.44326	0.00248632	0.0381506	1.36793	3.73737	316828	1.13927	43.1193	0.0073743	40.5357	16.0888	8881.6	16.2383	467.311	0.878936	8907.62	13.6225	3544.22	-4.65931	19598.7	5.19802	20.6029	19.9328	178816	0.163241	2.28064	1.20918	1856.35
1740-517_asm+15.dat	0	42	34	83.0709	2.44326	0.00248632	0.0381506	1.36793	3.73737	316828	1.13927	43.1193	0.0073743	40.5357	16.0888	8881.6	16.2383	467.311	0.878936	8907.62	13.6225	3544.22	-4.65931	19598.7	5.19802	20.6029	19.9328	178816	0.163241	2.28064	1.20918	1856.35
1954+513_akp+17.dat	1	59	54	56.2051	1.04083	0.0023093	1.39535e+09	8.59183e+11	0.0434428	0.542451	0.425149	0.0657295	0	0	84.8493	1411.93	0.1	0	-52.9853	1414.05	0	0	-328.375	85.6542	50.7443	117.196	82.9964	434.227	0.026399	0.0597165	1.51699	1.08806
1954+513_akp+17.dat	1	59	54	56.2051	1.04083	0.0023093	1.39535e+09	8.59183e+11	0.0434428	0.542451	0.425149	0.0657295	0	0	84.8493	1411.93	0.1	0	-52.9853	1414.05	0	0	-328.375	85.6542	50.7443	117.196	82.9964	434.227	0.026399	0.0597165	1.51699	1.08806
1954+513_akp+17.dat	1	59	54	56.2051	1.04083	0.0023093	1.39535e+09	8.59183e+11	0.0434428	0.542451	0.425149	0.0657295	0	0	84.8493	1411.93	0.1	0	-52.9853	1414.05	0	0	-328.375	85.6542	50.7443	117.196	82.9964	434.227	0.026399	0.0597165	1.51699	1.08806
1954+513_akp+17.dat	1	59	54	56.2051	1.04083	0.0023093	1.39535e+09	8.59183e+11	0.0434428	0.542451	0.425149	0.0657295	0	0	84.8493	1411.93	0.1	0	-52.9853	1414.05	0	0	-328.375	85.6542	50.7443	117.196	82.9964	434.227	0.026399	0.0597165	1.51699	1.08806
1954+513_akp+17.dat	1	59	54	56.2051	1.04083	0.0023093	1.39535e+09	8.59183e+11	0.0434428	0.542451	0.425149	0.0657295	0	0	84.8493	1411.93	0.1	0	-52.9853	1414.05	0	0	-328.375	85.6542	50.7443	117.196	82.9964	434.227	0.026399	0.0597165	1.51699	1.08806
J01465-0157_adi19.dat	0	120	115	55.9462	0.486489	5.55954	41.3746	100.374	0.0509544	0.0217607	0.0261152	0.0275991	0	0	59.2837	26.2196	0.1	0	10.4587	45.9506	0	0	39.73	0	0	0	0	0	21.0081	1.30383	0	0
J01465-0157_adi19.dat	0	120	115	55.9462	0.486489	5.55954	41.3746	100.374	0.0509544	0.0217607	0.0261152	0.0275991	0	0	59.2837	26.2196	0.1	0	10.4587	45.9506	0	0	39.73	0	0	0	0	0	21.0081	1.30383	0	0
J01465-0157_adi19.dat	0	120	115	55.9462	0.486489	5.55954	41.3746	100.374	0.0509544	0.0217607	0.0261152	0.0275991	0	0	59.2837	26.2196	0.1	0	10.4587	45.9506	0	0	39.73	0	0	0	0	0	21.0081	1.30383	0	0
J01465-0157_adi19.dat	0	120	115	55.9462	0.486489	5.55954	41.3746	100.374	0.0509544	0.0217607	0.0261152	0.0275991	0	0	59.2837	26.2196	0.1	0	10.4587	45.9506	0	0	39.73	0	0	0	0	0	21.0081	1.30383	0	0
J01465-0157_adi19.dat	0	120	115	55.9462	0.486489	5.55954	41.3746	100.374	0.0509544	0.0217607	0.0261152	0.0275991	0	0	59.2837	26.2196	0.1	0	10.4587	45.9506	0	0	39.73	0	0	0	0	0	21.0081	1.30383	0	0
J1039+4612_mmo+17.dat	0	33	28	42.003	1.50011	0.0240196	0.198397	0.343777	1.86769	3.17604	1.15801	3.53923	0	0	14.6579	0.368675	0.1	0	0.996299	1.66951	0	0	23.3005	7.34313	60.6618	52.368	84.9961	20.4654	0.18946	0.134311	11.7111	1.79599
J1039+4612_mmo+17.dat	0	33	28	42.003	1.50011	0.0240196	0.198397	0.343777	1.86769	3.17604	1.15801	3.53923	0	0	14.6579	0.368675	0.1	0	0.996299	1.66951	0	0	23.3005	7.34313	60.6618	52.368	84.9961	20.4654	0.18946	0.134311	11.7111	1.79599
J1039+4612_mmo+17.dat	0	33	28	42.003	1.50011	0.0240196	0.198397	0.343777	1.86769	3.17604	1.15801	3.53923	0	0	14.6579	0.368675	0.1	0	0.996299	1.66951	0	0	23.3005	7.34313	60.6618	52.368	84.9961	20.4654	0.18946	0.134311	11.7111	1.79599
J1039+4612_mmo+17.dat	0	33	28	42.003	1.50011	0.0240196	0.198397	0.343777	1.86769	3.17604	1.15801	3.53923	0	0	14.6579	0.368675	0.1	0	0.996299	1.66951	0	0	23.3005	7.34313	60.6618	52.368	84.9961	20.4654	0.18946	0.134311	11.7111	1.79599
J1039+4612_mmo+17.dat	0	33	28	42.003	1.50011	0.0240196	0.198397	0.343777	1.86769	3.17604	1.15801	3.53923	0	0	14.6579	0.368675	0.1	0	0.996299	1.66951	0	0	23.3005	7.34313	60.6618	52.368	84.9961	20.4654	0.18946	0.134311	11.7111	1.79599
J1357+0046_ysd+16.dat	1	80	75	53.8328	0.71777	0.00401488	1363.97	107058	0.0128251	0.0465044	0.110307	0.0148299	0	0	166.677	907.554	0.1	0	-108.693	911.508	0	0	-110.063	1.73682	38.5628	2.27194	65.1836	3.5101	0.0297576	0.00125648	1.32036	0.0620709
J1357+0046_ysd+16.dat	1	80	75	53.8328	0.71777	0.00401488	1363.97	107058	0.0128251	0.0465044	0.110307	0.0148299	0	0	166.677	907.554	0.1	0	-108.693	911.508	0	0	-110.063	1.73682	38.5628	2.27194	65.1836	3.5101	0.0297576	0.00125648	1.32036	0.0620709
J1357+0046_ysd+16.dat	1	80	75	53.8328	0.71777	0.00401488	1363.97	107058	0.0128251	0.0465044	0.110307	0.0148299	0	0	166.677	907.554	0.1	0	-108.693	911.508	0	0	-110.063	1.73682	38.5628	2.27194	65.1836	3.5101	0.0297576	0.00125648	1.32036	0.0620709
J1357+0046_ysd+16.dat	1	80	75	53.8328	0.71777	0.00401488	1363.97	107058	0.0128251	0.0465044	0.110307	0.0148299	0	0	166.677	907.554	0.1	0	-108.693	911.508	0	0	-110.063	1.73682	38.5628	2.27194	65.1836	3.5101	0.0297576	0.00125648	1.32036	0.0620709
J1357+0046_ysd+16.dat	1	80	75	53.8328	0.71777	0.00401488	1363.97	107058	0.0128251	0.0465044	0.110307	0.0148299	0	0	166.677	907.554	0.1	0	-108.693	911.508	0	0	-110.063	1.73682	38.5628	2.27194	65.1836	3.5101	0.0297576	0.00125648	1.32036	0.0620709
J15131921+3431340_mmo+17.dat	0	33	25	17.5206	0.700822	0.0347003	0.305682	112.751	0.855744	13.245	0.400784	10.8212	0.00049385	4.11927	11.8424	517.967	9.37256	2532.84	0.624575	646.778	5.78546	3827.94	13.3942	8.39585	129.925	33.0672	178.51	18.3389	0.279466	0.0503893	35.1653	4.86218
J15131921+3431340_mmo+17.dat	0	33	25	17.5206	0.700822	0.0347003	0.305682	112.751	0.855744	13.245	0.400784	10.8212	0.00049385	4.11927	11.8424	517.967	9.37256	2532.84	0.624575	646.778	5.78546	3827.94	13.3942	8.39585	129.925	33.0672	178.51	18.3389	0.279466	0.0503893	35.1653	4.86218
J15131921+3431340_mmo+17.dat	0	33	25	17.5206	0.700822	0.0347003	0.305682	112.751	0.855744	13.245	0.400784	10.8212	0.00049385	4.11927	11.8424	517.967	9.37256	2532.84	0.624575	646.778	5.78546	3827.94	13.3942	8.39585	129.925	33.0672	178.51	18.3389	0.279466	0.0503893	35.1653	4.86218
J15131921+3431340_mmo+17.dat	0	33	25	17.5206	0.700822	0.0347003	0.305682	112.751	0.855744	13.245	0.400784	10.8212	0.00049385	4.11927	11.8424	517.967	9.37256	2532.84	0.624575	646.778	5.78546	3827.94	13.3942	8.39585	129.925	33.0672	178.51	18.3389	0.279466	0.0503893	35.1653	4.86218
J15131921+3431340_mmo+17.dat	0	33	25	17.5206	0.700822	0.0347003	0.305682	112.751	0.855744	13.245	0.400784	10.8212	0.00049385	4.11927	11.8424	517.967	9.37256	2532.84	0.624575	646.778	5.78546	3827.94	13.3942	8.39585	129.925	33.0672	178.51	18.3389	0.279466	0.0503893	35.1653	4.86218
J153452.95+290919.8_mmo+17.dat	0	30	25	14.7055	0.58822	0.0116214	0.0281124	0.00756949	1.16993	2.04802	0.385223	0.374678	0	0	12.4961	0.680432	0.1	0	3.6126	0.828704	0	0	61.676	18.8701	191.897	42.6023	246.436	55.1004	0.0280373	0.00705606	5.38875	1.0889
J153452.95+290919.8_mmo+17.dat	0	30	25	14.7055	0.58822	0.0116214	0.0281124	0.00756949	1.16993	2.04802	0.385223	0.374678	0	0	12.4961	0.680432	0.1	0	3.6126	0.828704	0	0	61.676	18.8701	191.897	42.6023	246.436	55.1004	0.0280373	0.00705606	5.38875	1.0889
J153452.95+290919.8_mmo+17.dat	0	30	25	14.7055	0.58822	0.0116214	0.0281124	0.00756949	1.16993	2.04802	0.385223	0.374678	0	0	12.4961	0.680432	0.1	0	3.6126	0.828704	0	0	61.676	18.8701	191.897	42.6023	246.436	55.1004	0.0280373	0.00705606	5.38875	1.0889
J153452.95+290919.8_mmo+17.dat	0	30	25	14.7055	0.58822	0.0116214	0.0281124	0.00756949	1.16993	2.04802	0.385223	0.374678	0	0	12.4961	0.680432	0.1	0	3.6126	0.828704	0	0	61.676	18.8701	191.897	42.6023	246.436	55.1004	0.0280373	0.00705606	5.38875	1.0889
J153452.95+290919.8_mmo+17.dat	0	30	25	14.7055	0.58822	0.0116214	0.0281124	0.00756949	1.16993	2.04802	0.385223	0.374678	0	0	12.4961	0.680432	0.1	0	3.6126	0.828704	0	0	61.676	18.8701	191.897	42.6023	246.436	55.1004	0.0280373	0.00705606	5.38875	1.0889
J160246+524358_css11.dat	1	67	62	153.856	2.48156	0.00205236	-0.00341307	0.000524226	3.70756	40399.9	0.0895281	0.0955558	0	0	28.9998	783.655	0.1	0	27.856	783.98	0	0	-74.9677	3148.73	0.91802	0.270658	0.91802	0.270658	0	0	-1.18595	21.3165
J160246+524358_css11.dat	1	67	62	153.856	2.48156	0.00205236	-0.00341307	0.000524226	3.70756	40399.9	0.0895281	0.0955558	0	0	28.9998	783.655	0.1	0	27.856	783.98	0	0	-74.9677	3148.73	0.91802	0.270658	0.91802	0.270658	0	0	-1.18595	21.3165
J160246+524358_css11.dat	1	67	62	153.856	2.48156	0.00205236	-0.00341307	0.000524226	3.70756	40399.9	0.0895281	0.0955558	0	0	28.9998	783.655	0.1	0	27.856	783.98	0	0	-74.9677	3148.73	0.91802	0.270658	0.91802	0.270658	0	0	-1.18595	21.3165
J160246+524358_css11.dat	1	67	62	153.856	2.48156	0.00205236	-0.00341307	0.000524226	3.70756	40399.9	0.0895281	0.0955558	0	0	28.9998	783.655	0.1	0	27.856	783.98	0	0	-74.9677	3148.73	0.91802	0.270658	0.91802	0.270658	0	0	-1.18595	21.3165
J160246+524358_css11.dat	1	67	62	153.856	2.48156	0.00205236	-0.00341307	0.000524226	3.70756	40399.9	0.0895281	0.0955558	0	0	28.9998	783.655	0.1	0	27.856	783.98	0	0	-74.9677	3148.73	0.91802	0.270658	0.91802	0.270658	0	0	-1.18595	21.3165
