freq[Hz],vel[km/s],flux[Jy/beam],noise[Jy/beam],tau,tau_noise
1279950741.84 32897.6350871 0.0 nan nan nan
1279872611.46 32917.9442997 0.0 nan nan nan
1279794481.07 32938.255992 0.0 nan nan nan
1279716350.69 32958.5701644 0.0 nan nan nan
1279638220.3 32978.8868175 0.0 nan nan nan
1279560089.92 32999.2059517 0.0 nan nan nan
1279481959.53 33019.5275674 0.0 nan nan nan
1279403829.15 33039.8516652 0.0 nan nan nan
1279325698.76 33060.1782453 -0.00243318895809 nan -inf nan
1279247568.38 33080.5073084 -0.00609986018389 nan -inf nan
1279169437.99 33100.8388548 -0.00534734642133 nan -inf nan
1279091307.61 33121.1728851 -0.00281482050195 nan -inf nan
1279013177.22 33141.5093996 -0.00226398045197 nan -inf nan
1278935046.84 33161.8483988 -0.00249395193532 nan -inf nan
1278856916.46 33182.1898832 -0.00272482028231 nan -inf nan
1278778786.07 33202.5338533 -0.00177696009632 nan -inf nan
1278700655.69 33222.8803094 -0.000788766192272 nan -inf nan
1278622525.3 33243.2292521 8.72870441526e-06 nan nan nan
1278544394.92 33263.5806817 0.0013315170072 nan nan nan
1278466264.53 33283.9345989 0.0019580933731 nan nan nan
1278388134.15 33304.2910039 0.00192532781512 nan nan nan
1278310003.76 33324.6498974 0.00118386710528 nan nan nan
1278231873.38 33345.0112796 0.000701957906131 nan nan nan
1278153742.99 33365.3751511 0.000401293335017 nan nan nan
1278075612.61 33385.7415124 0.000157965754624 nan nan nan
1277997482.22 33406.1103638 0.00105232768692 nan nan nan
1277919351.84 33426.481706 0.00171912275255 nan nan nan
1277841221.45 33446.8555392 0.00108665891457 nan nan nan
1277763091.07 33467.231864 0.000149382452946 nan nan nan
1277684960.69 33487.6106808 0.000148311519297 nan nan nan
1277606830.3 33507.9919901 -0.000217206950765 nan -inf nan
1277528699.92 33528.3757923 -0.000813802122138 nan -inf nan
1277450569.53 33548.7620879 0.000191348459339 nan nan nan
1277372439.15 33569.1508774 0.000673111062497 nan nan nan
1277294308.76 33589.5421612 0.000318988109939 nan nan nan
1277216178.38 33609.9359397 0.000675998977385 nan nan nan
1277138047.99 33630.3322135 0.000354292104021 nan nan nan
1277059917.61 33650.730983 -3.16766672768e-05 nan -inf nan
1276981787.22 33671.1322486 -7.16344657121e-05 nan -inf nan
1276903656.84 33691.5360108 -0.00045039280667 nan -inf nan
1276825526.45 33711.94227 -0.00042903094436 nan -inf nan
1276747396.07 33732.3510268 3.52089118678e-05 nan nan nan
1276669265.69 33752.7622816 0.000239033572143 nan nan nan
1276591135.3 33773.1760348 0.000102278630948 nan nan nan
1276513004.92 33793.5922868 -3.17918020301e-05 nan -inf nan
1276434874.53 33814.0110383 -0.000344482657965 nan -inf nan
1276356744.15 33834.4322895 -0.000684400147293 nan -inf nan
1276278613.76 33854.856041 -0.00117844238412 nan -inf nan
1276200483.38 33875.2822932 -0.000689442851581 nan -inf nan
1276122352.99 33895.7110467 0.000583920977078 nan nan nan
1276044222.61 33916.1423018 0.00084690953372 nan nan nan
1275966092.22 33936.5760589 0.0003895717673 nan nan nan
1275887961.84 33957.0123187 -0.000205807053135 nan -inf nan
1275809831.45 33977.4510815 -0.00088430615142 nan -inf nan
1275731701.07 33997.8923477 -0.00178307807073 nan -inf nan
1275653570.68 34018.3361179 -0.00183724006638 nan -inf nan
1275575440.3 34038.7823925 -0.000961897429079 nan -inf nan
1275497309.92 34059.231172 -0.000652579183225 nan -inf nan
1275419179.53 34079.6824568 -0.00154290278442 nan -inf nan
1275341049.15 34100.1362474 -0.00188668770716 nan -inf nan
1275262918.76 34120.5925443 -0.000712026667316 nan -inf nan
1275184788.38 34141.0513478 0.000302338507026 nan nan nan
1275106657.99 34161.5126585 0.000972715439275 nan nan nan
1275028527.61 34181.9764769 0.00178250903264 nan nan nan
1274950397.22 34202.4428033 0.00187512789853 nan nan nan
1274872266.84 34222.9116383 0.000209861784242 nan nan nan
1274794136.45 34243.3829823 -0.000714880647138 nan -inf nan
1274716006.07 34263.8568358 -2.51758756349e-05 nan -inf nan
1274637875.68 34284.3331992 -0.000793110230006 nan -inf nan
1274559745.3 34304.812073 -0.00118498585653 nan -inf nan
1274481614.92 34325.2934577 0.000412550085457 nan nan nan
1274403484.53 34345.7773537 0.000281741551589 nan nan nan
1274325354.15 34366.2637615 -0.00143253919668 nan -inf nan
1274247223.76 34386.7526815 -0.00215156609192 nan -inf nan
1274169093.38 34407.2441143 -0.00235505984165 nan -inf nan
1274090962.99 34427.7380602 -0.00243839691393 nan -inf nan
1274012832.61 34448.2345197 -0.00288929324597 nan -inf nan
1273934702.22 34468.7334933 -0.00392021983862 nan -inf nan
1273856571.84 34489.2349815 -0.00382938422263 nan -inf nan
1273778441.45 34509.7389847 -0.00324626779184 nan -inf nan
1273700311.07 34530.2455034 -0.00322809885256 nan -inf nan
1273622180.68 34550.7545381 -0.00140053674113 nan -inf nan
1273544050.3 34571.2660891 0.00170022738166 nan nan nan
1273465919.91 34591.780157 0.00272737117484 nan nan nan
1273387789.53 34612.2967423 0.00141718541272 nan nan nan
1273309659.15 34632.8158453 0.000346837361576 nan nan nan
1273231528.76 34653.3374666 0.00045019161189 nan nan nan
1273153398.38 34673.8616067 0.000556426530238 nan nan nan
1273075267.99 34694.3882659 -0.000313707219902 nan -inf nan
1272997137.61 34714.9174448 -0.000402154924814 nan -inf nan
1272919007.22 34735.4491438 0.00131880876143 nan nan nan
1272840876.84 34755.9833634 0.00231130351312 nan nan nan
1272762746.45 34776.520104 0.00171017483808 nan nan nan
1272684616.07 34797.0593661 0.000729644962121 nan nan nan
1272606485.68 34817.6011503 0.000653608236462 nan nan nan
1272528355.3 34838.1454568 0.00102880853228 nan nan nan
1272450224.91 34858.6922863 0.00142110569868 nan nan nan
1272372094.53 34879.2416391 0.00225914968178 nan nan nan
1272293964.15 34899.7935157 0.00186233222485 nan nan nan
1272215833.76 34920.3479167 -0.000142029923154 nan -inf nan
1272137703.38 34940.9048424 -0.000469487626106 nan -inf nan
1272059572.99 34961.4642934 0.00130529003218 nan nan nan
1271981442.61 34982.02627 0.00210001622327 nan nan nan
1271903312.22 35002.5907728 0.00175879814196 nan nan nan
1271825181.84 35023.1578022 0.00139873335138 nan nan nan
1271747051.45 35043.7273587 0.000305101100821 nan nan nan
1271668921.07 35064.2994428 -0.00057937350357 nan -inf nan
1271590790.68 35084.8740549 -0.000589621020481 nan -inf nan
1271512660.3 35105.4511955 -0.000977429328486 nan -inf nan
1271434529.91 35126.030865 -0.000438751536421 nan -inf nan
1271356399.53 35146.613064 0.00110592262354 nan nan nan
1271278269.14 35167.1977928 0.00119458825793 nan nan nan
1271200138.76 35187.785052 0.00120909477118 nan nan nan
1271122008.38 35208.374842 0.00171504518948 nan nan nan
1271043877.99 35228.9671633 0.000696665607393 nan nan nan
1270965747.61 35249.5620164 -0.000361375481589 nan -inf nan
1270887617.22 35270.1594017 9.23628685996e-05 nan nan nan
1270809486.84 35290.7593196 0.000128760177176 nan nan nan
1270731356.45 35311.3617707 -0.00155033962801 nan -inf nan
1270653226.07 35331.9667555 -0.00278520933352 nan -inf nan
1270575095.68 35352.5742743 -0.00252136215568 nan -inf nan
1270496965.3 35373.1843277 -0.000963713566307 nan -inf nan
1270418834.91 35393.7969161 0.000752455904149 nan nan nan
1270340704.53 35414.41204 0.000159453542437 nan nan nan
1270262574.14 35435.0296999 -0.00127181201242 nan -inf nan
1270184443.76 35455.6498962 -0.000750342966057 nan -inf nan
1270106313.38 35476.2726294 0.000384667218896 nan nan nan
1270028182.99 35496.8978999 0.000355651660357 nan nan nan
1269950052.61 35517.5257083 -0.000293235119898 nan -inf nan
1269871922.22 35538.156055 -0.000322953856084 nan -inf nan
1269793791.84 35558.7889404 -0.000334703974659 nan -inf nan
1269715661.45 35579.4243651 -0.000655892305076 nan -inf nan
1269637531.07 35600.0623295 0.000804289418738 nan nan nan
1269559400.68 35620.7028341 0.00167516618967 nan nan nan
1269481270.3 35641.3458793 0.000145455705933 nan nan nan
1269403139.91 35661.9914657 -0.00018848705804 nan -inf nan
1269325009.53 35682.6395936 0.000871239695698 nan nan nan
1269246879.14 35703.2902635 -0.000835797691252 nan -inf nan
1269168748.76 35723.943476 -0.00381601043046 nan -inf nan
1269090618.37 35744.5992315 -0.00310451164842 nan -inf nan
1269012487.99 35765.2575305 -0.00067696662154 nan -inf nan
1268934357.61 35785.9183733 -0.000369892601157 nan -inf nan
1268856227.22 35806.5817606 -0.00152365118265 nan -inf nan
1268778096.84 35827.2476928 -0.00110839761328 nan -inf nan
1268699966.45 35847.9161703 0.000327652669512 nan nan nan
1268621836.07 35868.5871936 -0.000119236327009 nan -inf nan
1268543705.68 35889.2607632 -0.00210863025859 nan -inf nan
1268465575.3 35909.9368795 -0.00272045913152 nan -inf nan
1268387444.91 35930.615543 -0.00132894527633 nan -inf nan
1268309314.53 35951.2967543 -0.000114807189675 nan -inf nan
1268231184.14 35971.9805137 0.000842998095322 nan nan nan
1268153053.76 35992.6668218 0.000419295451138 nan nan nan
1268074923.37 36013.3556789 -0.000326508656144 nan -inf nan
1267996792.99 36034.0470857 0.000295398203889 nan nan nan
1267918662.61 36054.7410425 -0.000210981117561 nan -inf nan
1267840532.22 36075.4375498 -0.00065181060927 nan -inf nan
1267762401.84 36096.1366081 -0.00060702097835 nan -inf nan
1267684271.45 36116.8382178 -0.00158932385966 nan -inf nan
1267606141.07 36137.5423795 -0.00228134449571 nan -inf nan
1267528010.68 36158.2490937 -0.00134527112823 nan -inf nan
1267449880.3 36178.9583606 0.000982076511718 nan nan nan
1267371749.91 36199.670181 0.00198688777164 nan nan nan
1267293619.53 36220.3845551 0.00124100432731 nan nan nan
1267215489.14 36241.1014836 0.00129162846133 nan nan nan
1267137358.76 36261.8209668 0.00119292200543 nan nan nan
1267059228.37 36282.5430053 0.000159681992955 nan nan nan
1266981097.99 36303.2675995 -0.000497933593579 nan -inf nan
1266902967.6 36323.9947499 3.07699665427e-05 nan nan nan
1266824837.22 36344.7244569 0.000757763977163 nan nan nan
1266746706.84 36365.4567211 0.000284445821308 nan nan nan
1266668576.45 36386.1915428 -0.000664101738948 nan -inf nan
1266590446.07 36406.9289227 -0.00053140235832 nan -inf nan
1266512315.68 36427.6688611 0.000342922488926 nan nan nan
1266434185.3 36448.4113585 5.97846592427e-05 nan nan nan
1266356054.91 36469.1564155 -0.000903831096366 nan -inf nan
1266277924.53 36489.9040324 -0.000690722663421 nan -inf nan
1266199794.14 36510.6542097 0.00104804185685 nan nan nan
1266121663.76 36531.406948 0.00150430202484 nan nan nan
1266043533.37 36552.1622477 0.000772888073698 nan nan nan
1265965402.99 36572.9201092 0.0010321973823 nan nan nan
1265887272.6 36593.6805331 0.00114031229168 nan nan nan
1265809142.22 36614.4435198 0.00154361361638 nan nan nan
1265731011.84 36635.2090698 0.0025330982171 nan nan nan
1265652881.45 36655.9771836 0.00166787276976 nan nan nan
1265574751.07 36676.7478616 -0.000612977484707 nan -inf nan
1265496620.68 36697.5211043 -0.00175931025296 nan -inf nan
1265418490.3 36718.2969122 -0.0013495227322 nan -inf nan
1265340359.91 36739.0752858 -0.000895491568372 nan -inf nan
1265262229.53 36759.8562256 -0.000628195470199 nan -inf nan
1265184099.14 36780.6397319 0.000137928931508 nan nan nan
1265105968.76 36801.4258054 0.000192282008356 nan nan nan
1265027838.37 36822.2144464 -0.000246409676038 nan -inf nan
1264949707.99 36843.0056554 -0.000263326393906 nan -inf nan
1264871577.6 36863.799433 -4.51761407021e-05 nan -inf nan
1264793447.22 36884.5957796 6.60656951368e-05 nan nan nan
1264715316.83 36905.3946957 0.000424990139436 nan nan nan
1264637186.45 36926.1961817 0.00154965859838 nan nan nan
1264559056.07 36947.0002381 0.0015515050618 nan nan nan
1264480925.68 36967.8068654 -0.000100260309409 nan -inf nan
1264402795.3 36988.6160642 -0.00100526772439 nan -inf nan
1264324664.91 37009.4278347 -0.000539256143384 nan -inf nan
1264246534.53 37030.2421776 0.000330974347889 nan nan nan
1264168404.14 37051.0590934 0.000304489163682 nan nan nan
1264090273.76 37071.8785824 -0.000157747752382 nan -inf nan
1264012143.37 37092.7006451 0.000242519774474 nan nan nan
1263934012.99 37113.5252821 0.000330099603161 nan nan nan
1263855882.6 37134.3524939 0.000403892976465 nan nan nan
1263777752.22 37155.1822808 0.000662543228827 nan nan nan
1263699621.83 37176.0146434 -0.000684350379743 nan -inf nan
1263621491.45 37196.8495821 -0.00167376792524 nan -inf nan
1263543361.07 37217.6870975 -0.000756210298277 nan -inf nan
1263465230.68 37238.52719 -0.000359754514648 nan -inf nan
1263387100.3 37259.3698601 -0.000257045729086 nan -inf nan
1263308969.91 37280.2151082 -0.000377648480935 nan -inf nan
1263230839.53 37301.0629349 -0.00108984380495 nan -inf nan
1263152709.14 37321.9133406 -0.000358436489478 nan -inf nan
1263074578.76 37342.7663258 0.000247529358603 nan nan nan
1262996448.37 37363.621891 -1.49238039739e-05 nan -inf nan
1262918317.99 37384.4800366 0.000836900027934 nan nan nan
1262840187.6 37405.3407632 0.00186380883679 nan nan nan
