     1        1.4       1.0      1.55E-05  4.87E-04  1.82E-03 -2.01E-03   65536
     2        1.4      0.98      1.50E-05  3.90E-04  1.52E-03 -1.66E-03   65536
     3        1.4      0.53      8.06E-06  3.97E-04  1.50E-03 -1.41E-03   65536
     4        1.4     -7.61E-02 -1.16E-06  4.14E-04  1.69E-03 -1.80E-03   65536
     5        1.4     -0.21     -3.13E-06  4.11E-04  1.49E-03 -1.58E-03   65536
     6        1.4      0.11      1.69E-06  4.00E-04  1.77E-03 -1.47E-03   65536
     7        1.4      0.17      2.62E-06  3.89E-04  1.50E-03 -1.70E-03   65536
     8        1.4     -0.47     -7.15E-06  3.98E-04  1.60E-03 -1.57E-03   65536
     9        1.4     -0.68     -1.04E-05  3.92E-04  1.51E-03 -1.72E-03   65536
    10        1.4     -0.17     -2.64E-06  3.85E-04  1.76E-03 -1.71E-03   65536
    11        1.4      3.49E-02  5.33E-07  3.87E-04  1.68E-03 -1.66E-03   65536
    12        1.4      0.24      3.63E-06  3.90E-04  1.50E-03 -1.59E-03   65536
    13        1.4      0.22      3.37E-06  3.93E-04  1.71E-03 -1.60E-03   65536
    14        1.4     -0.36     -5.48E-06  3.97E-04  1.56E-03 -1.57E-03   65536
    15        1.4     -0.40     -6.04E-06  3.80E-04  1.27E-03 -1.62E-03   65536
    16        1.4     -2.40E-02 -3.67E-07  3.87E-04  1.55E-03 -1.45E-03   65536
    17        1.4     -9.90E-03 -1.51E-07  3.96E-04  1.55E-03 -1.51E-03   65536
    18        1.4      0.49      7.49E-06  3.94E-04  1.54E-03 -1.50E-03   65536
    19        1.4      0.87      1.33E-05  3.88E-04  1.58E-03 -1.53E-03   65536
    20        1.4      0.52      7.95E-06  3.80E-04  1.50E-03 -1.58E-03   65536
    21        1.4      0.56      8.49E-06  3.74E-04  1.50E-03 -1.48E-03   65536
    22        1.4      0.45      6.80E-06  3.77E-04  1.81E-03 -1.85E-03   65536
    23        1.4      5.43E-02  8.28E-07  3.88E-04  1.81E-03 -1.64E-03   65536
    24        1.4      0.13      1.98E-06  3.85E-04  1.45E-03 -1.50E-03   65536
    25        1.4      0.46      6.99E-06  3.83E-04  1.52E-03 -1.50E-03   65536
    26        1.4      0.44      6.75E-06  4.22E-04  1.52E-03 -1.63E-03   65536
    27        1.4      0.11      1.68E-06  5.12E-04  1.82E-03 -1.97E-03   65536
    28        1.4      0.12      1.82E-06  4.13E-04  1.62E-03 -1.64E-03   65536
    29        1.4      0.58      8.80E-06  3.80E-04  1.31E-03 -1.44E-03   65536
    30        1.4      0.84      1.28E-05  3.80E-04  1.45E-03 -1.77E-03   65536
    31        1.4      0.26      4.00E-06  3.91E-04  2.12E-03 -1.49E-03   65536
    32        1.4      1.23E-02  1.88E-07  3.82E-04  1.79E-03 -1.68E-03   65536
    33        1.4      0.27      4.16E-06  3.70E-04  1.45E-03 -1.41E-03   65536
    34        1.4     -6.31E-02 -9.63E-07  3.78E-04  1.41E-03 -1.56E-03   65536
    35        1.4     -0.10     -1.58E-06  3.72E-04  1.51E-03 -1.40E-03   65536
    36        1.4      0.50      7.59E-06  3.66E-04  1.41E-03 -1.39E-03   65536
    37        1.4      0.92      1.40E-05  3.62E-04  1.52E-03 -1.31E-03   65536
    38        1.4      0.66      1.01E-05  3.72E-04  1.48E-03 -1.42E-03   65536
    39        1.4      8.88E-02  1.35E-06  3.85E-04  1.40E-03 -1.51E-03   65536
    40        1.4     -8.40E-02 -1.28E-06  3.73E-04  1.48E-03 -1.47E-03   65536
    41        1.4      0.11      1.62E-06  3.71E-04  1.42E-03 -1.38E-03   65536
    42        1.4      0.27      4.13E-06  3.70E-04  1.41E-03 -1.32E-03   65536
    43        1.4      0.36      5.48E-06  3.74E-04  1.57E-03 -1.61E-03   65536
    44        1.4      0.40      6.05E-06  3.75E-04  1.53E-03 -1.44E-03   65536
    45        1.4      0.22      3.38E-06  3.60E-04  1.24E-03 -1.37E-03   65536
    46        1.4      0.15      2.30E-06  3.63E-04  1.46E-03 -1.39E-03   65536
    47        1.4      0.17      2.53E-06  3.68E-04  1.46E-03 -1.46E-03   65536
    48        1.4      5.88E-03  8.97E-08  3.67E-04  1.65E-03 -1.41E-03   65536
    49        1.4     -4.07E-03 -6.21E-08  3.68E-04  1.60E-03 -1.82E-03   65536
    50        1.4      0.24      3.70E-06  3.72E-04  1.46E-03 -1.51E-03   65536
    51        1.4      0.18      2.75E-06  3.78E-04  1.38E-03 -1.61E-03   65536
    52        1.4     -0.16     -2.47E-06  3.70E-04  1.45E-03 -1.53E-03   65536
    53        1.4     -0.22     -3.30E-06  3.84E-04  1.48E-03 -1.41E-03   65536
    54        1.4     -4.56E-02 -6.96E-07  3.98E-04  1.51E-03 -1.51E-03   65536
    55        1.4      0.24      3.62E-06  3.97E-04  1.88E-03 -1.81E-03   65536
    56        1.4     -4.76E-02 -7.26E-07  3.90E-04  1.95E-03 -1.40E-03   65536
    57        1.4     -0.70     -1.07E-05  3.85E-04  1.43E-03 -1.62E-03   65536
    58        1.4     -0.55     -8.45E-06  3.94E-04  1.53E-03 -1.80E-03   65536
    59        1.4     -0.28     -4.32E-06  3.85E-04  1.57E-03 -1.63E-03   65536
    60        1.4     -5.78E-02 -8.82E-07  3.96E-04  1.66E-03 -1.36E-03   65536
    61        1.4      0.24      3.68E-06  4.09E-04  2.22E-03 -1.45E-03   65536
    62        1.4      0.16      2.43E-06  4.04E-04  1.67E-03 -1.56E-03   65536
    63        1.4      0.55      8.36E-06  3.91E-04  1.50E-03 -1.44E-03   65536
    64        1.4      0.91      1.39E-05  3.87E-04  1.55E-03 -1.60E-03   65536
    65        1.4      0.74      1.14E-05  4.06E-04  1.56E-03 -1.55E-03   65536
    66        1.4      0.83      1.27E-05  4.00E-04  1.56E-03 -1.61E-03   65536
    67        1.4      0.78      1.19E-05  3.96E-04  1.44E-03 -1.65E-03   65536
    68        1.4      0.51      7.82E-06  3.99E-04  1.53E-03 -1.76E-03   65536
    69        1.4      0.63      9.59E-06  4.01E-04  1.67E-03 -1.46E-03   65536
    70        1.4      0.63      9.55E-06  3.96E-04  1.52E-03 -1.64E-03   65536
    71        1.4     -5.53E-02 -8.44E-07  3.97E-04  1.53E-03 -1.61E-03   65536
    72        1.4     -0.43     -6.56E-06  4.08E-04  1.67E-03 -1.48E-03   65536
    73        1.4      5.66E-02  8.63E-07  4.05E-04  1.54E-03 -1.53E-03   65536
    74        1.4      0.26      4.04E-06  3.98E-04  1.47E-03 -1.61E-03   65536
    75        1.4     -0.21     -3.20E-06  3.95E-04  1.64E-03 -1.77E-03   65536
    76        1.4      0.22      3.33E-06  3.92E-04  1.37E-03 -1.43E-03   65536
    77        1.4      0.97      1.48E-05  3.88E-04  1.59E-03 -1.40E-03   65536
    78        1.4      0.64      9.77E-06  3.95E-04  1.62E-03 -1.43E-03   65536
    79        1.4      0.28      4.30E-06  3.96E-04  1.83E-03 -1.58E-03   65536
    80        1.4      0.33      5.01E-06  3.92E-04  1.56E-03 -1.43E-03   65536
    81        1.4      0.48      7.36E-06  3.94E-04  1.43E-03 -1.59E-03   65536
    82        1.4      0.53      8.14E-06  3.88E-04  1.55E-03 -1.47E-03   65536
    83        1.4      0.69      1.05E-05  4.09E-04  1.57E-03 -1.45E-03   65536
    84        1.4      0.25      3.77E-06  4.09E-04  1.70E-03 -1.58E-03   65536
    85        1.4     -0.78     -1.19E-05  3.98E-04  1.80E-03 -1.62E-03   65536
    86        1.4     -0.53     -8.02E-06  3.82E-04  1.53E-03 -1.50E-03   65536
    87        1.4      6.72E-02  1.03E-06  3.88E-04  1.74E-03 -2.05E-03   65536
    88        1.4     -0.40     -6.16E-06  4.10E-04  1.73E-03 -1.95E-03   65536
    89        1.4     -0.40     -6.15E-06  3.92E-04  1.39E-03 -1.67E-03   65536
    90        1.4      0.60      9.17E-06  3.81E-04  1.66E-03 -1.28E-03   65536
    91        1.4      0.90      1.37E-05  3.92E-04  1.64E-03 -1.43E-03   65536
    92        1.4      0.41      6.26E-06  4.05E-04  1.73E-03 -1.50E-03   65536
    93        1.4      0.77      1.17E-05  4.00E-04  1.40E-03 -1.79E-03   65536
    94        1.4       1.2      1.84E-05  3.92E-04  1.72E-03 -1.44E-03   65536
    95        1.4      0.38      5.87E-06  3.80E-04  1.46E-03 -1.41E-03   65536
    96        1.4      0.27      4.12E-06  3.85E-04  1.46E-03 -1.41E-03   65536
    97        1.4       1.5      2.33E-05  3.98E-04  1.51E-03 -1.72E-03   65536
    98        1.4       1.7      2.60E-05  4.00E-04  1.54E-03 -1.59E-03   65536
    99        1.4      0.89      1.35E-05  3.85E-04  1.70E-03 -1.51E-03   65536
   100        1.4      0.49      7.45E-06  3.84E-04  1.53E-03 -1.58E-03   65536
   101        1.4      0.14      2.06E-06  4.00E-04  1.50E-03 -1.63E-03   65536
   102        1.4      2.41E-02  3.68E-07  4.04E-04  1.52E-03 -1.67E-03   65536
   103        1.4      0.44      6.70E-06  3.96E-04  1.73E-03 -1.64E-03   65536
   104        1.4       1.0      1.58E-05  3.86E-04  1.54E-03 -1.49E-03   65536
   105        1.4       1.6      2.42E-05  4.05E-04  1.60E-03 -1.46E-03   65536
   106        1.4       1.6      2.43E-05  4.43E-04  1.71E-03 -1.58E-03   65536
   107        1.4       1.3      2.00E-05  4.04E-04  1.72E-03 -1.52E-03   65536
   108        1.4      0.86      1.31E-05  3.89E-04  1.45E-03 -1.56E-03   65536
   109        1.4      0.30      4.63E-06  3.91E-04  1.66E-03 -1.57E-03   65536
   110        1.4      0.37      5.59E-06  3.96E-04  1.72E-03 -1.57E-03   65536
   111        1.4      0.86      1.31E-05  3.90E-04  1.53E-03 -1.56E-03   65536
   112        1.4      0.71      1.08E-05  3.91E-04  1.55E-03 -1.69E-03   65536
   113        1.4      6.42E-02  9.79E-07  3.97E-04  1.71E-03 -1.63E-03   65536
   114        1.4     -5.48E-02 -8.37E-07  3.78E-04  1.41E-03 -1.44E-03   65536
   115        1.4      0.20      3.00E-06  3.77E-04  1.54E-03 -1.33E-03   65536
   116        1.4      0.37      5.61E-06  3.88E-04  1.63E-03 -1.46E-03   65536
   117        1.4      0.65      9.96E-06  3.89E-04  1.67E-03 -1.50E-03   65536
   118        1.4      0.67      1.03E-05  3.96E-04  1.65E-03 -1.67E-03   65536
   119        1.4      0.21      3.14E-06  4.02E-04  1.56E-03 -1.52E-03   65536
   120        1.4      0.62      9.39E-06  4.02E-04  1.74E-03 -1.57E-03   65536
   121        1.4       1.2      1.88E-05  4.02E-04  1.54E-03 -1.53E-03   65536
   122        1.4      0.61      9.38E-06  3.97E-04  1.61E-03 -1.45E-03   65536
   123        1.4      0.47      7.20E-06  3.86E-04  1.38E-03 -1.53E-03   65536
   124        1.4       1.1      1.68E-05  3.76E-04  1.33E-03 -1.55E-03   65536
   125        1.4       1.3      2.00E-05  3.87E-04  1.56E-03 -1.55E-03   65536
   126        1.4       1.2      1.84E-05  3.89E-04  1.65E-03 -1.49E-03   65536
   127        1.4      0.44      6.67E-06  3.84E-04  1.91E-03 -1.42E-03   65536
   128        1.4     -0.24     -3.59E-06  3.74E-04  1.51E-03 -1.55E-03   65536
   129        1.4      0.26      3.94E-06  3.68E-04  1.42E-03 -1.39E-03   65536
   130        1.4      0.55      8.40E-06  3.69E-04  1.49E-03 -1.30E-03   65536
   131        1.4     -0.34     -5.24E-06  3.82E-04  1.62E-03 -1.53E-03   65536
   132        1.4      -1.5     -2.30E-05  3.92E-04  1.58E-03 -1.54E-03   65536
   133        1.4      -1.9     -2.92E-05  3.99E-04  1.69E-03 -1.61E-03   65536
   134        1.4      -1.1     -1.75E-05  3.88E-04  1.65E-03 -1.51E-03   65536
   135        1.4     -0.20     -3.02E-06  3.87E-04  1.70E-03 -1.40E-03   65536
   136        1.4     -0.19     -2.93E-06  3.69E-04  1.42E-03 -1.42E-03   65536
   137        1.4     -0.61     -9.28E-06  3.56E-04  1.72E-03 -1.32E-03   65536
   138        1.4     -0.89     -1.35E-05  3.54E-04  1.34E-03 -1.35E-03   65536
   139        1.4     -0.79     -1.21E-05  3.75E-04  1.38E-03 -1.43E-03   65536
   140        1.4     -0.53     -8.12E-06  3.81E-04  1.41E-03 -1.63E-03   65536
   141        1.4     -0.68     -1.04E-05  3.80E-04  1.43E-03 -1.61E-03   65536
   142        1.4      -1.1     -1.63E-05  3.78E-04  1.53E-03 -1.63E-03   65536
   143        1.4      -1.2     -1.89E-05  3.75E-04  1.63E-03 -1.47E-03   65536
   144        1.4     -0.91     -1.38E-05  3.74E-04  1.46E-03 -1.66E-03   65536
   145        1.4     -0.78     -1.19E-05  3.83E-04  1.80E-03 -1.63E-03   65536
   146        1.4      -1.5     -2.21E-05  4.00E-04  1.50E-03 -2.01E-03   65536
   147        1.4      -1.5     -2.26E-05  4.10E-04  1.42E-03 -1.78E-03   65536
   148        1.4     -2.88E-02 -4.40E-07  3.98E-04  1.45E-03 -1.69E-03   65536
   149        1.4       1.1      1.67E-05  3.83E-04  1.43E-03 -1.41E-03   65536
   150        1.4      0.75      1.14E-05  3.69E-04  1.32E-03 -1.29E-03   65536
   151        1.4     -9.61E-02 -1.47E-06  3.70E-04  1.66E-03 -1.39E-03   65536
   152        1.4     -0.60     -9.16E-06  3.62E-04  1.53E-03 -1.42E-03   65536
   153        1.4     -0.32     -4.82E-06  3.82E-04  1.45E-03 -1.56E-03   65536
   154        1.4     -3.68E-02 -5.61E-07  3.77E-04  1.50E-03 -1.47E-03   65536
   155        1.4     -0.45     -6.83E-06  3.74E-04  1.45E-03 -1.44E-03   65536
   156        1.4     -0.43     -6.49E-06  3.87E-04  1.44E-03 -1.52E-03   65536
   157        1.4     -0.11     -1.72E-06  3.87E-04  1.71E-03 -1.48E-03   65536
   158        1.4     -0.27     -4.11E-06  3.83E-04  1.63E-03 -1.39E-03   65536
   159        1.4     -0.44     -6.71E-06  3.84E-04  1.40E-03 -1.45E-03   65536
   160        1.4      0.37      5.60E-06  3.87E-04  1.40E-03 -1.45E-03   65536
   161        1.4       1.5      2.31E-05  3.90E-04  1.65E-03 -1.58E-03   65536
   162        1.4       1.3      2.06E-05  3.87E-04  1.47E-03 -1.56E-03   65536
   163        1.4      0.46      6.99E-06  3.83E-04  1.37E-03 -1.43E-03   65536
   164        1.4     -0.14     -2.16E-06  3.87E-04  1.42E-03 -1.42E-03   65536
   165        1.4     -5.94E-02 -9.07E-07  3.97E-04  1.48E-03 -1.46E-03   65536
   166        1.4      0.69      1.06E-05  3.99E-04  1.60E-03 -1.43E-03   65536
   167        1.4       1.3      1.97E-05  3.89E-04  1.56E-03 -1.46E-03   65536
   168        1.4      0.94      1.44E-05  3.83E-04  1.72E-03 -1.40E-03   65536
   169        1.4      0.37      5.59E-06  3.98E-04  1.53E-03 -1.61E-03   65536
   170        1.4      0.55      8.42E-06  3.91E-04  1.60E-03 -1.45E-03   65536
   171        1.4      0.59      9.04E-06  3.88E-04  1.40E-03 -1.62E-03   65536
   172        1.4      0.32      4.84E-06  3.98E-04  1.50E-03 -1.47E-03   65536
   173        1.4      0.25      3.76E-06  4.14E-04  1.69E-03 -1.72E-03   65536
   174        1.4     -0.16     -2.47E-06  4.17E-04  1.55E-03 -1.54E-03   65536
   175        1.4     -0.56     -8.51E-06  4.18E-04  1.71E-03 -1.64E-03   65536
   176        1.4     -0.25     -3.80E-06  4.13E-04  1.93E-03 -1.53E-03   65536
   177        1.4      0.33      5.01E-06  4.22E-04  1.57E-03 -1.89E-03   65536
   178        1.4      0.27      4.12E-06  4.33E-04  1.80E-03 -1.69E-03   65536
   179        1.4     -9.19E-02 -1.40E-06  4.27E-04  1.70E-03 -1.67E-03   65536
   180        1.4      0.15      2.29E-06  4.26E-04  1.81E-03 -1.69E-03   65536
   181        1.4      0.72      1.09E-05  4.24E-04  1.61E-03 -1.90E-03   65536
   182        1.4       1.0      1.53E-05  4.18E-04  1.55E-03 -1.65E-03   65536
   183        1.4      0.75      1.14E-05  4.33E-04  1.72E-03 -1.74E-03   65536
   184        1.4      0.39      5.96E-06  4.34E-04  1.78E-03 -1.65E-03   65536
   185        1.4      6.31E-02  9.63E-07  5.50E-04  2.06E-03 -2.42E-03   65536
