     1        1.3      -5.7     -8.66E-05  7.49E-04  2.51E-03 -2.37E-03   65536
     2        1.3      -5.5     -8.47E-05  6.60E-04  2.06E-03 -2.20E-03   65536
     3        1.3      -7.7     -1.18E-04  6.58E-04  2.13E-03 -2.06E-03   65536
     4        1.3      -10.     -1.57E-04  6.71E-04  2.17E-03 -2.11E-03   65536
     5        1.3      -10.     -1.58E-04  6.46E-04  2.10E-03 -2.21E-03   65536
     6        1.3      -9.0     -1.38E-04  5.87E-04  2.04E-03 -1.90E-03   65536
     7        1.3      -9.6     -1.47E-04  5.86E-04  2.13E-03 -2.00E-03   65536
     8        1.3      -9.9     -1.50E-04  5.99E-04  1.93E-03 -2.00E-03   65536
     9        1.3      -8.8     -1.35E-04  5.76E-04  1.86E-03 -2.26E-03   65536
    10        1.3      -8.3     -1.27E-04  5.70E-04  2.14E-03 -2.08E-03   65536
    11        1.3      -7.9     -1.21E-04  5.67E-04  1.90E-03 -2.03E-03   65536
    12        1.3      -7.4     -1.13E-04  5.84E-04  2.28E-03 -1.92E-03   65536
    13        1.3      -5.9     -8.95E-05  6.25E-04  2.21E-03 -2.28E-03   65536
    14        1.3      -5.0     -7.66E-05  6.52E-04  2.27E-03 -2.36E-03   65536
    15        1.3      -5.5     -8.46E-05  6.47E-04  2.16E-03 -2.53E-03   65536
    16        1.3      -4.4     -6.66E-05  6.36E-04  2.00E-03 -2.39E-03   65536
    17        1.3      -2.7     -4.19E-05  6.30E-04  1.87E-03 -2.28E-03   65536
    18        1.3      -2.3     -3.57E-05  6.33E-04  1.76E-03 -2.19E-03   65536
    19        1.3     -0.78     -1.18E-05  6.23E-04  2.06E-03 -2.43E-03   65536
    20        1.3       2.0      3.08E-05  6.10E-04  2.06E-03 -2.26E-03   65536
    21        1.3       4.3      6.55E-05  6.32E-04  1.87E-03 -2.04E-03   65536
    22        1.3       5.2      7.95E-05  6.79E-04  2.12E-03 -2.09E-03   65536
    23        1.3       4.2      6.44E-05  6.72E-04  2.07E-03 -2.29E-03   65536
    24        1.3       4.3      6.55E-05  6.41E-04  2.19E-03 -2.00E-03   65536
    25        1.3       6.9      1.05E-04  6.60E-04  2.01E-03 -2.31E-03   65536
    26        1.3       8.7      1.33E-04  6.61E-04  2.25E-03 -2.43E-03   65536
    27        1.3       8.3      1.26E-04  6.33E-04  2.39E-03 -2.27E-03   65536
    28        1.3       7.8      1.19E-04  5.87E-04  1.88E-03 -2.07E-03   65536
    29        1.3       8.5      1.29E-04  5.42E-04  1.79E-03 -2.05E-03   65536
    30        1.3       8.8      1.35E-04  5.30E-04  2.17E-03 -2.10E-03   65536
    31        1.3       10.      1.54E-04  5.24E-04  1.91E-03 -1.91E-03   65536
    32        1.3       12.      1.88E-04  5.52E-04  2.17E-03 -1.79E-03   65536
    33        1.3       14.      2.11E-04  5.97E-04  2.08E-03 -2.00E-03   65536
    34        1.3       14.      2.11E-04  6.34E-04  2.34E-03 -2.16E-03   65536
    35        1.3       13.      1.93E-04  6.26E-04  2.09E-03 -1.98E-03   65536
    36        1.3       12.      1.83E-04  6.07E-04  2.18E-03 -2.05E-03   65536
    37        1.3       13.      1.95E-04  6.32E-04  2.27E-03 -2.10E-03   65536
    38        1.3       13.      1.96E-04  6.59E-04  2.28E-03 -2.17E-03   65536
    39        1.3       11.      1.70E-04  6.05E-04  2.14E-03 -1.96E-03   65536
    40        1.3       11.      1.63E-04  5.99E-04  2.08E-03 -1.87E-03   65536
    41        1.3       9.9      1.50E-04  6.15E-04  2.02E-03 -1.88E-03   65536
    42        1.3       7.1      1.09E-04  5.92E-04  1.84E-03 -2.07E-03   65536
    43        1.3       4.7      7.17E-05  6.00E-04  2.02E-03 -1.96E-03   65536
    44        1.3       2.5      3.88E-05  5.90E-04  1.95E-03 -1.94E-03   65536
    45        1.3       1.5      2.33E-05  5.92E-04  1.98E-03 -2.09E-03   65536
    46        1.3       1.5      2.35E-05  5.93E-04  2.17E-03 -1.80E-03   65536
    47        1.3      0.95      1.45E-05  6.05E-04  1.92E-03 -2.07E-03   65536
    48        1.3     -0.33     -5.09E-06  6.38E-04  2.07E-03 -2.40E-03   65536
    49        1.3      -2.9     -4.38E-05  6.05E-04  1.93E-03 -2.16E-03   65536
    50        1.3      -4.5     -6.88E-05  5.61E-04  1.80E-03 -1.85E-03   65536
    51        1.3      -4.1     -6.23E-05  5.51E-04  1.75E-03 -1.96E-03   65536
    52        1.3      -3.8     -5.73E-05  5.56E-04  2.23E-03 -1.93E-03   65536
    53        1.3      -4.4     -6.74E-05  5.73E-04  1.98E-03 -1.84E-03   65536
    54        1.3      -5.8     -8.83E-05  5.81E-04  1.92E-03 -2.14E-03   65536
    55        1.3      -6.3     -9.56E-05  5.67E-04  1.69E-03 -2.06E-03   65536
    56        1.3      -6.2     -9.53E-05  5.40E-04  2.08E-03 -1.81E-03   65536
    57        1.3      -6.5     -9.86E-05  5.04E-04  1.77E-03 -1.80E-03   65536
    58        1.3      -6.2     -9.44E-05  4.98E-04  1.84E-03 -1.67E-03   65536
    59        1.3      -5.5     -8.43E-05  4.82E-04  1.94E-03 -2.06E-03   65536
    60        1.3      -5.7     -8.65E-05  4.65E-04  1.67E-03 -2.30E-03   65536
    61        1.3      -6.6     -1.01E-04  4.61E-04  2.22E-03 -1.81E-03   65536
    62        1.3      -6.8     -1.04E-04  4.70E-04  1.81E-03 -1.73E-03   65536
    63        1.3      -6.4     -9.74E-05  4.77E-04  2.02E-03 -1.67E-03   65536
    64        1.3      -5.8     -8.88E-05  4.67E-04  1.74E-03 -1.59E-03   65536
    65        1.3      -5.0     -7.62E-05  4.72E-04  1.81E-03 -1.73E-03   65536
    66        1.3      -4.3     -6.58E-05  5.07E-04  2.12E-03 -1.81E-03   65536
    67        1.3      -4.2     -6.47E-05  4.63E-04  1.83E-03 -1.63E-03   65536
    68        1.3      -4.0     -6.16E-05  4.34E-04  1.57E-03 -2.03E-03   65536
    69        1.3      -3.4     -5.20E-05  4.44E-04  1.78E-03 -1.86E-03   65536
    70        1.3      -2.9     -4.37E-05  4.29E-04  1.52E-03 -1.48E-03   65536
    71        1.3      -2.4     -3.66E-05  4.25E-04  1.49E-03 -1.54E-03   65536
    72        1.3      -1.6     -2.38E-05  4.42E-04  1.56E-03 -1.74E-03   65536
    73        1.3     -0.59     -8.97E-06  4.31E-04  1.75E-03 -1.57E-03   65536
    74        1.3      0.14      2.21E-06  4.27E-04  1.69E-03 -1.68E-03   65536
    75        1.3       1.1      1.70E-05  4.18E-04  1.64E-03 -1.69E-03   65536
    76        1.3       2.2      3.29E-05  4.31E-04  1.69E-03 -1.61E-03   65536
    77        1.3       2.7      4.18E-05  4.22E-04  1.56E-03 -1.49E-03   65536
    78        1.3       2.9      4.41E-05  4.21E-04  1.50E-03 -1.54E-03   65536
    79        1.3       3.0      4.59E-05  4.32E-04  1.63E-03 -1.66E-03   65536
    80        1.3       3.6      5.44E-05  4.26E-04  1.83E-03 -1.65E-03   65536
    81        1.3       4.3      6.55E-05  4.40E-04  1.90E-03 -1.68E-03   65536
    82        1.3       4.6      6.97E-05  4.45E-04  1.73E-03 -1.59E-03   65536
    83        1.3       4.5      6.81E-05  4.47E-04  1.67E-03 -1.98E-03   65536
    84        1.3       4.7      7.13E-05  4.57E-04  1.72E-03 -1.52E-03   65536
    85        1.3       5.2      7.94E-05  4.62E-04  1.78E-03 -1.90E-03   65536
    86        1.3       5.3      8.07E-05  4.60E-04  1.63E-03 -1.82E-03   65536
    87        1.3       4.9      7.55E-05  4.74E-04  1.68E-03 -1.78E-03   65536
    88        1.3       4.9      7.46E-05  4.97E-04  1.85E-03 -1.99E-03   65536
    89        1.3       5.4      8.20E-05  5.13E-04  1.83E-03 -1.98E-03   65536
    90        1.3       5.8      8.91E-05  5.07E-04  1.77E-03 -1.97E-03   65536
    91        1.3       5.7      8.64E-05  5.07E-04  1.87E-03 -1.97E-03   65536
    92        1.3       5.1      7.71E-05  5.22E-04  1.99E-03 -1.89E-03   65536
    93        1.3       4.8      7.30E-05  5.32E-04  1.88E-03 -1.98E-03   65536
    94        1.3       4.6      6.95E-05  5.30E-04  1.77E-03 -1.87E-03   65536
    95        1.3       3.7      5.68E-05  5.24E-04  1.92E-03 -1.97E-03   65536
    96        1.3       3.3      5.06E-05  5.25E-04  1.87E-03 -1.79E-03   65536
    97        1.3       3.3      5.08E-05  5.12E-04  1.85E-03 -1.70E-03   65536
    98        1.3       2.5      3.86E-05  5.17E-04  1.84E-03 -1.63E-03   65536
    99        1.3       1.5      2.31E-05  5.36E-04  1.83E-03 -1.92E-03   65536
   100        1.3       1.0      1.53E-05  5.32E-04  1.58E-03 -1.99E-03   65536
   101        1.3      0.71      1.08E-05  5.36E-04  1.71E-03 -1.88E-03   65536
   102        1.3      0.32      4.94E-06  5.37E-04  1.80E-03 -1.92E-03   65536
   103        1.3     -3.77E-02 -5.75E-07  5.21E-04  1.76E-03 -2.02E-03   65536
   104        1.3     -0.44     -6.65E-06  5.27E-04  1.70E-03 -2.02E-03   65536
   105        1.3      -1.1     -1.65E-05  5.37E-04  1.75E-03 -2.13E-03   65536
   106        1.3      -1.4     -2.13E-05  5.27E-04  1.79E-03 -2.22E-03   65536
   107        1.3      -1.4     -2.21E-05  5.26E-04  2.13E-03 -1.74E-03   65536
   108        1.3      -1.9     -2.87E-05  5.22E-04  2.02E-03 -1.85E-03   65536
   109        1.3      -2.4     -3.59E-05  5.11E-04  1.78E-03 -1.80E-03   65536
   110        1.3      -2.6     -4.02E-05  5.09E-04  1.90E-03 -2.18E-03   65536
   111        1.3      -3.4     -5.14E-05  5.16E-04  1.77E-03 -2.37E-03   65536
   112        1.3      -4.4     -6.69E-05  5.02E-04  1.82E-03 -1.89E-03   65536
   113        1.3      -4.7     -7.15E-05  4.93E-04  1.76E-03 -1.96E-03   65536
   114        1.3      -4.6     -7.01E-05  4.89E-04  1.53E-03 -1.72E-03   65536
   115        1.3      -4.4     -6.66E-05  4.69E-04  1.72E-03 -1.72E-03   65536
   116        1.3      -4.1     -6.27E-05  4.72E-04  1.71E-03 -1.81E-03   65536
   117        1.3      -4.6     -6.99E-05  4.75E-04  1.98E-03 -1.84E-03   65536
   118        1.3      -5.3     -8.03E-05  4.50E-04  1.93E-03 -1.75E-03   65536
   119        1.3      -5.5     -8.44E-05  4.53E-04  1.62E-03 -1.86E-03   65536
   120        1.3      -5.3     -8.01E-05  4.57E-04  1.68E-03 -1.82E-03   65536
   121        1.3      -4.9     -7.53E-05  4.62E-04  1.62E-03 -1.91E-03   65536
   122        1.3      -5.2     -7.97E-05  4.57E-04  1.65E-03 -1.64E-03   65536
   123        1.3      -5.4     -8.22E-05  4.41E-04  1.58E-03 -1.64E-03   65536
   124        1.3      -4.9     -7.42E-05  4.40E-04  1.50E-03 -1.74E-03   65536
   125        1.3      -4.2     -6.44E-05  4.39E-04  1.57E-03 -1.66E-03   65536
   126        1.3      -3.9     -5.89E-05  4.42E-04  1.77E-03 -1.59E-03   65536
   127        1.3      -3.5     -5.34E-05  4.31E-04  1.61E-03 -1.88E-03   65536
   128        1.3      -2.9     -4.44E-05  4.35E-04  1.66E-03 -1.78E-03   65536
   129        1.3      -2.2     -3.30E-05  4.42E-04  1.68E-03 -1.65E-03   65536
   130        1.3      -1.5     -2.24E-05  4.48E-04  1.80E-03 -1.70E-03   65536
   131        1.3      -1.1     -1.63E-05  4.51E-04  1.82E-03 -1.75E-03   65536
   132        1.3     -0.98     -1.50E-05  4.61E-04  1.65E-03 -1.70E-03   65536
   133        1.3     -0.51     -7.77E-06  4.43E-04  1.61E-03 -1.70E-03   65536
   134        1.3      0.52      7.91E-06  4.28E-04  1.63E-03 -1.62E-03   65536
   135        1.3       1.2      1.86E-05  4.35E-04  1.64E-03 -1.75E-03   65536
   136        1.3       1.6      2.43E-05  4.25E-04  1.75E-03 -1.51E-03   65536
   137        1.3       2.2      3.36E-05  4.14E-04  1.77E-03 -1.70E-03   65536
   138        1.3       2.7      4.09E-05  4.10E-04  1.53E-03 -1.62E-03   65536
   139        1.3       3.1      4.69E-05  4.19E-04  1.66E-03 -1.42E-03   65536
   140        1.3       3.8      5.80E-05  4.20E-04  1.63E-03 -1.71E-03   65536
   141        1.3       4.1      6.22E-05  4.12E-04  1.49E-03 -1.57E-03   65536
   142        1.3       4.2      6.35E-05  4.09E-04  1.55E-03 -1.51E-03   65536
   143        1.3       4.3      6.51E-05  4.07E-04  2.01E-03 -1.42E-03   65536
   144        1.3       4.0      6.14E-05  4.21E-04  1.49E-03 -1.68E-03   65536
   145        1.3       4.3      6.62E-05  4.51E-04  1.73E-03 -1.56E-03   65536
   146        1.3       4.8      7.33E-05  4.32E-04  1.61E-03 -1.75E-03   65536
   147        1.3       4.5      6.93E-05  4.32E-04  1.68E-03 -1.62E-03   65536
   148        1.3       4.9      7.46E-05  4.30E-04  1.74E-03 -1.77E-03   65536
   149        1.3       5.6      8.57E-05  4.26E-04  1.77E-03 -1.66E-03   65536
   150        1.3       4.8      7.30E-05  4.04E-04  1.62E-03 -1.49E-03   65536
   151        1.3       3.4      5.19E-05  4.03E-04  1.57E-03 -1.49E-03   65536
   152        1.3       3.0      4.56E-05  4.06E-04  1.59E-03 -1.49E-03   65536
   153        1.3       3.4      5.14E-05  4.03E-04  1.49E-03 -1.42E-03   65536
   154        1.3       2.9      4.46E-05  4.02E-04  1.55E-03 -1.37E-03   65536
   155        1.3       1.6      2.42E-05  4.22E-04  1.61E-03 -1.68E-03   65536
   156        1.3      0.85      1.30E-05  4.40E-04  1.81E-03 -1.72E-03   65536
   157        1.3      0.48      7.26E-06  4.26E-04  1.65E-03 -1.60E-03   65536
   158        1.3     -3.01E-02 -4.60E-07  4.30E-04  2.25E-03 -1.98E-03   65536
   159        1.3     -0.83     -1.27E-05  4.32E-04  1.78E-03 -1.68E-03   65536
   160        1.3      -1.6     -2.43E-05  4.50E-04  1.57E-03 -1.56E-03   65536
   161        1.3      -2.0     -3.11E-05  4.56E-04  1.49E-03 -1.66E-03   65536
   162        1.3      -2.7     -4.08E-05  4.51E-04  1.57E-03 -1.79E-03   65536
   163        1.3      -3.6     -5.52E-05  4.43E-04  1.72E-03 -1.90E-03   65536
   164        1.3      -4.6     -6.99E-05  4.48E-04  1.78E-03 -1.67E-03   65536
   165        1.3      -4.7     -7.14E-05  4.48E-04  1.79E-03 -1.72E-03   65536
   166        1.3      -4.3     -6.49E-05  4.34E-04  1.99E-03 -1.60E-03   65536
   167        1.3      -5.2     -7.88E-05  4.16E-04  1.52E-03 -1.83E-03   65536
   168        1.3      -6.6     -1.01E-04  4.16E-04  1.44E-03 -1.83E-03   65536
   169        1.3      -7.2     -1.10E-04  4.27E-04  1.51E-03 -1.81E-03   65536
   170        1.3      -7.2     -1.10E-04  4.29E-04  1.45E-03 -1.86E-03   65536
   171        1.3      -6.9     -1.06E-04  4.31E-04  1.47E-03 -1.77E-03   65536
   172        1.3      -7.3     -1.11E-04  4.27E-04  1.55E-03 -1.89E-03   65536
   173        1.3      -7.8     -1.19E-04  4.33E-04  1.62E-03 -1.79E-03   65536
   174        1.3      -7.6     -1.16E-04  4.38E-04  1.54E-03 -1.59E-03   65536
   175        1.3      -7.1     -1.08E-04  4.52E-04  1.70E-03 -1.68E-03   65536
   176        1.3      -6.5     -9.98E-05  4.69E-04  2.08E-03 -1.81E-03   65536
   177        1.3      -6.0     -9.15E-05  4.68E-04  1.74E-03 -1.90E-03   65536
   178        1.3      -5.8     -8.88E-05  4.69E-04  1.70E-03 -1.84E-03   65536
   179        1.3      -6.1     -9.28E-05  5.03E-04  1.83E-03 -2.03E-03   65536
   180        1.3      -6.3     -9.69E-05  5.38E-04  2.17E-03 -1.86E-03   65536
   181        1.3      -5.9     -8.98E-05  5.34E-04  2.15E-03 -2.00E-03   65536
   182        1.3      -4.0     -6.09E-05  5.08E-04  1.73E-03 -1.81E-03   65536
   183        1.3      -2.6     -4.02E-05  5.01E-04  1.71E-03 -1.73E-03   65536
   184        1.3      -3.4     -5.11E-05  5.30E-04  1.89E-03 -1.76E-03   65536
   185        1.3      -4.0     -6.14E-05  5.72E-04  2.06E-03 -2.00E-03   65536
   186        1.3      -3.7     -5.64E-05  6.09E-04  1.99E-03 -1.84E-03   65536
   187        1.3      -2.5     -3.84E-05  6.24E-04  2.00E-03 -1.77E-03   65536
   188        1.3     -0.44     -6.72E-06  6.03E-04  2.05E-03 -1.81E-03   65536
   189        1.3       1.0      1.55E-05  5.88E-04  2.17E-03 -1.75E-03   65536
   190        1.3       1.1      1.62E-05  6.11E-04  2.11E-03 -2.15E-03   65536
   191        1.3       1.3      2.00E-05  6.45E-04  2.03E-03 -2.18E-03   65536
   192        1.3       2.7      4.18E-05  6.17E-04  2.30E-03 -2.18E-03   65536
   193        1.3       5.0      7.63E-05  6.17E-04  2.08E-03 -1.84E-03   65536
   194        1.3       6.4      9.78E-05  6.82E-04  2.28E-03 -2.11E-03   65536
   195        1.3       6.0      9.19E-05  6.79E-04  2.17E-03 -1.89E-03   65536
   196        1.3       5.5      8.46E-05  6.24E-04  2.26E-03 -1.80E-03   65536
   197        1.3       6.8      1.04E-04  6.05E-04  2.02E-03 -1.88E-03   65536
   198        1.3       8.9      1.36E-04  6.14E-04  2.11E-03 -1.66E-03   65536
   199        1.3       9.4      1.44E-04  6.17E-04  2.08E-03 -1.89E-03   65536
   200        1.3       8.5      1.29E-04  6.28E-04  2.15E-03 -1.95E-03   65536
   201        1.3       8.0      1.22E-04  6.32E-04  1.91E-03 -2.06E-03   65536
   202        1.3       8.5      1.30E-04  6.26E-04  2.10E-03 -1.88E-03   65536
   203        1.3       8.8      1.34E-04  6.28E-04  2.10E-03 -1.95E-03   65536
   204        1.3       8.3      1.27E-04  6.23E-04  2.16E-03 -2.20E-03   65536
   205        1.3       8.2      1.25E-04  6.15E-04  2.04E-03 -1.98E-03   65536
   206        1.3       8.3      1.26E-04  6.19E-04  2.24E-03 -1.95E-03   65536
   207        1.3       7.6      1.16E-04  6.37E-04  2.38E-03 -1.84E-03   65536
   208        1.3       7.4      1.13E-04  6.70E-04  2.03E-03 -2.02E-03   65536
   209        1.3       7.0      1.07E-04  6.94E-04  2.11E-03 -1.97E-03   65536
   210        1.3       6.1      9.30E-05  6.54E-04  2.00E-03 -1.99E-03   65536
   211        1.3       4.8      7.33E-05  6.10E-04  2.21E-03 -1.96E-03   65536
   212        1.3       3.1      4.72E-05  6.38E-04  2.10E-03 -2.01E-03   65536
   213        1.3       2.2      3.41E-05  6.63E-04  2.15E-03 -2.24E-03   65536
   214        1.3       1.4      2.09E-05  6.53E-04  2.05E-03 -2.20E-03   65536
   215        1.3     -0.90     -1.38E-05  7.00E-04  2.38E-03 -2.11E-03   65536
   216        1.3      -4.6     -7.02E-05  7.76E-04  2.41E-03 -2.57E-03   65536
   217        1.3      -8.7     -1.33E-04  7.94E-04  2.08E-03 -2.53E-03   65536
   218        1.3      -10.     -1.58E-04  8.04E-04  2.16E-03 -2.56E-03   65536
   219        1.3      -8.0     -1.22E-04  7.70E-04  2.31E-03 -2.56E-03   65536
   220        1.3      -6.3     -9.68E-05  7.92E-04  2.59E-03 -3.04E-03   65536
