freq[Hz],vel[km/s],flux[Jy/beam],noise[Jy/beam],tau,tau_noise
1295396762.89 28930.7128837 0.0 nan nan nan
1295318641.26 28950.5384226 0.0 nan nan nan
1295240519.63 28970.366353 0.0 nan nan nan
1295162398.0 28990.1966754 0.0 nan nan nan
1295084276.37 29010.0293902 0.0 nan nan nan
1295006154.74 29029.8644978 0.0 nan nan nan
1294928033.11 29049.7019987 0.0 nan nan nan
1294849911.48 29069.5418932 0.0 nan nan nan
1294771789.85 29089.384182 0.0 nan nan nan
1294693668.21 29109.2288652 0.0 nan nan nan
1294615546.58 29129.0759435 0.0 nan nan nan
1294537424.95 29148.9254172 -8.62682209117e-05 nan -inf nan
1294459303.32 29168.7772867 -0.000350280402927 nan -inf nan
1294381181.69 29188.6315526 -0.000970521941781 nan -inf nan
1294303060.06 29208.4882151 -0.00159277848434 nan -inf nan
1294224938.43 29228.3472749 -0.00115613988601 nan -inf nan
1294146816.8 29248.2087322 3.95741662942e-05 nan nan nan
1294068695.17 29268.0725876 0.000544755952433 nan nan nan
1293990573.54 29287.9388414 0.000145139230881 nan nan nan
1293912451.91 29307.8074942 0.000173034699401 nan nan nan
1293834330.28 29327.6785463 0.000426139653428 nan nan nan
1293756208.65 29347.5519981 4.69341612188e-05 nan nan nan
1293678087.02 29367.4278502 -1.71280225914e-05 nan -inf nan
1293599965.39 29387.3061029 0.000119664182421 nan nan nan
1293521843.76 29407.1867566 0.000430314568803 nan nan nan
1293443722.13 29427.0698119 0.000996550079435 nan nan nan
1293365600.5 29446.9552691 0.0010028477991 nan nan nan
1293287478.86 29466.8431287 0.000255671038758 nan nan nan
1293209357.23 29486.7333912 -0.000388957036193 nan -inf nan
1293131235.6 29506.6260568 -6.86249913997e-05 nan -inf nan
1293053113.97 29526.5211262 0.000108171407192 nan nan nan
1292974992.34 29546.4185997 0.000207828765269 nan nan nan
1292896870.71 29566.3184777 0.000829417840578 nan nan nan
1292818749.08 29586.2207608 0.000692259462085 nan nan nan
1292740627.45 29606.1254492 -7.06062273821e-05 nan -inf nan
1292662505.82 29626.0325435 -0.000309258408379 nan -inf nan
1292584384.19 29645.9420442 -0.000476983492263 nan -inf nan
1292506262.56 29665.8539516 -0.00082989159273 nan -inf nan
1292428140.93 29685.7682661 -0.000339446065482 nan -inf nan
1292350019.3 29705.6849883 0.000598862534389 nan nan nan
1292271897.67 29725.6041185 0.000389728171285 nan nan nan
1292193776.04 29745.5256572 -0.000998105388135 nan -inf nan
1292115654.41 29765.4496048 -0.00179569120519 nan -inf nan
1292037532.78 29785.3759618 -0.00108109542634 nan -inf nan
1291959411.15 29805.3047285 -0.000671681016684 nan -inf nan
1291881289.51 29825.2359055 6.01515057497e-05 nan nan nan
1291803167.88 29845.1694932 0.00127488060389 nan nan nan
1291725046.25 29865.105492 -0.000145489641 nan -inf nan
1291646924.62 29885.0439023 -0.00168226042297 nan -inf nan
1291568802.99 29904.9847246 -0.000911555660423 nan -inf nan
1291490681.36 29924.9279594 0.000676255614962 nan nan nan
1291412559.73 29944.873607 0.00142944511026 nan nan nan
1291334438.1 29964.8216679 0.00135593116283 nan nan nan
1291256316.47 29984.7721425 0.00126410939265 nan nan nan
1291178194.84 30004.7250313 0.000777372973971 nan nan nan
1291100073.21 30024.6803347 0.000446193589596 nan nan nan
1291021951.58 30044.6380532 0.000359053490683 nan nan nan
1290943829.95 30064.5981871 2.77510844171e-06 nan nan nan
1290865708.32 30084.560737 -0.000933294650167 nan -inf nan
1290787586.69 30104.5257032 -5.12555125169e-05 nan -inf nan
1290709465.06 30124.4930863 0.00135841639712 nan nan nan
1290631343.43 30144.4628865 0.000486579810968 nan nan nan
1290553221.8 30164.4351045 -0.000131860186229 nan -inf nan
1290475100.16 30184.4097406 -0.000891473668162 nan -inf nan
1290396978.53 30204.3867952 -0.00170484755654 nan -inf nan
1290318856.9 30224.3662689 -0.000579646439292 nan -inf nan
1290240735.27 30244.348162 -0.000244396796916 nan -inf nan
1290162613.64 30264.3324749 -0.00106466328725 nan -inf nan
1290084492.01 30284.3192082 -0.000408409454394 nan -inf nan
1290006370.38 30304.3083622 -0.00017728783132 nan -inf nan
1289928248.75 30324.2999375 -0.00105529616121 nan -inf nan
1289850127.12 30344.2939343 -0.00118546164595 nan -inf nan
1289772005.49 30364.2903533 -0.000781081966124 nan -inf nan
1289693883.86 30384.2891947 0.000296853249893 nan nan nan
1289615762.23 30404.2904592 0.00194941996597 nan nan nan
1289537640.6 30424.294147 0.00219160458073 nan nan nan
1289459518.97 30444.3002586 0.00047952492605 nan nan nan
1289381397.34 30464.3087946 -0.00125527183991 nan -inf nan
1289303275.71 30484.3197552 -0.00158264068887 nan -inf nan
1289225154.08 30504.3331411 -0.001546402229 nan -inf nan
1289147032.45 30524.3489525 -0.0018049904611 nan -inf nan
1289068910.81 30544.3671899 -0.000349347246811 nan -inf nan
1288990789.18 30564.3878539 0.00158012332395 nan nan nan
1288912667.55 30584.4109447 0.00119563587941 nan nan nan
1288834545.92 30604.436463 4.66223573312e-05 nan nan nan
1288756424.29 30624.464409 -3.13019263558e-05 nan -inf nan
1288678302.66 30644.4947833 0.000539888278581 nan nan nan
1288600181.03 30664.5275863 0.000383925565984 nan nan nan
1288522059.4 30684.5628184 0.000325707951561 nan nan nan
1288443937.77 30704.6004801 0.0010614086641 nan nan nan
1288365816.14 30724.6405718 0.000747866579331 nan nan nan
1288287694.51 30744.683094 -0.000548030133359 nan -inf nan
1288209572.88 30764.728047 -0.000934505311307 nan -inf nan
1288131451.25 30784.7754314 -0.000509588629939 nan -inf nan
1288053329.62 30804.8252476 0.000112303008791 nan nan nan
1287975207.99 30824.877496 0.000736479007173 nan nan nan
1287897086.36 30844.9321771 0.000456316454802 nan nan nan
1287818964.73 30864.9892913 0.000809681718238 nan nan nan
1287740843.1 30885.0488391 0.0020233837422 nan nan nan
1287662721.46 30905.1108208 0.00126992026344 nan nan nan
1287584599.83 30925.175237 0.000257265230175 nan nan nan
1287506478.2 30945.2420881 0.000431428954471 nan nan nan
1287428356.57 30965.3113745 -1.97754707187e-05 nan -inf nan
1287350234.94 30985.3830967 -0.000556776300073 nan -inf nan
1287272113.31 31005.4572551 -1.46300299093e-05 nan -inf nan
1287193991.68 31025.5338501 0.00028570718132 nan nan nan
1287115870.05 31045.6128823 -0.000503402785398 nan -inf nan
1287037748.42 31065.694352 -0.000952168076765 nan -inf nan
1286959626.79 31085.7782597 -0.00125657639001 nan -inf nan
1286881505.16 31105.8646058 -0.00100646773353 nan -inf nan
1286803383.53 31125.9533908 -5.71785640204e-05 nan -inf nan
1286725261.9 31146.0446151 0.000387084495742 nan nan nan
1286647140.27 31166.1382792 -0.000208621902857 nan -inf nan
1286569018.64 31186.2343835 -0.00131305854302 nan -inf nan
1286490897.01 31206.3329285 -0.00109088083263 nan -inf nan
1286412775.38 31226.4339145 -0.00017331748677 nan -inf nan
1286334653.75 31246.5373421 -0.000342847022694 nan -inf nan
1286256532.11 31266.6432117 -0.000231077807257 nan -inf nan
1286178410.48 31286.7515237 0.00101470178925 nan nan nan
1286100288.85 31306.8622787 0.0017666304484 nan nan nan
1286022167.22 31326.9754769 0.00128337112255 nan nan nan
1285944045.59 31347.0911189 -0.000425935315434 nan -inf nan
1285865923.96 31367.2092051 -0.00146230275277 nan -inf nan
1285787802.33 31387.329736 -0.00141599727795 nan -inf nan
1285709680.7 31407.452712 -0.00156657502521 nan -inf nan
1285631559.07 31427.5781335 -0.00154826522339 nan -inf nan
1285553437.44 31447.706001 -0.0016214621719 nan -inf nan
1285475315.81 31467.836315 -0.00128958944697 nan -inf nan
1285397194.18 31487.9690759 -0.000796699780039 nan -inf nan
1285319072.55 31508.1042841 -0.00128028471954 nan -inf nan
1285240950.92 31528.2419401 -0.00175904517528 nan -inf nan
1285162829.29 31548.3820443 -0.00132188678253 nan -inf nan
1285084707.66 31568.5245972 -0.00075539201498 nan -inf nan
1285006586.03 31588.6695992 -0.00070267933188 nan -inf nan
1284928464.4 31608.8170508 -0.000577469763812 nan -inf nan
1284850342.76 31628.9669524 -0.000147831844515 nan -inf nan
1284772221.13 31649.1193044 3.89424749301e-05 nan nan nan
1284694099.5 31669.2741074 -0.000495288171805 nan -inf nan
1284615977.87 31689.4313617 -0.000789235404227 nan -inf nan
1284537856.24 31709.5910679 -0.000146874430357 nan -inf nan
1284459734.61 31729.7532262 -5.98380865995e-05 nan -inf nan
1284381612.98 31749.9178373 4.14400710724e-05 nan nan nan
1284303491.35 31770.0849015 0.00126138678752 nan nan nan
1284225369.72 31790.2544194 0.00206097192131 nan nan nan
1284147248.09 31810.4263912 0.00175059237517 nan nan nan
1284069126.46 31830.6008176 0.00173884816468 nan nan nan
1283991004.83 31850.7776989 0.00223216088489 nan nan nan
1283912883.2 31870.9570356 0.00214592320845 nan nan nan
1283834761.57 31891.1388281 0.00156404438894 nan nan nan
1283756639.94 31911.3230769 0.00106569950003 nan nan nan
1283678518.31 31931.5097824 0.00161881453823 nan nan nan
1283600396.68 31951.6989451 0.00249193864875 nan nan nan
1283522275.05 31971.8905654 0.00147156638559 nan nan nan
1283444153.41 31992.0846439 -0.000208483877941 nan -inf nan
1283366031.78 32012.2811808 -0.000579737534281 nan -inf nan
1283287910.15 32032.4801767 -0.000686701852828 nan -inf nan
1283209788.52 32052.681632 -0.000746974896174 nan -inf nan
1283131666.89 32072.8855472 -0.000505581032485 nan -inf nan
1283053545.26 32093.0919228 -0.000411959859775 nan -inf nan
1282975423.63 32113.3007591 -0.000577115104534 nan -inf nan
1282897302.0 32133.5120566 -0.000746572506614 nan -inf nan
1282819180.37 32153.7258158 -0.000231877536862 nan -inf nan
1282741058.74 32173.9420371 -0.000154406094225 nan -inf nan
1282662937.11 32194.160721 -0.00120233232155 nan -inf nan
1282584815.48 32214.3818679 -0.00146498542745 nan -inf nan
1282506693.85 32234.6054783 -0.000987989944406 nan -inf nan
1282428572.22 32254.8315526 -0.00157045153901 nan -inf nan
1282350450.59 32275.0600913 -0.00178490427788 nan -inf nan
1282272328.96 32295.2910948 -0.000719150179066 nan -inf nan
1282194207.33 32315.5245635 -0.000411996035837 nan -inf nan
1282116085.7 32335.760498 -0.000880051520653 nan -inf nan
1282037964.06 32355.9988987 -0.000704649020918 nan -inf nan
1281959842.43 32376.239766 -0.00039755817852 nan -inf nan
1281881720.8 32396.4831003 -0.000319172278978 nan -inf nan
1281803599.17 32416.7289022 4.98762383359e-05 nan nan nan
1281725477.54 32436.9771721 -0.000374671828467 nan -inf nan
1281647355.91 32457.2279104 -0.00100130552892 nan -inf nan
1281569234.28 32477.4811176 -0.00083260750398 nan -inf nan
1281491112.65 32497.7367941 -0.000740708841477 nan -inf nan
1281412991.02 32517.9949404 0.000322485924698 nan nan nan
1281334869.39 32538.2555569 0.00122503959574 nan nan nan
1281256747.76 32558.5186441 -0.000366177991964 nan -inf nan
1281178626.13 32578.7842025 -0.00133007124532 nan -inf nan
1281100504.5 32599.0522324 -0.000746378209442 nan -inf nan
1281022382.87 32619.3227344 -0.000212128827116 nan -inf nan
1280944261.24 32639.5957089 0.000344785512425 nan nan nan
1280866139.61 32659.8711564 0.000521055888385 nan nan nan
1280788017.98 32680.1490772 0.000730809289962 nan nan nan
1280709896.35 32700.4294719 0.000870467163622 nan nan nan
1280631774.71 32720.7123409 0.00107735546771 nan nan nan
1280553653.08 32740.9976846 0.001015733229 nan nan nan
1280475531.45 32761.2855036 0.000444253935711 nan nan nan
1280397409.82 32781.5757982 -0.000539587810636 nan -inf nan
1280319288.19 32801.868569 -0.00147900916636 nan -inf nan
1280241166.56 32822.1638163 -0.000548097654246 nan -inf nan
1280163044.93 32842.4615406 0.000938038574532 nan nan nan
1280084923.3 32862.7617425 0.000368680688553 nan nan nan
1280006801.67 32883.0644222 2.42936075665e-05 nan nan nan
1279928680.04 32903.3695804 0.000536002218723 nan nan nan
1279850558.41 32923.6772173 -0.000376735290047 nan -inf nan
1279772436.78 32943.9873336 -0.000603828346357 nan -inf nan
1279694315.15 32964.2999296 0.0 nan nan nan
1279616193.52 32984.6150059 0.0 nan nan nan
1279538071.89 33004.9325627 0.0 nan nan nan
1279459950.26 33025.2526007 0.0 nan nan nan
1279381828.63 33045.5751203 0.0 nan nan nan
1279303707.0 33065.9001219 0.0 nan nan nan
1279225585.36 33086.2276059 0.0 nan nan nan
1279147463.73 33106.5575729 0.0 nan nan nan
1279069342.1 33126.8900233 0.0 nan nan nan
1278991220.47 33147.2249575 0.0 nan nan nan
1278913098.84 33167.5623759 0.0 nan nan nan
1278834977.21 33187.9022792 0.0 nan nan nan
1278756855.58 33208.2446676 0.0 nan nan nan
1278678733.95 33228.5895417 0.0 nan nan nan
1278600612.32 33248.936902 0.0 nan nan nan
1278522490.69 33269.2867488 0.0 nan nan nan
1278444369.06 33289.6390826 0.0 nan nan nan
1278366247.43 33309.9939039 0.0 nan nan nan
1278288125.8 33330.3512132 0.0 nan nan nan
