freq[Hz],vel[km/s],flux[Jy/beam],noise[Jy/beam],tau,tau_noise
1343163552.02 17240.3641081 0.0 nan nan nan
1343085420.65 17258.8068741 0.0 nan nan nan
1343007289.27 17277.251786 0.0 nan nan nan
1342929157.9 17295.6988441 0.0 nan nan nan
1342851026.52 17314.1480489 0.0 nan nan nan
1342772895.15 17332.5994006 0.0 nan nan nan
1342694763.77 17351.0528997 0.0 nan nan nan
1342616632.4 17369.5085466 0.0 nan nan nan
1342538501.02 17387.9663415 0.0 nan nan nan
1342460369.65 17406.426285 0.0 nan nan nan
1342382238.28 17424.8883773 0.0 nan nan nan
1342304106.9 17443.3526189 0.000413680478232 nan nan nan
1342225975.53 17461.8190101 0.00166568602435 nan nan nan
1342147844.15 17480.2875512 0.00203024595976 nan nan nan
1342069712.78 17498.7582428 0.000550854951143 nan nan nan
1341991581.4 17517.2310851 -0.000446202873718 nan -inf nan
1341913450.03 17535.7060785 -0.000476400367916 nan -inf nan
1341835318.65 17554.1832234 -0.000982523779385 nan -inf nan
1341757187.28 17572.6625202 -0.00115517212544 nan -inf nan
1341679055.9 17591.1439692 -0.000510878744535 nan -inf nan
1341600924.53 17609.6275708 5.5259297369e-05 nan nan nan
1341522793.16 17628.1133255 0.00052335759392 nan nan nan
1341444661.78 17646.6012335 0.000217046588659 nan nan nan
1341366530.41 17665.0912953 -0.000120385026094 nan -inf nan
1341288399.03 17683.5835112 -4.45487676188e-05 nan -inf nan
1341210267.66 17702.0778816 -0.000416574883275 nan -inf nan
1341132136.28 17720.5744069 -0.00083363847807 nan -inf nan
1341054004.91 17739.0730875 -0.00163386622444 nan -inf nan
1340975873.53 17757.5739237 -0.00192467949819 nan -inf nan
1340897742.16 17776.0769159 -0.00190099771135 nan -inf nan
1340819610.79 17794.5820645 -0.00191322877072 nan -inf nan
1340741479.41 17813.0893698 -0.000467189704068 nan -inf nan
1340663348.04 17831.5988323 0.000759253278375 nan nan nan
1340585216.66 17850.1104523 0.000916485092603 nan nan nan
1340507085.29 17868.6242302 0.00116252480075 nan nan nan
1340428953.91 17887.1401664 0.000931242888328 nan nan nan
1340350822.54 17905.6582613 -0.000142776116263 nan -inf nan
1340272691.16 17924.1785152 -0.000755808083341 nan -inf nan
1340194559.79 17942.7009284 -0.00016485049855 nan -inf nan
1340116428.41 17961.2255015 0.000638205383439 nan nan nan
1340038297.04 17979.7522347 0.00130636617541 nan nan nan
1339960165.67 17998.2811285 0.00126156816259 nan nan nan
1339882034.29 18016.8121832 0.00114742736332 nan nan nan
1339803902.92 18035.3453992 0.00193007511552 nan nan nan
1339725771.54 18053.8807768 0.00179044157267 nan nan nan
1339647640.17 18072.4183165 0.000495423213579 nan nan nan
1339569508.79 18090.9580187 -0.00013099120406 nan -inf nan
1339491377.42 18109.4998836 8.61946537043e-05 nan nan nan
1339413246.04 18128.0439118 6.55873664073e-05 nan nan nan
1339335114.67 18146.5901035 -0.000560312881134 nan -inf nan
1339256983.3 18165.1384591 -0.00108937022742 nan -inf nan
1339178851.92 18183.6889791 -0.000744682271034 nan -inf nan
1339100720.55 18202.2416638 -0.000107587780803 nan -inf nan
1339022589.17 18220.7965135 -3.2473297324e-05 nan -inf nan
1338944457.8 18239.3535288 -9.05864872038e-05 nan -inf nan
1338866326.42 18257.9127098 0.000225582363782 nan nan nan
1338788195.05 18276.4740571 0.000736995018087 nan nan nan
1338710063.67 18295.037571 0.000188812729903 nan nan nan
1338631932.3 18313.6032518 -0.00101870438084 nan -inf nan
1338553800.92 18332.1711 -0.000534121587407 nan -inf nan
1338475669.55 18350.741116 0.000243367278017 nan nan nan
1338397538.18 18369.3133001 -0.000449851388112 nan -inf nan
1338319406.8 18387.8876526 -0.000863145687617 nan -inf nan
1338241275.43 18406.4641741 1.51678250404e-05 nan nan nan
1338163144.05 18425.0428648 0.000490263511892 nan nan nan
1338085012.68 18443.6237251 0.000109814398456 nan nan nan
1338006881.3 18462.2067554 0.000496202730574 nan nan nan
1337928749.93 18480.7919562 0.00101054110564 nan nan nan
1337850618.55 18499.3793277 0.000364673032891 nan nan nan
1337772487.18 18517.9688704 -0.00101778481621 nan -inf nan
1337694355.81 18536.5605846 -0.00138704641722 nan -inf nan
1337616224.43 18555.1544707 0.000106693478301 nan nan nan
1337538093.06 18573.7505291 0.00113002071157 nan nan nan
1337459961.68 18592.3487603 0.000659393845126 nan nan nan
1337381830.31 18610.9491644 -1.70984094439e-05 nan -inf nan
1337303698.93 18629.551742 -0.000156729496666 nan -inf nan
1337225567.56 18648.1564935 -0.000357589888154 nan -inf nan
1337147436.18 18666.7634191 -0.000586286711041 nan -inf nan
1337069304.81 18685.3725193 -0.00010879720503 nan -inf nan
1336991173.43 18703.9837945 -2.53495454672e-05 nan -inf nan
1336913042.06 18722.597245 -0.000575696234591 nan -inf nan
1336834910.69 18741.2128713 -0.00103041355032 nan -inf nan
1336756779.31 18759.8306736 -0.000921993458178 nan -inf nan
1336678647.94 18778.4506525 0.000548273557797 nan nan nan
1336600516.56 18797.0728082 0.0019611986354 nan nan nan
1336522385.19 18815.6971412 0.00108727114275 nan nan nan
1336444253.81 18834.3236518 -6.8160778028e-05 nan -inf nan
1336366122.44 18852.9523405 0.000401444849558 nan nan nan
1336287991.06 18871.5832075 0.000701488403138 nan nan nan
1336209859.69 18890.2162533 0.000137811322929 nan nan nan
1336131728.32 18908.8514783 -0.000273250770988 nan -inf nan
1336053596.94 18927.4888828 0.000159769653692 nan nan nan
1335975465.57 18946.1284673 0.000422413519118 nan nan nan
1335897334.19 18964.7702321 -0.000343348074239 nan -inf nan
1335819202.82 18983.4141776 -0.00062987592537 nan -inf nan
1335741071.44 19002.0603041 -0.000583065673709 nan -inf nan
1335662940.07 19020.7086121 -0.000910891918465 nan -inf nan
1335584808.69 19039.3591019 -0.000584904220887 nan -inf nan
1335506677.32 19058.011774 -8.85696135811e-05 nan -inf nan
1335428545.94 19076.6666287 -0.000319771410432 nan -inf nan
1335350414.57 19095.3236664 -0.000278451450868 nan -inf nan
1335272283.2 19113.9828874 1.60587660503e-05 nan nan nan
1335194151.82 19132.6442922 2.02324008569e-06 nan nan nan
1335116020.45 19151.3078812 0.000263830937911 nan nan nan
1335037889.07 19169.9736547 0.00100264430512 nan nan nan
1334959757.7 19188.641613 0.00140731385909 nan nan nan
1334881626.32 19207.3117567 0.000366834487068 nan nan nan
1334803494.95 19225.9840861 -0.000412792956922 nan -inf nan
1334725363.57 19244.6586015 -4.90744714625e-05 nan -inf nan
1334647232.2 19263.3353033 -0.000323621206917 nan -inf nan
1334569100.83 19282.014192 -0.00035190404742 nan -inf nan
1334490969.45 19300.6952679 0.000691806082614 nan nan nan
1334412838.08 19319.3785314 0.000476518674986 nan nan nan
1334334706.7 19338.0639829 -0.00024675502209 nan -inf nan
1334256575.33 19356.7516227 0.000119765434647 nan nan nan
1334178443.95 19375.4414513 4.22781595262e-05 nan nan nan
1334100312.58 19394.133469 -0.000365542131476 nan -inf nan
1334022181.2 19412.8276762 -0.000169109378476 nan -inf nan
1333944049.83 19431.5240734 0.000425521808211 nan nan nan
1333865918.45 19450.2226608 0.000205801945413 nan nan nan
1333787787.08 19468.9234389 -0.00046997924801 nan -inf nan
1333709655.71 19487.626408 -0.000626815715805 nan -inf nan
1333631524.33 19506.3315686 -0.000103597936686 nan -inf nan
1333553392.96 19525.0389211 0.00043428762001 nan nan nan
1333475261.58 19543.7484657 -0.000435837544501 nan -inf nan
1333397130.21 19562.460203 -0.00100665760692 nan -inf nan
1333318998.83 19581.1741332 -0.000307175330818 nan -inf nan
1333240867.46 19599.8902568 3.53823343175e-05 nan nan nan
1333162736.08 19618.6085741 -0.000860953237861 nan -inf nan
1333084604.71 19637.3290856 -0.00218849186786 nan -inf nan
1333006473.34 19656.0517916 -0.00244088680483 nan -inf nan
1332928341.96 19674.7766926 -0.00212550885044 nan -inf nan
1332850210.59 19693.5037888 -0.00165489444043 nan -inf nan
1332772079.21 19712.2330807 -0.000662286125589 nan -inf nan
1332693947.84 19730.9645687 -0.000219285851927 nan -inf nan
1332615816.46 19749.6982531 -0.00012579356553 nan -inf nan
1332537685.09 19768.4341344 0.000723635428585 nan nan nan
1332459553.71 19787.1722129 0.0014032125473 nan nan nan
1332381422.34 19805.9124891 0.00123841699678 nan nan nan
1332303290.97 19824.6549632 0.000579083804041 nan nan nan
1332225159.59 19843.3996357 -1.9554850951e-05 nan -inf nan
1332147028.22 19862.146507 -0.000177224836079 nan -inf nan
1332068896.84 19880.8955775 -0.000167940394022 nan -inf nan
1331990765.47 19899.6468475 -0.000132124099764 nan -inf nan
1331912634.09 19918.4003175 -0.000174727116246 nan -inf nan
1331834502.72 19937.1559878 -0.00012813945068 nan -inf nan
1331756371.34 19955.9138588 0.000125150574604 nan nan nan
1331678239.97 19974.6739308 0.000310141418595 nan nan nan
1331600108.59 19993.4362044 0.000631087692454 nan nan nan
1331521977.22 20012.2006799 0.000424964266131 nan nan nan
1331443845.85 20030.9673576 -0.000470061670057 nan -inf nan
1331365714.47 20049.736238 -0.000745028024539 nan -inf nan
1331287583.1 20068.5073214 0.000137928611366 nan nan nan
1331209451.72 20087.2806082 0.00095245288685 nan nan nan
1331131320.35 20106.0560988 0.000621486455202 nan nan nan
1331053188.97 20124.8337937 0.00120640452951 nan nan nan
1330975057.6 20143.6136931 0.00237530702725 nan nan nan
1330896926.22 20162.3957975 0.00158059759997 nan nan nan
1330818794.85 20181.1801073 0.000511745689437 nan nan nan
1330740663.48 20199.9666229 0.000634879979771 nan nan nan
1330662532.1 20218.7553445 0.000229703990044 nan nan nan
1330584400.73 20237.5462727 -0.000650916364975 nan -inf nan
1330506269.35 20256.3394079 -0.000350343063474 nan -inf nan
1330428137.98 20275.1347503 0.000626143882982 nan nan nan
1330350006.6 20293.9323005 0.000803651986644 nan nan nan
1330271875.23 20312.7320587 0.000128079322167 nan nan nan
1330193743.85 20331.5340254 -0.000586645444855 nan -inf nan
1330115612.48 20350.338201 -0.000443380034994 nan -inf nan
1330037481.1 20369.1445858 0.000388060550904 nan nan nan
1329959349.73 20387.9531803 0.000431436841609 nan nan nan
1329881218.36 20406.7639848 -0.000148117775097 nan -inf nan
1329803086.98 20425.5769997 -0.000304674525978 nan -inf nan
1329724955.61 20444.3922254 -0.000261528301053 nan -inf nan
1329646824.23 20463.2096624 -0.000324532273225 nan -inf nan
1329568692.86 20482.0293109 -0.00054473162163 nan -inf nan
1329490561.48 20500.8511714 -0.000846772862133 nan -inf nan
1329412430.11 20519.6752443 -0.000381719728466 nan -inf nan
1329334298.73 20538.50153 6.96793576935e-05 nan nan nan
1329256167.36 20557.3300288 2.18557543121e-05 nan nan nan
1329178035.99 20576.1607411 0.000291260192171 nan nan nan
1329099904.61 20594.9936674 0.00035060942173 nan nan nan
1329021773.24 20613.828808 0.000590848154388 nan nan nan
1328943641.86 20632.6661633 0.000536907522473 nan nan nan
1328865510.49 20651.5057338 -0.000634508556686 nan -inf nan
1328787379.11 20670.3475197 -0.00132928660605 nan -inf nan
1328709247.74 20689.1915215 -0.00112768937834 nan -inf nan
1328631116.36 20708.0377396 -0.000913379655685 nan -inf nan
1328552984.99 20726.8861744 -0.00034926677472 nan -inf nan
1328474853.61 20745.7368262 0.000102413076092 nan nan nan
1328396722.24 20764.5896954 -0.000206248019822 nan -inf nan
1328318590.87 20783.4447826 -0.000188455727766 nan -inf nan
1328240459.49 20802.3020879 0.000342396670021 nan nan nan
1328162328.12 20821.1616119 0.000227910932153 nan nan nan
1328084196.74 20840.0233549 -0.000541527639143 nan -inf nan
1328006065.37 20858.8873172 -0.000628232141025 nan -inf nan
1327927933.99 20877.7534994 0.000169804654433 nan nan nan
1327849802.62 20896.6219018 0.000361206184607 nan nan nan
1327771671.24 20915.4925248 -0.000379159493605 nan -inf nan
1327693539.87 20934.3653687 -0.000288400246063 nan -inf nan
1327615408.5 20953.2404341 0.00113901577424 nan nan nan
1327537277.12 20972.1177211 0.00153030443471 nan nan nan
1327459145.75 20990.9972304 0.000370113353711 nan nan nan
1327381014.37 21009.8789621 -0.000657113909256 nan -inf nan
1327302883.0 21028.7629168 -0.00129410508089 nan -inf nan
1327224751.62 21047.6490949 -0.000592094322201 nan -inf nan
1327146620.25 21066.5374966 0.000587161979638 nan nan nan
1327068488.87 21085.4281225 0.000677292468026 nan nan nan
1326990357.5 21104.3209729 0.00112742488272 nan nan nan
1326912226.12 21123.2160482 0.000311904936098 nan nan nan
1326834094.75 21142.1133488 -0.0017198730493 nan -inf nan
1326755963.38 21161.012875 -0.000826088071335 nan -inf nan
1326677832.0 21179.9146274 0.000943692575675 nan nan nan
1326599700.63 21198.8186062 0.000629474758171 nan nan nan
1326521569.25 21217.7248119 4.96941756865e-05 nan nan nan
1326443437.88 21236.6332449 0.0 nan nan nan
1326365306.5 21255.5439055 0.0 nan nan nan
1326287175.13 21274.4567941 0.0 nan nan nan
1326209043.75 21293.3719112 0.0 nan nan nan
1326130912.38 21312.2892572 0.0 nan nan nan
1326052781.01 21331.2088323 0.0 nan nan nan
