     1        1.3     -9.10E-03 -1.39E-07  7.48E-04  2.83E-03 -3.01E-03   65536
     2        1.3      0.27      4.17E-06  6.04E-04  3.10E-03 -2.65E-03   65536
     3        1.3      0.54      8.26E-06  5.85E-04  3.37E-03 -2.49E-03   65536
     4        1.3      0.45      6.87E-06  5.96E-04  3.45E-03 -2.35E-03   65536
     5        1.3      0.61      9.26E-06  5.97E-04  3.53E-03 -2.60E-03   65536
     6        1.3      0.69      1.06E-05  6.07E-04  3.49E-03 -3.02E-03   65536
     7        1.3      0.25      3.79E-06  6.06E-04  3.79E-03 -2.86E-03   65536
     8        1.3     -4.24E-02 -6.46E-07  6.15E-04  3.67E-03 -2.58E-03   65536
     9        1.3     -0.19     -2.83E-06  6.16E-04  3.14E-03 -2.51E-03   65536
    10        1.3     -0.31     -4.76E-06  6.04E-04  3.41E-03 -3.34E-03   65536
    11        1.3     -0.29     -4.38E-06  6.06E-04  3.93E-03 -2.83E-03   65536
    12        1.3      1.40E-03  2.14E-08  6.01E-04  4.39E-03 -2.79E-03   65536
    13        1.3      0.38      5.86E-06  6.10E-04  4.44E-03 -3.08E-03   65536
    14        1.3      0.36      5.54E-06  6.29E-04  3.98E-03 -2.86E-03   65536
    15        1.3      0.26      4.04E-06  6.27E-04  3.90E-03 -2.92E-03   65536
    16        1.3      0.35      5.40E-06  6.21E-04  4.22E-03 -2.64E-03   65536
    17        1.3     -3.50E-02 -5.34E-07  6.35E-04  3.78E-03 -2.48E-03   65536
    18        1.3     -0.41     -6.29E-06  6.41E-04  3.40E-03 -2.41E-03   65536
    19        1.3      0.14      2.10E-06  6.25E-04  3.73E-03 -2.50E-03   65536
    20        1.3       1.1      1.63E-05  6.22E-04  3.86E-03 -2.33E-03   65536
    21        1.3       1.3      2.05E-05  6.20E-04  3.68E-03 -2.83E-03   65536
    22        1.3      0.78      1.19E-05  6.39E-04  3.86E-03 -2.72E-03   65536
    23        1.3      0.54      8.19E-06  6.56E-04  4.15E-03 -2.55E-03   65536
    24        1.3      0.68      1.04E-05  6.46E-04  4.28E-03 -2.67E-03   65536
    25        1.3      0.47      7.17E-06  6.27E-04  4.24E-03 -3.05E-03   65536
    26        1.3      4.91E-02  7.49E-07  6.26E-04  3.78E-03 -2.72E-03   65536
    27        1.3     -0.18     -2.80E-06  6.07E-04  3.87E-03 -2.56E-03   65536
    28        1.3     -0.13     -1.96E-06  5.82E-04  4.24E-03 -2.58E-03   65536
    29        1.3     -0.30     -4.59E-06  5.91E-04  4.74E-03 -2.71E-03   65536
    30        1.3     -0.53     -8.02E-06  6.14E-04  5.09E-03 -2.92E-03   65536
    31        1.3     -0.44     -6.73E-06  6.21E-04  4.90E-03 -3.07E-03   65536
    32        1.3     -0.35     -5.28E-06  6.13E-04  4.75E-03 -2.71E-03   65536
    33        1.3     -0.49     -7.44E-06  6.32E-04  4.65E-03 -2.47E-03   65536
    34        1.3     -0.71     -1.09E-05  6.23E-04  4.31E-03 -2.52E-03   65536
    35        1.3     -0.59     -9.03E-06  6.02E-04  4.29E-03 -2.39E-03   65536
    36        1.3     -0.38     -5.79E-06  6.09E-04  4.73E-03 -2.63E-03   65536
    37        1.3     -0.30     -4.60E-06  6.30E-04  4.41E-03 -2.91E-03   65536
    38        1.3     -0.38     -5.74E-06  6.54E-04  5.13E-03 -2.86E-03   65536
    39        1.3     -0.87     -1.33E-05  6.51E-04  4.75E-03 -3.04E-03   65536
    40        1.3      -1.2     -1.81E-05  6.43E-04  4.89E-03 -2.48E-03   65536
    41        1.3     -0.78     -1.19E-05  6.34E-04  5.37E-03 -2.55E-03   65536
    42        1.3     -0.17     -2.64E-06  6.20E-04  5.05E-03 -2.39E-03   65536
    43        1.3      0.16      2.43E-06  6.18E-04  4.60E-03 -2.22E-03   65536
    44        1.3     -3.33E-02 -5.07E-07  6.18E-04  4.52E-03 -2.39E-03   65536
    45        1.3     -0.51     -7.82E-06  6.31E-04  5.41E-03 -2.41E-03   65536
    46        1.3     -0.63     -9.60E-06  6.51E-04  5.82E-03 -2.99E-03   65536
    47        1.3     -0.66     -1.01E-05  6.43E-04  5.06E-03 -2.81E-03   65536
    48        1.3      -1.1     -1.64E-05  6.50E-04  5.52E-03 -2.92E-03   65536
    49        1.3      -1.2     -1.84E-05  6.54E-04  6.03E-03 -3.61E-03   65536
    50        1.3     -0.93     -1.41E-05  6.54E-04  5.66E-03 -3.30E-03   65536
    51        1.3     -0.90     -1.37E-05  6.55E-04  5.38E-03 -3.49E-03   65536
    52        1.3     -0.89     -1.35E-05  6.67E-04  5.96E-03 -3.61E-03   65536
    53        1.3     -0.72     -1.11E-05  6.67E-04  6.61E-03 -4.26E-03   65536
    54        1.3     -0.96     -1.47E-05  6.90E-04  6.03E-03 -4.22E-03   65536
    55        1.3      -1.5     -2.30E-05  6.96E-04  5.49E-03 -3.78E-03   65536
    56        1.3      -1.7     -2.54E-05  6.77E-04  5.73E-03 -3.96E-03   65536
    57        1.3      -1.3     -1.93E-05  6.93E-04  5.36E-03 -3.75E-03   65536
    58        1.3     -0.87     -1.33E-05  7.14E-04  5.67E-03 -3.66E-03   65536
    59        1.3     -0.81     -1.24E-05  7.28E-04  5.80E-03 -4.05E-03   65536
    60        1.3      -1.1     -1.72E-05  7.47E-04  6.96E-03 -4.56E-03   65536
    61        1.3      -1.3     -1.92E-05  7.56E-04  6.87E-03 -4.78E-03   65536
    62        1.3     -0.83     -1.27E-05  7.69E-04  6.26E-03 -4.70E-03   65536
    63        1.3     -0.64     -9.78E-06  7.90E-04  6.36E-03 -5.17E-03   65536
    64        1.3     -0.99     -1.52E-05  7.85E-04  6.19E-03 -5.26E-03   65536
    65        1.3      -1.5     -2.32E-05  7.98E-04  6.42E-03 -4.92E-03   65536
    66        1.3      -1.8     -2.74E-05  7.97E-04  6.68E-03 -5.22E-03   65536
    67        1.3      -1.9     -2.84E-05  7.99E-04  6.37E-03 -5.97E-03   65536
    68        1.3      -1.6     -2.51E-05  8.11E-04  6.87E-03 -6.66E-03   65536
    69        1.3      -1.4     -2.11E-05  8.29E-04  7.89E-03 -6.81E-03   65536
    70        1.3      -1.7     -2.57E-05  8.40E-04  8.38E-03 -6.87E-03   65536
    71        1.3      -2.0     -3.05E-05  8.54E-04  8.16E-03 -6.82E-03   65536
    72        1.3      -2.1     -3.21E-05  8.67E-04  8.18E-03 -6.70E-03   65536
    73        1.3      -2.2     -3.31E-05  8.77E-04  7.98E-03 -6.55E-03   65536
    74        1.3      -1.9     -2.94E-05  8.97E-04  7.52E-03 -6.45E-03   65536
    75        1.3      -1.8     -2.77E-05  9.01E-04  7.80E-03 -6.63E-03   65536
    76        1.3      -2.2     -3.31E-05  9.13E-04  8.00E-03 -7.06E-03   65536
    77        1.3      -2.1     -3.25E-05  9.32E-04  7.74E-03 -7.75E-03   65536
    78        1.3      -1.4     -2.14E-05  9.42E-04  8.20E-03 -8.06E-03   65536
    79        1.3      -1.1     -1.73E-05  9.29E-04  8.22E-03 -7.67E-03   65536
    80        1.3      -1.8     -2.82E-05  9.48E-04  8.31E-03 -7.40E-03   65536
    81        1.3      -2.4     -3.64E-05  9.76E-04  9.13E-03 -7.70E-03   65536
    82        1.3      -2.3     -3.52E-05  9.79E-04  9.06E-03 -8.70E-03   65536
    83        1.3      -2.3     -3.46E-05  9.75E-04  8.53E-03 -8.95E-03   65536
    84        1.3      -2.4     -3.67E-05  1.00E-03  8.93E-03 -9.01E-03   65536
    85        1.3      -2.6     -3.95E-05  1.04E-03  9.98E-03 -9.36E-03   65536
    86        1.3      -2.7     -4.11E-05  1.06E-03  1.05E-02 -9.43E-03   65536
    87        1.3      -2.6     -3.93E-05  1.07E-03  1.02E-02 -9.05E-03   65536
    88        1.3      -2.3     -3.50E-05  1.07E-03  1.01E-02 -9.15E-03   65536
    89        1.3      -2.1     -3.19E-05  1.07E-03  9.37E-03 -9.28E-03   65536
    90        1.3      -2.1     -3.15E-05  1.09E-03  9.13E-03 -9.75E-03   65536
    91        1.3      -2.0     -3.06E-05  1.12E-03  9.70E-03 -1.01E-02   65536
    92        1.3      -1.7     -2.66E-05  1.11E-03  9.65E-03 -1.03E-02   65536
    93        1.3      -2.0     -3.01E-05  1.09E-03  9.68E-03 -1.09E-02   65536
    94        1.3      -2.5     -3.78E-05  1.10E-03  1.03E-02 -1.11E-02   65536
    95        1.3      -2.3     -3.44E-05  1.12E-03  1.08E-02 -1.05E-02   65536
    96        1.3      -1.9     -2.86E-05  1.14E-03  1.09E-02 -1.06E-02   65536
    97        1.3      -2.0     -3.04E-05  1.16E-03  1.08E-02 -1.08E-02   65536
    98        1.3      -1.8     -2.77E-05  1.17E-03  1.08E-02 -1.06E-02   65536
    99        1.3      -1.4     -2.19E-05  1.17E-03  1.07E-02 -1.08E-02   65536
   100        1.3      -1.8     -2.80E-05  1.17E-03  1.10E-02 -1.07E-02   65536
   101        1.3      -2.2     -3.41E-05  1.18E-03  1.05E-02 -1.03E-02   65536
   102        1.3      -2.2     -3.29E-05  1.21E-03  1.02E-02 -1.01E-02   65536
   103        1.3      -2.2     -3.41E-05  1.24E-03  1.02E-02 -1.08E-02   65536
   104        1.3      -2.3     -3.44E-05  1.21E-03  1.03E-02 -1.11E-02   65536
   105        1.3      -2.3     -3.49E-05  1.19E-03  1.05E-02 -1.11E-02   65536
   106        1.3      -2.5     -3.77E-05  1.19E-03  1.08E-02 -1.08E-02   65536
   107        1.3      -2.3     -3.44E-05  1.20E-03  1.03E-02 -1.03E-02   65536
   108        1.3      -1.7     -2.64E-05  1.21E-03  9.99E-03 -1.05E-02   65536
   109        1.3      -1.7     -2.66E-05  1.24E-03  1.09E-02 -1.07E-02   65536
   110        1.3      -2.1     -3.20E-05  1.23E-03  1.07E-02 -1.06E-02   65536
   111        1.3      -2.3     -3.48E-05  1.20E-03  9.92E-03 -1.05E-02   65536
   112        1.3      -2.6     -3.93E-05  1.20E-03  1.06E-02 -1.07E-02   65536
   113        1.3      -2.6     -3.97E-05  1.21E-03  1.07E-02 -1.15E-02   65536
   114        1.3      -2.4     -3.74E-05  1.21E-03  1.03E-02 -1.21E-02   65536
   115        1.3      -2.6     -3.91E-05  1.19E-03  1.03E-02 -1.23E-02   65536
   116        1.3      -2.4     -3.66E-05  1.19E-03  1.01E-02 -1.21E-02   65536
   117        1.3      -2.0     -3.06E-05  1.18E-03  9.95E-03 -1.17E-02   65536
   118        1.3      -2.0     -3.04E-05  1.17E-03  1.01E-02 -1.12E-02   65536
   119        1.3      -1.9     -2.88E-05  1.17E-03  1.00E-02 -1.10E-02   65536
   120        1.3      -1.8     -2.75E-05  1.16E-03  9.57E-03 -1.13E-02   65536
   121        1.3      -2.3     -3.44E-05  1.14E-03  9.19E-03 -1.13E-02   65536
   122        1.3      -2.4     -3.62E-05  1.13E-03  8.63E-03 -1.04E-02   65536
   123        1.3      -1.8     -2.76E-05  1.14E-03  8.25E-03 -1.04E-02   65536
   124        1.3      -1.5     -2.25E-05  1.14E-03  8.40E-03 -1.04E-02   65536
   125        1.3      -2.0     -3.07E-05  1.10E-03  9.01E-03 -1.05E-02   65536
   126        1.3      -2.1     -3.28E-05  1.09E-03  9.48E-03 -1.03E-02   65536
   127        1.3      -1.5     -2.24E-05  1.08E-03  9.21E-03 -1.01E-02   65536
   128        1.3      -1.3     -1.95E-05  1.06E-03  8.80E-03 -9.75E-03   65536
   129        1.3      -1.4     -2.09E-05  1.05E-03  8.06E-03 -9.45E-03   65536
   130        1.3      -1.6     -2.42E-05  1.03E-03  7.25E-03 -9.09E-03   65536
   131        1.3      -1.7     -2.55E-05  1.01E-03  7.47E-03 -9.62E-03   65536
   132        1.3     -0.78     -1.19E-05  9.97E-04  7.98E-03 -1.07E-02   65536
   133        1.3      0.24      3.67E-06  9.88E-04  7.49E-03 -1.07E-02   65536
   134        1.3      0.37      5.70E-06  9.76E-04  6.56E-03 -1.01E-02   65536
   135        1.3     -0.25     -3.89E-06  9.60E-04  5.80E-03 -9.36E-03   65536
   136        1.3      -1.0     -1.58E-05  9.46E-04  5.39E-03 -8.39E-03   65536
   137        1.3      -1.3     -1.93E-05  9.20E-04  5.85E-03 -7.93E-03   65536
   138        1.3     -0.62     -9.41E-06  9.04E-04  5.81E-03 -7.91E-03   65536
   139        1.3      0.14      2.21E-06  9.07E-04  5.22E-03 -8.05E-03   65536
   140        1.3      0.43      6.52E-06  8.79E-04  4.92E-03 -7.94E-03   65536
   141        1.3      0.92      1.40E-05  8.61E-04  4.77E-03 -8.05E-03   65536
   142        1.3       1.3      2.02E-05  8.62E-04  4.84E-03 -7.91E-03   65536
   143        1.3       1.3      1.91E-05  8.40E-04  3.93E-03 -7.39E-03   65536
   144        1.3       1.4      2.21E-05  8.24E-04  3.56E-03 -7.32E-03   65536
   145        1.3       1.6      2.43E-05  8.13E-04  3.70E-03 -6.53E-03   65536
   146        1.3       1.4      2.14E-05  7.75E-04  3.44E-03 -6.18E-03   65536
   147        1.3       1.3      2.04E-05  7.55E-04  3.16E-03 -5.96E-03   65536
   148        1.3       1.1      1.67E-05  7.45E-04  2.94E-03 -5.66E-03   65536
   149        1.3      0.59      9.02E-06  7.41E-04  2.96E-03 -5.24E-03   65536
   150        1.3      0.58      8.80E-06  7.56E-04  3.01E-03 -4.84E-03   65536
   151        1.3       1.1      1.67E-05  7.33E-04  2.81E-03 -5.02E-03   65536
   152        1.3       1.2      1.83E-05  7.07E-04  2.83E-03 -4.88E-03   65536
   153        1.3       1.1      1.63E-05  7.04E-04  2.99E-03 -4.00E-03   65536
   154        1.3       1.4      2.13E-05  7.05E-04  2.55E-03 -3.74E-03   65536
   155        1.3       1.5      2.26E-05  6.95E-04  2.55E-03 -3.62E-03   65536
   156        1.3       1.3      1.94E-05  6.69E-04  2.65E-03 -4.32E-03   65536
   157        1.3       1.3      2.00E-05  6.63E-04  2.85E-03 -4.16E-03   65536
   158        1.3       1.2      1.79E-05  6.58E-04  2.64E-03 -3.55E-03   65536
   159        1.3      0.41      6.21E-06  6.46E-04  2.67E-03 -3.18E-03   65536
   160        1.3     -0.40     -6.17E-06  6.46E-04  2.78E-03 -3.11E-03   65536
   161        1.3     -0.30     -4.55E-06  6.41E-04  2.89E-03 -3.18E-03   65536
   162        1.3      0.33      4.98E-06  6.21E-04  3.10E-03 -2.90E-03   65536
   163        1.3      0.94      1.43E-05  6.29E-04  2.63E-03 -2.34E-03   65536
   164        1.3       1.2      1.76E-05  6.37E-04  2.77E-03 -2.65E-03   65536
   165        1.3      0.84      1.29E-05  6.32E-04  2.59E-03 -2.57E-03   65536
   166        1.3      0.70      1.06E-05  6.38E-04  2.56E-03 -3.13E-03   65536
   167        1.3      0.44      6.69E-06  6.33E-04  2.48E-03 -2.59E-03   65536
   168        1.3     -7.79E-04 -1.19E-08  6.36E-04  2.66E-03 -2.51E-03   65536
   169        1.3     -0.21     -3.25E-06  6.38E-04  3.22E-03 -3.72E-03   65536
   170        1.3     -0.43     -6.57E-06  6.47E-04  3.34E-03 -3.12E-03   65536
   171        1.3     -0.58     -8.92E-06  6.67E-04  3.69E-03 -2.86E-03   65536
   172        1.3     -0.59     -8.97E-06  6.81E-04  4.23E-03 -2.75E-03   65536
   173        1.3     -0.47     -7.11E-06  6.86E-04  4.46E-03 -3.34E-03   65536
   174        1.3     -0.31     -4.77E-06  6.97E-04  4.45E-03 -3.17E-03   65536
   175        1.3     -0.66     -1.00E-05  7.14E-04  5.18E-03 -3.15E-03   65536
   176        1.3     -0.80     -1.22E-05  7.41E-04  5.99E-03 -3.37E-03   65536
   177        1.3     -0.21     -3.18E-06  7.67E-04  7.23E-03 -3.32E-03   65536
   178        1.3     -0.42     -6.33E-06  7.90E-04  7.45E-03 -3.83E-03   65536
   179        1.3     -0.85     -1.30E-05  8.32E-04  7.58E-03 -4.39E-03   65536
   180        1.3     -0.52     -7.99E-06  8.58E-04  8.44E-03 -4.42E-03   65536
   181        1.3     -0.86     -1.32E-05  8.96E-04  8.85E-03 -4.17E-03   65536
   182        1.3      -1.3     -2.03E-05  9.28E-04  8.76E-03 -4.20E-03   65536
   183        1.3      -1.2     -1.79E-05  9.61E-04  8.41E-03 -4.23E-03   65536
   184        1.3      -1.3     -2.00E-05  9.91E-04  9.83E-03 -4.40E-03   65536
   185        1.3      -1.5     -2.35E-05  1.12E-03  9.74E-03 -4.85E-03   65536
