-2.195762760838442773e+03 1.240471181160000015e+04 -0.000000000000000000e+00 0.000000000000000000e+00 -0.000000000000000000e+00 -0.000000000000000000e+00
-2.178716932492762226e+03 1.242259393110000019e+04 1.157732913270000065e-03 7.348940618250000226e-04 -2.566785002109999922e-02 1.664179563220000158e-02
-2.161669149141253911e+03 1.244047809919999963e+04 2.676169155170000057e-03 1.457609618819999918e-03 -5.836400390739999999e-02 3.328243617590000147e-02
-2.144619414812751529e+03 1.245836431629999970e+04 1.998470630499999887e-03 7.810531150570000376e-04 -4.390319947130000289e-02 1.769637689190000154e-02
-2.127567724806641309e+03 1.247625258270000086e+04 4.266769974489999879e-04 4.705628593449999973e-04 -9.536598007709999603e-03 1.062403078439999940e-02
-2.110514083152603689e+03 1.249414289889999964e+04 -5.060113035139999615e-04 9.816135515179999927e-04 1.142895065540000012e-02 2.229147590369999835e-02
-2.093458485148870295e+03 1.251203526509999938e+04 -6.917326827529999937e-04 4.838114708909999734e-04 1.565670641920000050e-02 1.092478821740000029e-02
-2.076400934825915556e+03 1.252992968160000055e+04 2.751449937930000142e-05 3.221537285339999904e-04 -6.177236219619999498e-04 7.261154632739999851e-03
-2.059341427480920629e+03 1.254782614889999968e+04 -9.589688852429999817e-05 8.099089741719999225e-06 2.155953199920000209e-03 1.819040834349999964e-04
-2.042279967145207365e+03 1.256572466730000087e+04 -5.109250778329999920e-04 1.824148353510000073e-04 1.154057777369999968e-02 4.105045618609999905e-03
-2.025216551299041839e+03 1.258362523719999990e+04 6.950579117979999600e-04 6.767561131859999978e-04 -1.548888018290000071e-02 1.531511690569999952e-02
-2.008151177421611465e+03 1.260152785890000087e+04 1.169119030240000105e-03 9.922533464470000095e-04 -2.591704590219999840e-02 2.253583815729999842e-02
-1.991083849545561634e+03 1.261943253270000059e+04 -6.974418647590000095e-04 5.409064969760000270e-04 1.578695365939999928e-02 1.222194129829999934e-02
-1.974014562965080358e+03 1.263733925900000031e+04 -1.982319401579999904e-03 1.386568340650000094e-03 4.553986061220000048e-02 3.163437259960000247e-02
-1.956943321713659543e+03 1.265524803819999943e+04 -1.671824720690000059e-04 3.492258750900000203e-04 3.761612441499999869e-03 7.873753129669999393e-03
-1.939870121084331231e+03 1.267315887060000023e+04 1.424375223000000053e-03 1.468897863899999972e-03 -3.148732892509999853e-02 3.354455877399999814e-02
-1.922794965111435658e+03 1.269107175660000030e+04 5.614113179040000493e-04 7.672359661679999977e-04 -1.252922975209999970e-02 1.738058422660000019e-02
-1.905717851272894222e+03 1.270898669650000011e+04 -2.277061721540000040e-04 2.474734618589999996e-04 5.126894205089999566e-03 5.573204966279999596e-03
-1.888638777045704501e+03 1.272690369070000088e+04 -5.209529190320000063e-04 4.887942847399999935e-04 1.176842076270000030e-02 1.103792675040000081e-02
-1.871557746465427044e+03 1.274482273949999944e+04 -6.330374162639999715e-04 7.155290568510000492e-04 1.431863637810000013e-02 1.619970044460000008e-02
-1.854474754822201476e+03 1.276274384319999990e+04 1.193291973320000061e-05 1.252697127380000038e-04 -2.679509314260000025e-04 2.817243803970000040e-03
-1.837389806152487608e+03 1.278066700230000060e+04 1.015050103890000098e-03 7.826832155230000008e-04 -2.253982622160000115e-02 1.773363961929999913e-02
-1.820302895745267961e+03 1.279859221710000020e+04 6.244617979969999512e-04 3.219450577249999865e-04 -1.392659613389999988e-02 7.256434210000000003e-03
-1.803214027637852041e+03 1.281651948799999991e+04 -4.813960113100000117e-04 5.438706494320000480e-04 1.086994799849999929e-02 1.228933042519999956e-02
-1.786123197118063217e+03 1.283444881519999944e+04 -5.396329215729999459e-04 1.055293505740000044e-04 1.219298833389999975e-02 2.372767260279999828e-03
-1.769030408224059556e+03 1.285238019920000079e+04 -2.093186340059999934e-04 4.182958699800000060e-05 4.711914563170000424e-03 9.398409899750000346e-04
-1.751935658430862532e+03 1.287031364030000077e+04 -2.406552812320000010e-04 9.386269332069999789e-04 5.419239890960000396e-03 2.130481750690000134e-02
-1.734838945212359249e+03 1.288824913890000062e+04 -5.785840912719999833e-04 1.130589666289999939e-03 1.307886842489999930e-02 2.571843079539999979e-02
-1.717740272608086343e+03 1.290618669520000003e+04 -9.130454855039999828e-04 7.349296169839999657e-04 2.071811625620000041e-02 1.664260752179999928e-02
-1.700639635902918144e+03 1.292412630979999994e+04 -2.597306156529999971e-04 3.841422490759999740e-04 5.850050103849999648e-03 8.664408234210000531e-03
-1.683537039137136162e+03 1.294206798279999930e+04 1.582822646010000056e-03 2.025198018600000201e-03 -3.492947643449999945e-02 4.654819401879999735e-02
-1.666432477594507645e+03 1.296001171470000008e+04 1.421352499160000084e-03 1.655467345430000018e-03 -3.142154728180000106e-02 3.788684185849999775e-02
-1.649325955316163572e+03 1.297795750589999989e+04 5.195609410290000230e-04 7.921993120999999737e-04 -1.160063470700000050e-02 1.795119731079999892e-02
-1.632217469774825076e+03 1.299590535660000023e+04 1.012916793120000004e-03 6.544172039770000237e-04 -2.249298350060000007e-02 1.480582194979999933e-02
-1.615107018442130766e+03 1.301385526729999947e+04 -4.221370909359999687e-05 4.412632511379999969e-04 9.484756664510000197e-04 9.959219872870000295e-03
-1.597994605360487412e+03 1.303180723829999988e+04 -1.055841217749999960e-03 8.936254938059999932e-04 2.399749549359999831e-02 2.027295549919999954e-02
-1.580880225810760521e+03 1.304976126990000012e+04 -4.988441360179999466e-04 1.409552334349999895e-04 1.126615512730000032e-02 3.170561924180000015e-03
-1.563763883836207697e+03 1.306771736249999958e+04 5.000798264519999963e-04 7.980652228870000180e-04 -1.116808465309999943e-02 1.808532777359999830e-02
-1.546645574716480724e+03 1.308567551649999950e+04 1.651631435380000040e-03 1.618096457310000055e-03 -3.642061203679999859e-02 3.701554732319999735e-02
-1.529525302495792175e+03 1.310363573209999959e+04 1.627059886229999903e-03 8.221754176089999741e-04 -3.588838421690000030e-02 1.863682275389999879e-02
-1.512403062452633094e+03 1.312159800990000076e+04 4.493160522540000151e-04 3.145492395279999871e-05 -1.004006847989999916e-02 7.066572467139999991e-04
-1.495278858631962066e+03 1.313956235009999909e+04 -3.118732711300000165e-04 1.057108544810000028e-03 7.028622936010000405e-03 2.402664852729999995e-02
-1.478152688503538457e+03 1.315752875300000051e+04 3.965382347810000109e-05 6.039329347340000043e-04 -8.901403763750000532e-04 1.365580788319999996e-02
-1.461024549536037284e+03 1.317549721909999971e+04 6.243052193890000429e-04 5.208800538619999705e-04 -1.392312835279999918e-02 1.176676500299999976e-02
-1.443894445775694066e+03 1.319346774870000081e+04 7.565022096970000411e-04 8.582686500869999950e-04 -1.684665177820000165e-02 1.946298581390000157e-02
-1.426762372498146078e+03 1.321144034210000063e+04 7.542957318949999965e-04 4.134783617300000127e-04 -1.679792581039999885e-02 9.329186104509999342e-03
-1.409628333750480806e+03 1.322941499970000041e+04 7.349037332460000172e-04 4.720352916680000034e-05 -1.636958734870000085e-02 1.060648553869999967e-03
-1.392492324807172054e+03 1.324739172189999954e+04 -3.066966019110000112e-04 1.784904347139999931e-04 6.911553311999999588e-03 4.016553690459999902e-03
-1.375354349716106753e+03 1.326537050900000031e+04 -1.724848523739999900e-03 5.495705642289999866e-04 3.950646548950000059e-02 1.241892906149999996e-02
-1.358214405944841701e+03 1.328335136129999955e+04 -1.316780457269999894e-03 6.381577954040000252e-04 3.001802647780000069e-02 1.443529388579999941e-02
-1.341072490959690867e+03 1.330133427929999925e+04 -9.117162553590000282e-04 7.049191645009999846e-04 2.068764024910000124e-02 1.595756376909999996e-02
-1.323928608809871548e+03 1.331931926319999911e+04 -1.261041499669999892e-03 1.084505089030000100e-03 2.872893929070000074e-02 2.465707443380000044e-02
-1.306782754766948528e+03 1.333730631349999931e+04 3.951304825019999901e-04 1.856408619060000132e-04 -8.834611347000000808e-03 4.177795664540000058e-03
-1.289634932880991300e+03 1.335529543050000029e+04 2.563785063099999900e-03 1.304004774699999997e-03 -5.598035705189999961e-02 2.972241361959999939e-02
-1.272485138422399814e+03 1.337328661450000072e+04 2.189099555839999801e-03 1.611413986060000053e-03 -4.799204248430000153e-02 3.685982686599999919e-02
-1.255333375442096440e+03 1.339127986590000000e+04 5.981623544360000367e-04 9.278380137289999816e-04 -1.334396784999999919e-02 2.105733556620000002e-02
-1.238179639209316065e+03 1.340927518509999936e+04 2.543073496779999919e-04 7.546776597529999378e-05 -5.694930446080000153e-03 1.696276015479999911e-03
-1.221023933775834621e+03 1.342727257239999926e+04 -9.836565004660000110e-05 2.506549797419999883e-04 2.211517297050000132e-03 5.645056678369999789e-03
-1.203866256606080242e+03 1.344527202819999911e+04 -1.757399295459999929e-04 5.263876514970000252e-04 3.954536783359999946e-03 1.189192523560000068e-02
-1.186706605163551558e+03 1.346327355279999938e+04 1.181489089500000053e-03 1.102024720860000006e-03 -2.618770592479999909e-02 2.506042969780000046e-02
-1.169544983501251409e+03 1.348127714659999947e+04 8.784818928689999478e-04 1.107215256239999959e-05 -1.953665978150000149e-02 2.486868375349999822e-04
-1.152381386885500206e+03 1.349928280989999985e+04 -1.318626163989999899e-04 3.915368590880000110e-04 2.965734493810000087e-03 8.831933877439999275e-03
-1.135215819370206646e+03 1.351729054309999992e+04 2.074520598400000123e-04 3.817937963270000095e-04 -4.648092666240000170e-03 8.611209669279999354e-03
-1.118048276220525167e+03 1.353530034659999910e+04 5.445684073489999574e-04 7.072747369110000265e-04 -1.215561533060000032e-02 1.601131707150000097e-02
-1.100878761491218256e+03 1.355331222069999967e+04 5.635482957589999517e-04 1.726098531090000015e-04 -1.257662284940000083e-02 3.883966186560000068e-03
-1.083707270446272787e+03 1.357132616579999922e+04 4.108204739169999905e-04 2.113733901910000044e-04 -9.183813401600000523e-03 4.758278836819999913e-03
-1.066533807141305715e+03 1.358934218220000002e+04 -1.580753014420000033e-04 7.204207821810000275e-04 3.556335918639999885e-03 1.631135809580000137e-02
-1.049358369037821603e+03 1.360736027029999968e+04 -1.418340718369999909e-03 3.341970892410000052e-04 3.237111397370000254e-02 7.533629893610000253e-03
-1.032180953596183826e+03 1.362538043040000048e+04 -1.641900511459999960e-03 1.191482967130000001e-03 3.757044614709999925e-02 2.712257107010000029e-02
-1.015001564873395409e+03 1.364340266290000000e+04 -2.738258044700000028e-04 5.484199406120000408e-04 6.168504633010000321e-03 1.239276604509999963e-02
-9.978201981304715673e+02 1.366142696819999946e+04 5.031922482889999992e-04 8.292274208739999655e-05 -1.123720405070000039e-02 1.863996495540000018e-03
-9.806368574251657719e+02 1.367945334659999935e+04 3.234276664440000212e-04 4.321532773199999794e-04 -7.237214026620000101e-03 9.752603737539999873e-03
-9.634515380173767198e+02 1.369748179840000012e+04 3.816230164379999837e-04 4.742915771610000259e-05 -8.533886647309999948e-03 1.065721059340000087e-03
-9.462642439657130353e+02 1.371551232410000011e+04 -3.889914660249999922e-04 4.237129831880000067e-04 8.774264570619999537e-03 9.561214170150000163e-03
-9.290749727293607521e+02 1.373354492399999981e+04 -1.673028920780000005e-03 8.412773402990000003e-04 3.829654870290000179e-02 1.907397489820000097e-02
-9.118837217664150785e+02 1.375157959850000043e+04 -1.768309739420000082e-03 1.627328716710000093e-03 4.052235535269999717e-02 3.723072494759999823e-02
-8.946904951367675949e+02 1.376961634779999986e+04 -3.570048138499999917e-04 7.873563888149999598e-04 8.049847250089999656e-03 1.784047213220000053e-02
-8.774952880973936544e+02 1.378765517240000008e+04 1.730291638520000015e-03 1.654675466459999949e-03 -3.812251547079999886e-02 3.786837148899999811e-02
-8.602981047090407856e+02 1.380569607259999975e+04 2.642086707060000046e-03 3.297254584669999811e-03 -5.764172124969999672e-02 7.693396530490000107e-02
-8.430989402274617532e+02 1.382373904880000009e+04 2.271242905410000151e-03 2.805178437969999862e-03 -4.974881259200000100e-02 6.506993468119999513e-02
-8.258977987143649671e+02 1.384178410129999975e+04 1.011992571880000038e-05 5.912762475399999676e-05 -2.272451986169999867e-04 1.328757334950000099e-03
-8.086946754243325586e+02 1.385983123060000071e+04 -1.695209764880000088e-03 1.291974013639999924e-03 3.881426185970000137e-02 2.944411715649999928e-02
-7.914895744198241800e+02 1.387788043680000010e+04 -1.225504442119999989e-03 3.796203578059999988e-05 2.790793253320000139e-02 8.529065018069999877e-04
-7.742824931570398803e+02 1.389593172050000067e+04 -1.460561994460000002e-03 6.382537598130000366e-04 3.335098620049999768e-02 1.443748037110000049e-02
-7.570734290910871778e+02 1.391398508199999924e+04 -2.357933204620000188e-03 8.373676536300000538e-04 5.440754364429999795e-02 1.898448521299999844e-02
-7.398623862857101585e+02 1.393204052159999992e+04 -2.448427490890000072e-03 1.411058250660000108e-03 5.655578559979999864e-02 3.220219936089999818e-02
-7.226493599926155866e+02 1.395009803970000030e+04 -1.016753027219999923e-03 1.014712124870000053e-03 2.309874506930000015e-02 2.305184100940000161e-02
-7.054343542764046333e+02 1.396815763660000084e+04 -1.171306357719999994e-04 4.811426333690000241e-05 2.633959360039999937e-03 1.081123532119999996e-03
-6.882173643876116103e+02 1.398621931279999990e+04 8.732313290240000383e-07 3.362335713619999940e-04 -1.961064093410000024e-05 7.579711664439999809e-03
-6.709983943916427052e+02 1.400428306850000081e+04 2.211797400379999872e-04 5.735420334240000232e-04 -4.954909104460000074e-03 1.296415090970000003e-02
-6.537774417424765261e+02 1.402234890409999934e+04 -6.515167187899999473e-04 6.166753167640000267e-04 1.473971408629999938e-02 1.394595015250000083e-02
-6.365545038928405575e+02 1.404041682000000037e+04 -1.350971171629999999e-03 7.126853776999999765e-04 3.080958576619999972e-02 1.613479686080000058e-02
-6.193295849094793084e+02 1.405848681659999966e+04 -1.585018238979999956e-03 1.864608484380000106e-03 3.624496834819999902e-02 4.277698646240000319e-02
-6.021026800399952208e+02 1.407655889410000054e+04 -1.365531585180000066e-03 1.398940413980000012e-03 3.114686850740000165e-02 3.192119306570000148e-02
-5.848737933519905710e+02 1.409463305310000032e+04 -7.235774537550000328e-04 5.029145154669999521e-04 1.638341833799999980e-02 1.135860675019999960e-02
-5.676429200918939841e+02 1.411270929369999976e+04 -5.644800257870000474e-04 3.205642748640000119e-04 1.275800408210000028e-02 7.225199550769999778e-03
-5.504100643281659586e+02 1.413078761640000084e+04 -8.745747618380000530e-04 2.366720506110000101e-04 1.983645167959999928e-02 5.329303344640000210e-03
-5.331752213060609620e+02 1.414886802159999934e+04 -9.043618338180000075e-04 6.951546996059999959e-04 2.051903807410000030e-02 1.573477305330000034e-02
-5.159383950948978281e+02 1.416695050959999935e+04 -4.300381406210000246e-04 1.022029324739999901e-03 9.704638095220000094e-03 2.322001524460000008e-02
-4.986995831455021744e+02 1.418503508069999953e+04 -5.879366071889999832e-04 4.097260843060000204e-04 1.329169285920000013e-02 9.244132088859999610e-03
-4.814587829077617585e+02 1.420312173529999927e+04 -7.088871207090000374e-04 2.100096513690000123e-04 1.604811274699999984e-02 4.727506692980000015e-03
-4.642159984522306786e+02 1.422121047390000058e+04 -5.247793160379999808e-04 5.964061147640000154e-04 1.185537417059999953e-02 1.348446277879999933e-02
-4.469712250212264735e+02 1.423930129669999951e+04 -7.860884070400000123e-04 9.163959839580000091e-04 1.781148391729999933e-02 2.079493913979999983e-02
-4.297244666862146687e+02 1.425739420400000017e+04 -1.439344370740000068e-03 1.177863701680000041e-03 3.285844714589999938e-02 2.680835284449999828e-02
-4.124757186883371674e+02 1.427548919639999986e+04 -2.023616340009999973e-03 1.386228840659999928e-03 4.651098120450000012e-02 3.162650316690000102e-02
-3.952249850999187402e+02 1.429358627399999932e+04 -1.617903122680000019e-03 1.215863708989999925e-03 3.701104173940000103e-02 2.768532045739999919e-02
-3.779722633695042191e+02 1.431168543739999950e+04 -1.376386149789999907e-03 1.465170785760000049e-03 3.139838164389999881e-02 3.345800526949999770e-02
-3.607175509445409602e+02 1.432978668680000010e+04 -1.921738265079999926e-03 1.698017377459999904e-03 4.411696562299999985e-02 3.887981220330000154e-02
-3.434608518986433410e+02 1.434789002260000052e+04 -2.678132150320000106e-03 2.299884747329999837e-03 6.202955477759999892e-02 5.303195818249999832e-02
-3.262021614699593215e+02 1.436599544509999942e+04 -3.198022488500000017e-03 3.383408186050000134e-03 7.453010733499999818e-02 7.902569858310000417e-02
-3.089414837330683667e+02 1.438410295480000059e+04 -2.837643027310000118e-03 2.727752419850000207e-03 6.584833890230000486e-02 6.321593129819999546e-02
-2.916788139249414940e+02 1.440221255200000087e+04 -2.437694696709999820e-03 1.427523741070000057e-03 5.630075868030000319e-02 3.258415205970000006e-02
-2.744141561209129350e+02 1.442032423700000072e+04 -1.696121064010000078e-03 4.701106529579999896e-04 3.883553781839999691e-02 1.061376681949999928e-02
-2.571475055568286052e+02 1.443843801019999955e+04 -1.118037151170000023e-03 6.793969467060000400e-06 2.542922695070000058e-02 1.525890827680000128e-04
-2.398788663088832323e+02 1.445655387200000041e+04 -2.409942448139999922e-03 7.469306912160000519e-04 5.564162593659999906e-02 1.691668551540000121e-02
-2.226082358226161944e+02 1.447467182280000088e+04 -4.455331712959999940e-03 2.146108686140000155e-03 1.054236729650000065e-01 4.939701689220000330e-02
-2.053356115424680866e+02 1.449279186280000067e+04 -5.160640925169999831e-03 2.651568761110000092e-03 1.231811596099999934e-01 6.139502570790000141e-02
-1.880609975459246925e+02 1.451091399239999919e+04 -4.389974754299999678e-03 2.748485219700000110e-03 1.037940408550000054e-01 6.371205131479999728e-02
-1.707843890658858754e+02 1.452903821210000024e+04 -3.682648297400000197e-03 2.224593074320000211e-03 8.632516416119999370e-02 5.125057113050000140e-02
-1.535057901806984830e+02 1.454716452220000065e+04 -3.352838335559999838e-03 1.689885256800000013e-03 7.828298872220000593e-02 3.868996044970000187e-02
-1.362251961220305532e+02 1.456529292300000088e+04 -2.792619168759999989e-03 2.012475830520000109e-03 6.476896325639999730e-02 4.624891299299999786e-02
-1.189426109691956412e+02 1.458342341490000035e+04 -1.929082442079999926e-03 1.193945334459999919e-03 4.428935363449999774e-02 2.717939236160000008e-02
-1.016580321653394208e+02 1.460155599830000028e+04 -1.711883582169999906e-03 1.261434893919999897e-04 3.920361451439999950e-02 2.836922438550000102e-03
-8.437145715255987000e+01 1.461969067349999932e+04 -2.375647891310000027e-03 3.952283820650000305e-05 5.482770910040000306e-02 8.879891767749999642e-04
-6.708289001135759122e+01 1.463782744090000051e+04 -1.070051919669999909e-03 2.651070298500000162e-04 2.432444090079999982e-02 5.971508201730000263e-03
-4.979232597050344822e+01 1.465596630080000068e+04 2.663828432560000001e-03 3.269193279789999861e-03 -5.810253687429999675e-02 7.625360518349999506e-02
-3.249976911135998137e+01 1.467410725359999924e+04 6.520288065080000368e-03 6.111962150359999922e-03 -1.366537832559999999e-01 1.476431532240000122e-01
-1.520521466151732959e+01 1.469225029969999923e+04 1.096419990059999995e-02 9.605496744619999167e-03 -2.201242304490000079e-01 2.429867445739999909e-01
2.091333296799738228e+00 1.471039543950000007e+04 1.588764786720000058e-02 1.332737416209999956e-02 -3.051298929169999896e-01 3.556799792449999997e-01
1.938987953718225654e+01 1.472854267319999963e+04 1.710164733230000109e-02 1.450263301689999965e-02 -3.250247910519999950e-01 3.940755328730000118e-01
3.669041997659577703e+01 1.474669200129999990e+04 1.373574882749999983e-02 1.213852150000000081e-02 -2.688618514369999768e-01 3.182845091939999760e-01
5.399295717475114742e+01 1.476484342420000030e+04 9.257631376389999570e-03 7.683290974389999847e-03 -1.888881229059999889e-01 1.894061426939999959e-01
7.129749369261980974e+01 1.478299694210000052e+04 4.928890150040000397e-03 3.562508840489999901e-03 -1.049831624700000021e-01 8.338815686450000431e-02
8.860402544582025541e+01 1.480115255539999998e+04 1.904045930129999974e-03 1.282147327219999985e-03 -4.187165419540000294e-02 2.921686296380000131e-02
1.059125572108984557e+02 1.481931026460000066e+04 -4.643655847760000199e-05 5.810760593540000452e-04 1.043405968120000036e-03 1.313557084649999949e-02
1.232230849026097843e+02 1.483747006990000045e+04 -2.096397336570000013e-03 2.182267592109999807e-03 4.822476601250000328e-02 5.025054966379999960e-02
1.405356132986828754e+02 1.485563197179999952e+04 -2.589372685179999918e-03 2.112226691119999805e-03 5.991089917310000318e-02 4.859789132720000043e-02
1.578501383130097793e+02 1.487379597060000015e+04 -2.112150657919999869e-03 1.648054094849999958e-03 4.859609876019999747e-02 3.771394308229999992e-02
1.751666647245023398e+02 1.489196206669999992e+04 -1.997108338399999905e-03 1.914789067689999947e-03 4.588752234719999795e-02 4.395387622650000214e-02
1.924851884461888574e+02 1.491013026030000037e+04 -1.993692712859999796e-03 1.818892317250000046e-03 4.580721630000000183e-02 4.170600543490000228e-02
2.098057120409588947e+02 1.492830055200000061e+04 -2.509942278270000174e-03 1.124087042010000039e-03 5.801872307369999870e-02 2.556860305259999952e-02
2.271282380726474912e+02 1.494647294200000033e+04 -2.029184484849999841e-03 4.970680219390000197e-04 4.664199142340000326e-02 1.122581644899999995e-02
2.444527624530398100e+02 1.496464743070000077e+04 -1.006001257340000078e-03 2.196963609290000037e-04 2.285167240199999922e-02 4.946103398800000273e-03
2.617792899640076030e+02 1.498282401849999951e+04 -1.042652293110000062e-03 3.954437841909999932e-04 2.369415371219999941e-02 8.920456996199999447e-03
2.791078165164188931e+02 1.500100270579999960e+04 -1.472909003500000097e-03 9.952385989919999496e-04 3.363771737549999669e-02 2.260441064339999834e-02
2.964383468933302197e+02 1.501918349280000075e+04 -1.585446996609999942e-03 8.462469504120000109e-04 3.625495274320000155e-02 1.918773696680000154e-02
3.137708770047449889e+02 1.503736638010000024e+04 -2.026724629100000105e-03 1.510253518760000047e-03 4.658411253670000085e-02 3.450545944569999995e-02
3.311054094158528756e+02 1.505555136780000066e+04 -3.262296551839999944e-03 2.756799603690000215e-03 7.608646146580000380e-02 6.391107731980000262e-02
3.484419466929487612e+02 1.507373845649999930e+04 -3.077441593629999961e-03 2.562651522830000205e-03 7.161683896949999628e-02 5.927395299229999692e-02
3.657804847447387147e+02 1.509192764639999950e+04 -2.089255955070000014e-03 2.374705918590000030e-03 4.805647683889999883e-02 5.480536249370000085e-02
3.831210283572960975e+02 1.511011893799999962e+04 -2.382779959590000142e-03 3.085739362189999883e-03 5.499692078329999900e-02 7.181704369600000470e-02
4.004635734383558088e+02 1.512831233149999935e+04 -3.046879544849999920e-03 3.579584291740000018e-03 7.087979746620000354e-02 8.380506893750000463e-02
4.178081247751775322e+02 1.514650782749999962e+04 -2.652911003679999866e-03 3.212658506349999870e-03 6.142707867419999745e-02 7.488429594529999456e-02
4.351546782747365683e+02 1.516470542609999939e+04 -1.691608922560000009e-03 1.296480371099999933e-03 3.873019798439999994e-02 2.954834948210000034e-02
4.525032387254262858e+02 1.518290512780000063e+04 -1.601744676009999929e-03 8.462521283470000487e-04 3.663454754739999680e-02 1.918785550460000086e-02
4.698538020333563168e+02 1.520110693299999912e+04 -9.278985671700000102e-04 4.665523755269999732e-04 2.105872440210000002e-02 1.053300641090000080e-02
4.872063707667462040e+02 1.521931084190000001e+04 -2.382390084679999900e-04 1.049608563799999997e-05 5.364682399250000205e-03 2.357465218440000078e-04
5.045609474949226865e+02 1.523751685510000061e+04 -1.105577684940000065e-03 1.114510277279999939e-03 2.514224959449999977e-02 2.534798454039999954e-02
5.219175281226963534e+02 1.525572497280000061e+04 -1.863558776680000013e-03 1.856606847700000050e-03 4.275238235650000163e-02 4.258945132479999979e-02
5.392761174414292782e+02 1.527393519539999943e+04 -1.676695304920000022e-03 1.012275733509999899e-03 3.838210564660000240e-02 2.299585069359999859e-02
5.566367113550655858e+02 1.529214752330000010e+04 -9.510867530480000094e-04 2.440196277059999942e-04 2.159070367479999988e-02 5.495209080810000216e-03
5.739993146562089805e+02 1.531036195679999946e+04 -6.666699773630000445e-04 5.923177030130000013e-04 1.508513541739999950e-02 1.339140399210000075e-02
5.913639232478307122e+02 1.532857849630000055e+04 -9.765578433869999625e-04 8.653882254130000357e-04 2.217538329039999909e-02 1.962603134459999996e-02
6.087305397005637815e+02 1.534679714219999914e+04 -1.923101022840000051e-03 1.721452714559999981e-03 4.414895104609999760e-02 3.942713315609999714e-02
6.260991665860969988e+02 1.536501789479999934e+04 -3.086694516240000036e-03 2.836504086129999942e-03 7.184009178429999476e-02 6.582102022480000592e-02
6.434697998062068791e+02 1.538324075459999949e+04 -3.118533175439999923e-03 2.758467589390000037e-03 7.260867013569999306e-02 6.395100958610000497e-02
6.608424441564169456e+02 1.540146572179999930e+04 -2.319173421710000148e-03 2.286179441860000140e-03 5.348883572600000164e-02 5.270745685480000137e-02
6.782170955376368511e+02 1.541969279680000000e+04 -1.330697792579999938e-03 1.322995199179999954e-03 3.034015519219999957e-02 3.016185921019999897e-02
6.955937587465797378e+02 1.543792197999999917e+04 -2.606903435659999762e-04 5.393617461499999963e-04 5.871730150689999893e-03 1.218682364640000064e-02
7.129724296832876007e+02 1.545615327179999986e+04 1.170079558509999943e-04 5.265428169710000342e-04 -2.624291946259999994e-03 1.189545160000000067e-02
7.303531131456639969e+02 1.547438667250000071e+04 -2.515894011589999866e-04 2.656372504680000099e-04 5.666160724210000076e-03 5.983487168059999951e-03
7.477358050329362413e+02 1.549262218249999933e+04 -6.509551312769999492e-04 6.636990421129999526e-04 1.472691488769999925e-02 1.501740299509999980e-02
7.651205079186175908e+02 1.551085980220000056e+04 -6.560375331900000122e-04 5.359486235170000338e-04 1.484275439869999977e-02 1.210923566500000069e-02
7.825072243774916387e+02 1.552909953189999942e+04 -5.077733658250000180e-05 1.557977430459999996e-04 1.140996719209999956e-03 3.505006114199999898e-03
7.998959503074298709e+02 1.554734137200000077e+04 5.506642628459999686e-05 2.332068681489999978e-04 -1.235905398149999982e-03 5.251070279819999680e-03
8.172866905093138712e+02 1.556558532290000039e+04 -4.865389782940000179e-04 1.712806770080000079e-04 1.098671673699999976e-02 3.854000133810000193e-03
8.346794408801470126e+02 1.558383138479999980e+04 -6.550254183819999949e-04 3.055170641939999919e-04 1.481968492779999966e-02 6.884880154609999622e-03
8.520742062220025446e+02 1.560207955829999992e+04 -1.180758699770000043e-03 6.441610940850000188e-05 2.687513681590000120e-02 1.447689926940000068e-03
8.694709824310149315e+02 1.562032984360000046e+04 -1.654078136200000078e-03 3.896612381700000202e-04 3.785443914290000100e-02 8.789438837890000550e-03
8.868697720831720517e+02 1.563858224119999977e+04 -5.321634234859999504e-04 2.673978349140000254e-04 1.202319656409999923e-02 6.023264058700000118e-03
9.042705777555734130e+02 1.565683675129999938e+04 9.672273881729999564e-05 2.467502121120000095e-04 -2.169821795790000032e-03 5.556871743200000359e-03
9.216733953431030386e+02 1.567509337439999945e+04 -4.261232388670000044e-04 4.900030738349999944e-04 9.615864665439999986e-03 1.106537514459999920e-02
9.390782296507096589e+02 1.569335211089999939e+04 7.828407105990000314e-04 2.498131336920000043e-04 -1.742810544739999828e-02 5.626043842249999621e-03
9.564850765724079338e+02 1.571161296100000072e+04 1.989305717869999796e-03 1.955284149630000072e-03 -4.370619733890000053e-02 4.490462195130000278e-02
9.738939409144464889e+02 1.572987592519999998e+04 1.237178104930000038e-03 8.871302049309999840e-04 -2.740528921589999861e-02 2.012410944730000026e-02
9.913048185699170745e+02 1.574814100379999945e+04 8.601871086280000371e-04 4.052231788010000131e-04 -1.913366736650000052e-02 9.142072906520000777e-03
1.008717714346262369e+03 1.576640819720000036e+04 1.090503414159999960e-03 1.189955217190000062e-03 -2.419520202780000087e-02 2.708731851990000064e-02
1.026132624135703736e+03 1.578467750580000029e+04 1.107949996369999961e-03 1.254147812369999990e-03 -2.457757415089999870e-02 2.856962286959999903e-02
1.043549550517278931e+03 1.580294892989999971e+04 1.530232839289999988e-03 1.495309996250000035e-03 -3.378831677750000068e-02 3.415813941660000158e-02
1.060968496071138588e+03 1.582122246989999985e+04 1.365551492199999946e-03 1.103065744840000086e-03 -3.020640703069999919e-02 2.508440236089999956e-02
1.078389456688198834e+03 1.583949812609999935e+04 3.748815215660000017e-04 4.605106738220000081e-04 -8.383762924739999317e-03 1.039589592500000069e-02
1.095812437178942673e+03 1.585777589900000021e+04 1.693640297159999922e-05 7.755189049899999557e-05 -3.802816209899999821e-04 1.743161376669999894e-03
1.113237433433309207e+03 1.587605578889999924e+04 -3.781182749659999751e-05 5.765646965540000305e-04 8.495302851980000153e-04 1.303292133010000055e-02
1.130664450262976516e+03 1.589433779610000056e+04 7.567082648169999592e-04 7.809008837470000669e-05 -1.685120200190000014e-02 1.755269264570000079e-03
1.148093483557119498e+03 1.591262192110000069e+04 1.811050693500000077e-03 1.335995356109999973e-03 -3.986682173980000271e-02 3.046279913519999924e-02
1.165524538128559243e+03 1.593090816420000010e+04 1.381009933539999960e-03 2.012855200609999992e-03 -3.054318279630000021e-02 4.625783612699999742e-02
1.182957609865599352e+03 1.594919652580000002e+04 3.255534684289999804e-04 8.308475969620000238e-04 -7.284609424330000006e-03 1.883526400139999904e-02
1.200392701350331663e+03 1.596748700620000091e+04 -4.063033848070000151e-04 1.133064374369999958e-04 9.166555024900000306e-03 2.547853568760000131e-03
1.217829815165964646e+03 1.598577960580000035e+04 1.976835192180000133e-04 6.584040418889999932e-04 -4.429706459580000193e-03 1.489669709899999958e-02
1.235268947199494050e+03 1.600407432499999959e+04 5.759990308430000278e-04 9.561891967080000162e-04 -1.285270594800000041e-02 2.170780103550000104e-02
1.252710102266733202e+03 1.602237116410000090e+04 -1.589501334819999972e-05 5.726430143330000231e-04 3.570303705079999742e-04 1.294369770009999934e-02
1.270153276253806325e+03 1.604067012360000081e+04 1.609029714020000020e-04 6.599225578399999566e-04 -3.607009735070000091e-03 1.493131200569999990e-02
1.287598473977777758e+03 1.605897120370000084e+04 5.368633428590000338e-04 2.122751708470000092e-04 -1.198465276660000065e-02 4.778627625700000194e-03
1.305045691323792653e+03 1.607727440489999935e+04 8.283070055770000396e-04 2.078193845560000099e-04 -1.843103302159999901e-02 4.678086304050000158e-03
1.322494930876377111e+03 1.609557972750000044e+04 8.881066460159999692e-04 7.535002834679999876e-04 -1.974860598889999902e-02 1.706675229490000126e-02
1.339946195221120206e+03 1.611388717179999912e+04 7.410902762790000245e-04 1.306600301289999987e-05 -1.650625819270000114e-02 2.934764234939999934e-04
1.357399480241965648e+03 1.613219673839999996e+04 1.411700155589999976e-03 3.469239374639999950e-04 -3.121146040509999858e-02 7.821649437089999574e-03
1.374854790758919989e+03 1.615050842750000083e+04 1.545942272059999982e-03 1.333295148930000026e-03 -3.412933619550000131e-02 3.040028473379999957e-02
1.392312122655053827e+03 1.616882223940000040e+04 9.965349454430000222e-04 9.646161145060000138e-04 -2.213320172090000107e-02 2.190122268100000089e-02
1.409771480751573790e+03 1.618713817460000064e+04 1.264108926990000067e-03 1.286829216699999926e-03 -2.799357266750000101e-02 2.932513096729999838e-02
1.427232860930676907e+03 1.620545623349999914e+04 1.381755108009999952e-03 1.677921636310000103e-03 -3.055941421379999856e-02 3.841072434849999995e-02
1.444696268014769203e+03 1.622377641640000002e+04 1.262072590180000073e-03 7.065573770659999697e-04 -2.794910252189999889e-02 1.599494687570000157e-02
1.462161697885228250e+03 1.624209872360000008e+04 8.250621613119999949e-05 8.180410085299999858e-04 -1.851191573600000041e-03 1.854223094899999993e-02
1.479629153129484848e+03 1.626042315559999952e+04 -1.537803211250000045e-03 1.908888119539999938e-03 3.514609070779999705e-02 4.381540887219999986e-02
1.497098636336248092e+03 1.627874971259999984e+04 -1.378922723230000067e-03 1.154987754239999997e-03 3.145716617910000040e-02 2.628079026410000060e-02
1.514570143385532447e+03 1.629707839520000016e+04 -1.235411269589999908e-03 8.427373455759999774e-04 2.813674057420000041e-02 1.910739533660000058e-02
1.532043679102744136e+03 1.631540920360000018e+04 -9.736933279779999865e-04 6.321567404940000310e-04 2.210961231769999896e-02 1.429857332909999917e-02
1.549519239367023374e+03 1.633374213830000008e+04 6.950180977579999836e-04 6.658742066130000394e-04 -1.548799979019999974e-02 1.506699270729999936e-02
1.566996829004978053e+03 1.635207719949999955e+04 9.631488355810000502e-04 1.274791033930000031e-03 -2.139956759399999978e-02 2.904677344180000079e-02
1.584476443894874137e+03 1.637041438770000059e+04 -6.992782582530000486e-04 7.499307871760000266e-05 1.582885209119999984e-02 1.685597554220000021e-03
