-1.588525302843889676e+03 6.714366579450000245e+03 3.556547453630000064e-04 4.084976039369999810e-04 -5.600186297149999971e-03 6.471194557959999809e-03
-1.571755234074866621e+03 6.731603577240000050e+03 7.899952470320000409e-05 4.084976039369999810e-04 -1.246649144270000091e-03 6.471194557959999809e-03
-1.554983281152879272e+03 6.748842511630000445e+03 2.214516571259999948e-04 4.084976039369999810e-04 -3.490689501199999850e-03 6.471194557959999809e-03
-1.538209439466036429e+03 6.766083387380000204e+03 5.883811973039999779e-04 4.084976039369999810e-04 -9.247824893899999135e-03 6.471194557959999809e-03
-1.521433710842679147e+03 6.783326202600000215e+03 5.515175871550000337e-04 4.084976039369999810e-04 -8.670929130040000432e-03 6.471194557959999809e-03
-1.504656094964389013e+03 6.800570957629999612e+03 -3.741896944119999798e-05 4.084976039369999810e-04 5.910315386670000025e-04 6.471194557959999809e-03
-1.487876593660571871e+03 6.817817650580000191e+03 -3.498103469610000103e-04 4.084976039369999810e-04 5.538923377730000340e-03 6.471194557959999809e-03
-1.471095202317117582e+03 6.835066286190000028e+03 -1.863643592509999877e-05 4.084976039369999810e-04 2.943183016389999749e-04 6.471194557959999809e-03
-1.454311922763046368e+03 6.852316862579999906e+03 2.051971387120000168e-05 4.084976039369999810e-04 -3.239600453769999906e-04 6.471194557959999809e-03
-1.437526756828274074e+03 6.869569377879999593e+03 -1.625634176889999868e-04 4.084976039369999810e-04 2.570226035670000048e-03 6.471194557959999809e-03
-1.420739699897025048e+03 6.886823836819999997e+03 -4.457663453649999863e-05 4.084976039369999810e-04 7.041264627019999927e-04 6.471194557959999809e-03
-1.403950753798829737e+03 6.904080237539999871e+03 -3.068555088250000127e-04 4.084976039369999810e-04 4.857118585129999687e-03 6.471194557959999809e-03
-1.387159918214767913e+03 6.921338580339999680e+03 -8.278799941759999942e-04 4.084976039369999810e-04 1.315867388509999944e-02 6.471194557959999809e-03
-1.370367194975435723e+03 6.938598863359999996e+03 -5.285580409690000467e-04 4.084976039369999810e-04 8.381115943380000599e-03 6.471194557959999809e-03
-1.353572579462835847e+03 6.955861091339999803e+03 1.797957083910000026e-04 4.084976039369999810e-04 -2.835006515389999933e-03 6.471194557959999809e-03
-1.336776073507178808e+03 6.973125262399999883e+03 3.602368815339999832e-04 4.084976039369999810e-04 -5.672132973759999586e-03 6.471194557959999809e-03
-1.319977678939570751e+03 6.990391374660000110e+03 4.601196997100000138e-05 4.084976039369999810e-04 -7.262792025150000257e-04 6.471194557959999809e-03
-1.303177391140347481e+03 7.007659432860000379e+03 -4.531074955589999877e-04 4.084976039369999810e-04 7.180422878850000259e-03 6.471194557959999809e-03
-1.286375211940229292e+03 7.024929435119999653e+03 -8.420762023889999609e-04 4.084976039369999810e-04 1.338583130379999986e-02 6.471194557959999809e-03
-1.269571141019793231e+03 7.042201381779999792e+03 -9.420309215779999528e-04 4.084976039369999810e-04 1.498669653570000072e-02 6.471194557959999809e-03
-1.252765180210827111e+03 7.059475270939999973e+03 -5.251968977969999558e-04 4.084976039369999810e-04 8.327597217890000264e-03 6.471194557959999809e-03
-1.235957324891441203e+03 7.076751107359999878e+03 3.857043047899999934e-04 4.084976039369999810e-04 -6.071916886910000422e-03 6.471194557959999809e-03
-1.219147576893036785e+03 7.094028889160000290e+03 8.605063194410000503e-04 4.084976039369999810e-04 -1.349617220090000048e-02 6.471194557959999809e-03
-1.202335938047912350e+03 7.111308614460000172e+03 7.504296954720000249e-04 4.084976039369999810e-04 -1.177985748040000051e-02 6.471194557959999809e-03
-1.185522403732509019e+03 7.128590287990000434e+03 4.259601410010000139e-04 4.084976039369999810e-04 -6.703521354740000007e-03 6.471194557959999809e-03
-1.168706975778738979e+03 7.145873907899999722e+03 -2.960861893370000009e-04 4.084976039369999810e-04 4.686254385279999685e-03 6.471194557959999809e-03
-1.151889653866675189e+03 7.163159474490000321e+03 -5.051410989839999997e-04 4.084976039369999810e-04 8.008312773769999532e-03 6.471194557959999809e-03
-1.135070439829297356e+03 7.180446985890000178e+03 1.186235458590000015e-04 4.084976039369999810e-04 -1.871349818010000030e-03 6.471194557959999809e-03
-1.118249329040819475e+03 7.197736446859999887e+03 3.064174670729999774e-04 4.084976039369999810e-04 -4.826757488270000049e-03 6.471194557959999809e-03
-1.101426323333834489e+03 7.215027855500000442e+03 -3.597559771149999824e-05 4.084976039369999810e-04 5.682270455209999802e-04 6.471194557959999809e-03
-1.084601424541833467e+03 7.232321209939999790e+03 1.463177759430000135e-04 4.084976039369999810e-04 -2.307737330759999927e-03 6.471194557959999809e-03
-1.067774628037358752e+03 7.249616514919999645e+03 6.112969713289999763e-04 4.084976039369999810e-04 -9.606276814670000261e-03 6.471194557959999809e-03
-1.050945935653514653e+03 7.266913768579999669e+03 3.909941588060000112e-04 4.084976039369999810e-04 -6.154936204440000259e-03 6.471194557959999809e-03
-1.034115347069869358e+03 7.284212971230000221e+03 -4.253968290870000131e-05 4.084976039369999810e-04 6.719402390849999471e-04 6.471194557959999809e-03
-1.017282864120595832e+03 7.301514120990000265e+03 -1.648574398130000086e-04 4.084976039369999810e-04 2.606543224369999804e-03 6.471194557959999809e-03
-1.000448482176006110e+03 7.318817222620000393e+03 1.494638127040000058e-04 4.084976039369999810e-04 -2.357298471359999936e-03 6.471194557959999809e-03
-9.836122030698861636e+02 7.336122274229999675e+03 8.188632782549999569e-04 4.084976039369999810e-04 -1.284722026059999939e-02 6.471194557959999809e-03
-9.667740286369212299e+02 7.353429273939999803e+03 9.068381041289999989e-04 4.084976039369999810e-04 -1.421769744279999942e-02 6.471194557959999809e-03
-9.499339542457489642e+02 7.370738226509999549e+03 4.789865051860000048e-04 4.084976039369999810e-04 -7.534883999590000214e-03 6.471194557959999809e-03
-9.330919817306671575e+02 7.388049130049999803e+03 1.942391390909999971e-04 4.084976039369999810e-04 -3.062401171679999829e-03 6.471194557959999809e-03
-9.162481107707378669e+02 7.405361984899999698e+03 2.831269011950000126e-05 4.084976039369999810e-04 -4.469660882089999759e-04 6.471194557959999809e-03
-8.994023432013290176e+02 7.422676789160000226e+03 -9.899954602589999635e-05 4.084976039369999810e-04 1.564456080440000023e-03 6.471194557959999809e-03
-8.825546743888453420e+02 7.439993547609999951e+03 -3.231145383320000136e-04 4.084976039369999810e-04 5.115136918230000010e-03 6.471194557959999809e-03
-8.657051061682667523e+02 7.457312258339999971e+03 -3.716289065779999944e-04 4.084976039369999810e-04 5.885418669899999955e-03 6.471194557959999809e-03
-8.488536403754732191e+02 7.474632919489999949e+03 1.179352184410000041e-04 4.084976039369999810e-04 -1.860501180269999964e-03 6.471194557959999809e-03
-8.320002723751935036e+02 7.491955535799999780e+03 2.235484425909999907e-04 4.084976039369999810e-04 -3.523682466120000006e-03 6.471194557959999809e-03
-8.151450040029196771e+02 7.509280105400000139e+03 -3.460535663180000108e-04 4.084976039369999810e-04 5.479274962689999889e-03 6.471194557959999809e-03
-7.982878349372068669e+02 7.526606628610000371e+03 -5.788983544329999844e-04 4.084976039369999810e-04 9.183016299169999980e-03 6.471194557959999809e-03
-7.814287670146700293e+02 7.543935103550000349e+03 -4.679558041969999961e-04 4.084976039369999810e-04 7.416599653749999729e-03 6.471194557959999809e-03
-7.645677955976985913e+02 7.561265534979999757e+03 -5.601822631430000091e-04 4.084976039369999810e-04 8.884801611529999713e-03 6.471194557959999809e-03
-7.477049225225190412e+02 7.578597921020000285e+03 -5.477021913980000510e-04 4.084976039369999810e-04 8.685998566790000680e-03 6.471194557959999809e-03
-7.308401496262075625e+02 7.595932259770000201e+03 -2.187260106440000104e-04 4.084976039369999810e-04 3.459728229270000142e-03 6.471194557959999809e-03
-7.139734722695782239e+02 7.613268556009999884e+03 -8.302555215780000404e-05 4.084976039369999810e-04 1.311858843599999916e-03 6.471194557959999809e-03
-6.971048922893187409e+02 7.630606807860000117e+03 1.074321044139999994e-04 4.084976039369999810e-04 -1.694948382980000084e-03 6.471194557959999809e-03
-6.802344093634761748e+02 7.647947015630000351e+03 6.524090422319999685e-04 4.084976039369999810e-04 -1.024903604080000009e-02 6.471194557959999809e-03
-6.633620253298105354e+02 7.665289177439999548e+03 8.273365092459999915e-04 4.084976039369999810e-04 -1.297929853550000047e-02 6.471194557959999809e-03
-6.464877355468972837e+02 7.682633298060000016e+03 9.271426824849999864e-05 4.084976039369999810e-04 -1.462915924760000092e-03 6.471194557959999809e-03
-6.296115418521071661e+02 7.699979375599999912e+03 -5.170606891619999954e-04 4.084976039369999810e-04 8.198058058010000704e-03 6.471194557959999809e-03
-6.127334460837132610e+02 7.717327408180000020e+03 -3.232376184310000226e-04 4.084976039369999810e-04 5.117090358950000285e-03 6.471194557959999809e-03
-5.958534435986106246e+02 7.734677400560000024e+03 3.905665653289999901e-05 4.084976039369999810e-04 -6.165263999880000231e-04 6.471194557959999809e-03
-5.789715362346832990e+02 7.752029350859999795e+03 1.067740959119999994e-04 4.084976039369999810e-04 -1.684575770569999957e-03 6.471194557959999809e-03
-5.620877236694692556e+02 7.769383259399999588e+03 3.305726568210000334e-05 4.084976039369999810e-04 -5.218480979179999837e-04 6.471194557959999809e-03
-5.452020077419260815e+02 7.786739124310000079e+03 1.394262799290000134e-04 4.084976039369999810e-04 -2.199163453419999970e-03 6.471194557959999809e-03
-5.283143838067071556e+02 7.804096950340000149e+03 -9.557855082679999649e-05 4.084976039369999810e-04 1.510354412969999987e-03 6.471194557959999809e-03
-5.114248537023802328e+02 7.821456735619999563e+03 -3.553771821320000023e-04 4.084976039369999810e-04 5.627317539150000422e-03 6.471194557959999809e-03
-4.945334192684163668e+02 7.838818478250000226e+03 -1.105256815209999972e-04 4.084976039369999810e-04 1.746758839109999965e-03 6.471194557959999809e-03
-4.776400758577861438e+02 7.856182183009999790e+03 1.201332852360000042e-04 4.084976039369999810e-04 -1.895144209250000005e-03 6.471194557959999809e-03
-4.607448253095708424e+02 7.873547848010000052e+03 2.847555151670000205e-06 4.084976039369999810e-04 -4.496275150580000037e-05 6.471194557959999809e-03
-4.438476673007989461e+02 7.890915473580000253e+03 -1.619419490450000037e-04 4.084976039369999810e-04 2.560387650539999813e-03 6.471194557959999809e-03
-4.269486036716264721e+02 7.908285057819999565e+03 1.047592304530000035e-04 4.084976039369999810e-04 -1.652813477670000064e-03 6.471194557959999809e-03
-4.100476297727793167e+02 7.925656605520000085e+03 1.817693264460000068e-04 4.084976039369999810e-04 -2.866081837090000105e-03 6.471194557959999809e-03
-3.931447474440234373e+02 7.943030114789999971e+03 -1.215877928189999986e-04 4.084976039369999810e-04 1.921753633529999948e-03 6.471194557959999809e-03
-3.762399585260287722e+02 7.960405583740000111e+03 -1.729019277259999886e-04 4.084976039369999810e-04 2.733907774750000096e-03 6.471194557959999809e-03
-3.593332583678366632e+02 7.977783017140000084e+03 -1.321508898399999975e-05 4.084976039369999810e-04 2.086920510320000100e-04 6.471194557959999809e-03
-3.424246488097267047e+02 7.995162413099999867e+03 1.057344852600000033e-04 4.084976039369999810e-04 -1.668187498069999969e-03 6.471194557959999809e-03
-3.255141295282164720e+02 8.012543771960000413e+03 -1.046602992570000033e-04 4.084976039369999810e-04 1.653985052479999907e-03 6.471194557959999809e-03
-3.086017023646615485e+02 8.029927091819999987e+03 -6.139047909530000050e-04 4.084976039369999810e-04 9.741033650060000257e-03 6.471194557959999809e-03
-2.916873626658555168e+02 8.047312377459999880e+03 -9.527086513120000197e-04 4.084976039369999810e-04 1.515786164069999990e-02 6.471194557959999809e-03
-2.747711122727633324e+02 8.064699626999999964e+03 -6.879072752780000192e-04 4.084976039369999810e-04 1.092169032640000030e-02 6.471194557959999809e-03
-2.578529530272550687e+02 8.082088838540000324e+03 -4.149707092439999757e-04 4.084976039369999810e-04 6.574075733039999765e-03 6.471194557959999809e-03
-2.409328802744374229e+02 8.099480016870000327e+03 -8.029772434379999759e-04 4.084976039369999810e-04 1.276032275209999962e-02 6.471194557959999809e-03
-2.240108958557895562e+02 8.116873160090000056e+03 -1.352746388869999943e-03 4.084976039369999810e-04 2.159170940789999910e-02 6.471194557959999809e-03
-2.070869994473170266e+02 8.134268268529999659e+03 -1.365979900579999918e-03 4.084976039369999810e-04 2.180525427439999886e-02 6.471194557959999809e-03
-1.901611928915760927e+02 8.151665340309999920e+03 -1.130869146439999941e-03 4.084976039369999810e-04 1.801812377060000095e-02 6.471194557959999809e-03
-1.732334715314229356e+02 8.169064380200000414e+03 -9.024286991920000200e-04 4.084976039369999810e-04 1.435212455159999914e-02 6.471194557959999809e-03
-1.563038372090225039e+02 8.186465386320000107e+03 -9.160127956420000223e-05 4.084976039369999810e-04 1.447459141979999921e-03 6.471194557959999809e-03
-1.393722917674458870e+02 8.203868356770000901e+03 8.697122102599999733e-04 4.084976039369999810e-04 -1.363957705960000023e-02 6.471194557959999809e-03
-1.224388305478603485e+02 8.221273296339999433e+03 1.518173841760000076e-03 4.084976039369999810e-04 -2.368959943460000050e-02 6.471194557959999809e-03
-1.055034553929453978e+02 8.238680203129999427e+03 2.397442702200000032e-03 4.084976039369999810e-04 -3.715738383799999794e-02 6.471194557959999809e-03
-8.856616597819368053e+01 8.256089077479999105e+03 3.935768269000000305e-03 4.084976039369999810e-04 -6.029231117899999659e-02 6.471194557959999809e-03
-7.162696414736301165e+01 8.273499917499999356e+03 5.886152386670000236e-03 4.084976039369999810e-04 -8.887509839160000202e-02 6.471194557959999809e-03
-5.468584523936722519e+01 8.290912727970000560e+03 7.510470226410000116e-03 4.084976039369999810e-04 -1.120712971650000001e-01 6.471194557959999809e-03
-3.774281109757227171e+01 8.308327506999999969e+03 8.037428371610000691e-03 4.084976039369999810e-04 -1.194824262050000058e-01 6.471194557959999809e-03
-2.079786356625128718e+01 8.325744252689999485e+03 7.190485484900000293e-03 4.084976039369999810e-04 -1.075440883869999975e-01 6.471194557959999809e-03
-3.850997982626915839e+00 8.343162969839999278e+03 5.478530190889999672e-03 4.084976039369999810e-04 -8.296856975609999407e-02 6.471194557959999809e-03
1.309778380941984111e+01 8.360583656549999432e+03 4.018072970210000150e-03 4.084976039369999810e-04 -6.151513802159999655e-02 6.471194557959999809e-03
3.004848213491035480e+01 8.378006313159999991e+03 3.621798474339999862e-03 4.084976039369999810e-04 -5.561378263160000196e-02 6.471194557959999809e-03
4.700109514888413287e+01 8.395430937760000234e+03 3.289055079219999848e-03 4.084976039369999810e-04 -5.063149696879999662e-02 6.471194557959999809e-03
6.395562751637490351e+01 8.412857535159999316e+03 1.955335261300000186e-03 4.084976039369999810e-04 -3.040828480210000170e-02 6.471194557959999809e-03
8.091207739281465194e+01 8.430286103459999140e+03 4.759251605720000132e-04 4.084976039369999810e-04 -7.486906149869999860e-03 6.471194557959999809e-03
9.787044293272712991e+01 8.447716640759999791e+03 -2.942261635329999924e-04 4.084976039369999810e-04 4.656746487149999829e-03 6.471194557959999809e-03
1.148307288028394595e+02 8.465149151859999620e+03 -3.144280635749999793e-04 4.084976039369999810e-04 4.977280940850000064e-03 6.471194557959999809e-03
1.317929331580681094e+02 8.482583634860000529e+03 -5.166258051760000191e-05 4.084976039369999810e-04 8.161007867830000206e-04 6.471194557959999809e-03
1.487570563239494561e+02 8.500020090089999940e+03 -3.312774351799999931e-04 4.084976039369999810e-04 5.244700939229999907e-03 6.471194557959999809e-03
1.657230964543193465e+02 8.517458515669999542e+03 -6.670384318570000363e-04 4.084976039369999810e-04 1.058860171919999947e-02 6.471194557959999809e-03
1.826910582181641587e+02 8.534898916379999719e+03 -8.198935538529999534e-04 4.084976039369999810e-04 1.303090334090000087e-02 6.471194557959999809e-03
1.996609397697127690e+02 8.552341290329999538e+03 -1.015150221059999986e-03 4.084976039369999810e-04 1.615939345440000133e-02 6.471194557959999809e-03
2.166327392622848151e+02 8.569785635620000903e+03 -4.611387848850000267e-04 4.084976039369999810e-04 7.308161412609999637e-03 6.471194557959999809e-03
2.336064613665622858e+02 8.587231957059999331e+03 3.163511282759999912e-04 4.084976039369999810e-04 -4.982845559679999897e-03 6.471194557959999809e-03
2.505821042362581181e+02 8.604680252739999560e+03 1.793217525120000054e-04 4.084976039369999810e-04 -2.827543766869999864e-03 6.471194557959999809e-03
2.675596681974246849e+02 8.622130522999999812e+03 -8.664527558720000054e-05 4.084976039369999810e-04 1.369092046320000058e-03 6.471194557959999809e-03
2.845391514026932214e+02 8.639582765949999157e+03 3.539092722350000212e-04 4.084976039369999810e-04 -5.572778288159999788e-03 6.471194557959999809e-03
3.015205585250077434e+02 8.657036986369999795e+03 5.835201009180000006e-04 4.084976039369999810e-04 -9.171770384819999747e-03 6.471194557959999809e-03
3.185038877173930700e+02 8.674493182390000584e+03 3.688108699859999761e-04 4.084976039369999810e-04 -5.806744047000000214e-03 6.471194557959999809e-03
3.354891371319637301e+02 8.691951352090000000e+03 2.387543936489999914e-04 4.084976039369999810e-04 -3.762915871329999828e-03 6.471194557959999809e-03
3.524763114433616238e+02 8.709411500280000837e+03 -9.832787327469999514e-06 4.084976039369999810e-04 1.552747584829999904e-04 6.471194557959999809e-03
3.694654088040950910e+02 8.726873625070000344e+03 -2.110412751790000031e-04 4.084976039369999810e-04 3.337970785180000011e-03 6.471194557959999809e-03
3.864564295407337227e+02 8.744337726789999579e+03 -7.594213820989999882e-05 4.084976039369999810e-04 1.199869026269999956e-03 6.471194557959999809e-03
4.034493718047028210e+02 8.761803803529999641e+03 2.495744265619999889e-04 4.084976039369999810e-04 -3.933111307290000289e-03 6.471194557959999809e-03
4.204442402729093828e+02 8.779271860110000489e+03 6.615999154749999719e-04 4.084976039369999810e-04 -1.039267259749999950e-02 6.471194557959999809e-03
4.374410330971731469e+02 8.796741894619999584e+03 6.532173138109999624e-04 4.084976039369999810e-04 -1.026166867630000021e-02 6.471194557959999809e-03
4.544397484284024813e+02 8.814213905169999634e+03 4.475054447540000187e-04 4.084976039369999810e-04 -7.041398213029999818e-03 6.471194557959999809e-03
4.714403909452042285e+02 8.831687896569999793e+03 6.480973679569999781e-04 4.084976039369999810e-04 -1.018164533919999927e-02 6.471194557959999809e-03
4.884429587988813068e+02 8.849163866900000357e+03 5.393250030470000478e-04 4.084976039369999810e-04 -8.480048450930000384e-03 6.471194557959999809e-03
5.054474523165211508e+02 8.866641816519999338e+03 -3.653796738940000200e-06 4.084976039369999810e-04 5.769622674010000069e-05 6.471194557959999809e-03
5.224538696483425610e+02 8.884121743519999654e+03 -3.987562959079999822e-04 4.084976039369999810e-04 6.316389707580000179e-03 6.471194557959999809e-03
5.394622154752204324e+02 8.901603652710000461e+03 -3.745972062459999928e-04 4.084976039369999810e-04 5.932566801370000101e-03 6.471194557959999809e-03
5.564724879477683999e+02 8.919087542179999218e+03 4.311501834309999803e-05 4.084976039369999810e-04 -6.805676206909999854e-04 6.471194557959999809e-03
5.734846852156874775e+02 8.936573410049999438e+03 1.445339003110000071e-04 4.084976039369999810e-04 -2.279633926060000045e-03 6.471194557959999809e-03
5.904988119615549067e+02 8.954061261110000487e+03 -4.180325195190000157e-04 4.084976039369999810e-04 6.622742716519999621e-03 6.471194557959999809e-03
6.075148663354668770e+02 8.971551093480000418e+03 -8.448410662820000005e-04 4.084976039369999810e-04 1.343007865299999937e-02 6.471194557959999809e-03
6.245328486650300874e+02 8.989042907470000500e+03 -4.850144032389999997e-04 4.084976039369999810e-04 7.688002115140000169e-03 6.471194557959999809e-03
6.415527570992554729e+02 9.006536701209999592e+03 -1.381058245900000039e-05 4.084976039369999810e-04 2.180970809770000035e-04 6.471194557959999809e-03
6.585745963229909421e+02 9.024032479490000696e+03 -2.213529842270000079e-05 4.084976039369999810e-04 3.495841952200000021e-04 6.471194557959999809e-03
6.755983644856431738e+02 9.041530240419999245e+03 4.181004260320000140e-05 4.084976039369999810e-04 -6.599754636230000535e-04 6.471194557959999809e-03
6.926240597356528497e+02 9.059029982089999976e+03 5.275224684740000393e-04 4.084976039369999810e-04 -8.295239469859999257e-03 6.471194557959999809e-03
7.096516867596765223e+02 9.076531709319999209e+03 5.879958625879999536e-04 4.084976039369999810e-04 -9.241796332799999403e-03 6.471194557959999809e-03
7.266812437065508448e+02 9.094035420210000666e+03 -1.575039204909999913e-04 4.084976039369999810e-04 2.490132640850000172e-03 6.471194557959999809e-03
7.437127309044026333e+02 9.111541115089999948e+03 -3.635352477430000054e-04 4.084976039369999810e-04 5.756871214489999757e-03 6.471194557959999809e-03
7.607461465010338770e+02 9.129048792060000778e+03 -1.350867096329999865e-04 4.084976039369999810e-04 2.135338464799999784e-03 6.471194557959999809e-03
7.777814951852710692e+02 9.146558455950000280e+03 -4.668030014730000085e-04 4.084976039369999810e-04 7.398261209069999754e-03 6.471194557959999809e-03
7.948187751053122838e+02 9.164070104840000567e+03 -5.726435920219999582e-04 4.084976039369999810e-04 9.083345530670000612e-03 6.471194557959999809e-03
8.118579844084412116e+02 9.181583736840000711e+03 -2.087245229630000016e-04 4.084976039369999810e-04 3.301266921880000038e-03 6.471194557959999809e-03
8.288991277851910127e+02 9.199099356759999864e+03 2.001935499720000015e-04 4.084976039369999810e-04 -3.156131246069999834e-03 6.471194557959999809e-03
8.459422033832413490e+02 9.216616962699999931e+03 6.660679355259999882e-04 4.084976039369999810e-04 -1.046249213560000030e-02 6.471194557959999809e-03
8.629872115312405185e+02 9.234136554990000150e+03 7.341037271540000464e-04 4.084976039369999810e-04 -1.152505194949999916e-02 6.471194557959999809e-03
8.800341503757806549e+02 9.251658131739999590e+03 1.401070039719999975e-05 4.084976039369999810e-04 -2.212087542160000113e-04 6.471194557959999809e-03
8.970830246096713836e+02 9.269181697770000028e+03 -6.672155577690000146e-04 4.084976039369999810e-04 1.059142836760000074e-02 6.471194557959999809e-03
9.141338323799018326e+02 9.286707251170000745e+03 -2.348637499379999962e-04 4.084976039369999810e-04 3.715463875079999794e-03 6.471194557959999809e-03
9.311865718325453827e+02 9.304234790029999203e+03 3.151639248240000195e-04 4.084976039369999810e-04 -4.964192259539999819e-03 6.471194557959999809e-03
9.482412476621205997e+02 9.321764319190000606e+03 -7.100006769180000523e-05 4.084976039369999810e-04 1.121741590830000043e-03 6.471194557959999809e-03
9.652978580150979724e+02 9.339295836729999792e+03 -2.252604754179999929e-04 4.084976039369999810e-04 3.563272374080000190e-03 6.471194557959999809e-03
9.823564032206475076e+02 9.356829342999999426e+03 -1.974817714650000115e-04 4.084976039369999810e-04 3.123169284230000071e-03 6.471194557959999809e-03
9.994168814241508016e+02 9.374364836090000608e+03 -6.188736297189999626e-04 4.084976039369999810e-04 9.820264275779999955e-03 6.471194557959999809e-03
1.016479297322405955e+03 9.391902320819999659e+03 -6.260356167330000023e-04 4.084976039369999810e-04 9.934476796290000328e-03 6.471194557959999809e-03
1.033543649061191672e+03 9.409441795290000300e+03 -1.800752943379999905e-04 4.084976039369999810e-04 2.847493959490000025e-03 6.471194557959999809e-03
1.050609934785370569e+03 9.426983257600000798e+03 2.216303109889999911e-04 4.084976039369999810e-04 -3.493500666049999953e-03 6.471194557959999809e-03
1.067678159193451620e+03 9.444526712560000306e+03 3.342409618200000267e-04 4.084976039369999810e-04 -5.263887896429999755e-03 6.471194557959999809e-03
1.084748320430694321e+03 9.462072158290000516e+03 1.854288275350000122e-04 4.084976039369999810e-04 -2.923699434549999806e-03 6.471194557959999809e-03
1.101820418826792320e+03 9.479619595109999864e+03 1.655459345779999923e-04 4.084976039369999810e-04 -2.610610072259999821e-03 6.471194557959999809e-03
1.118894452525915312e+03 9.497169021109999449e+03 1.594110945009999977e-04 4.084976039369999810e-04 -2.513986975339999909e-03 6.471194557959999809e-03
1.135970426228855104e+03 9.514720441139999821e+03 2.202745235989999988e-04 4.084976039369999810e-04 -3.472166802439999918e-03 6.471194557959999809e-03
1.153048338080179292e+03 9.532273853279999457e+03 5.733295110989999541e-04 4.084976039369999810e-04 -9.012314263350000229e-03 6.471194557959999809e-03
1.170128186223537568e+03 9.549829255619999458e+03 9.109047241510000474e-04 4.084976039369999810e-04 -1.428100210280000039e-02 6.471194557959999809e-03
1.187209975361435681e+03 9.567386652999999569e+03 6.789931794630000390e-04 4.084976039369999810e-04 -1.066444108200000074e-02 6.471194557959999809e-03
1.204293703637920999e+03 9.584946043510000891e+03 -1.660065026950000022e-05 4.084976039369999810e-04 2.621636811670000197e-04 6.471194557959999809e-03
1.221379371383211492e+03 9.602507427489999827e+03 -1.504143874629999985e-04 4.084976039369999810e-04 2.377913946310000141e-03 6.471194557959999809e-03
1.238466976740263817e+03 9.620070803029999297e+03 2.815501648000000214e-04 4.084976039369999810e-04 -4.435909566110000056e-03 6.471194557959999809e-03
1.255556524413869056e+03 9.637636174970000866e+03 3.145216614939999903e-04 4.084976039369999810e-04 -4.954100894970000363e-03 6.471194557959999809e-03
1.272648012547381995e+03 9.655203541400000177e+03 -8.322582289110000452e-05 4.084976039369999810e-04 1.315025335689999934e-03 6.471194557959999809e-03
1.289741441471320741e+03 9.672772902650000105e+03 -2.691042027440000185e-04 4.084976039369999810e-04 4.258290913899999593e-03 6.471194557959999809e-03
1.306836809327948231e+03 9.690344256820000737e+03 9.396456880490000108e-05 4.084976039369999810e-04 -1.482629496010000065e-03 6.471194557959999809e-03
1.323934120824342926e+03 9.707917608749999999e+03 4.654535732699999965e-04 4.084976039369999810e-04 -7.322776465239999762e-03 6.471194557959999809e-03
1.341033374103166580e+03 9.725492956520000007e+03 2.305657690160000078e-04 4.084976039369999810e-04 -3.634092333249999869e-03 6.471194557959999809e-03
1.358134567306162353e+03 9.743070298239999829e+03 2.586650225570000141e-05 4.084976039369999810e-04 -4.083565528120000252e-04 6.471194557959999809e-03
1.375237705142125151e+03 9.760649638729999424e+03 3.135115257459999993e-04 4.084976039369999810e-04 -4.938229242409999768e-03 6.471194557959999809e-03
1.392342785753196495e+03 9.778230976090000695e+03 3.950265527240000144e-04 4.084976039369999810e-04 -6.218216231239999739e-03 6.471194557959999809e-03
1.409449809470420178e+03 9.795814310649999243e+03 1.090052392099999975e-04 4.084976039369999810e-04 -1.719746285310000096e-03 6.471194557959999809e-03
1.426558774434844736e+03 9.813399640519999593e+03 1.619626709730000126e-04 4.084976039369999810e-04 -2.554175174969999969e-03 6.471194557959999809e-03
1.443669685357556091e+03 9.830986970519999886e+03 3.278257790950000073e-04 4.084976039369999810e-04 -5.163116950589999657e-03 6.471194557959999809e-03
1.460782540380001592e+03 9.848576298750000205e+03 1.024410157700000017e-04 4.084976039369999810e-04 -1.616267946410000073e-03 6.471194557959999809e-03
1.477897337642709772e+03 9.866167623299999832e+03 -4.427561361810000170e-05 4.084976039369999810e-04 6.993699140730000492e-04 6.471194557959999809e-03
1.495014081858484587e+03 9.883760949010000331e+03 3.594689042069999996e-05 4.084976039369999810e-04 -5.674513072990000065e-04 6.471194557959999809e-03
1.512132771168253385e+03 9.901356273979999969e+03 -1.703104790070000135e-04 4.084976039369999810e-04 2.692876828769999974e-03 6.471194557959999809e-03
1.529253405903587009e+03 9.918953598530000818e+03 -5.738015752290000432e-04 4.084976039369999810e-04 9.101797452850000567e-03 6.471194557959999809e-03
