0	0	0
1	0.00205089	0.00205089
2	-0.00467782	-0.00467782
3	-0.0013152	-0.0013152
4	-0.00106769	-0.00106769
5	0.00444569	0.00444569
6	-0.00444881	-0.00444881
7	-0.005729	-0.005729
8	-0.0148813	-0.0148813
9	-0.00987385	-0.00987385
10	-0.0134139	-0.0134139
11	-0.00159274	-0.00159274
12	0.00312627	0.00312627
13	0.0109051	0.0109051
14	0.00994536	0.00994536
15	0.010216	0.010216
16	0.00566454	0.00566454
17	0.0100916	0.0100916
18	0.00135024	0.00135024
19	0.00516117	0.00516117
20	0.0017373	0.0017373
21	0.0034764	0.0034764
22	0.00194384	0.00194384
23	0.000800898	0.000800898
24	0.000468348	0.000468348
25	-0.00384282	-0.00384282
26	-0.00405818	-0.00405818
27	-0.00451493	-0.00451493
28	0.00305487	0.00305487
29	0.00598351	0.00598351
30	0.011102	0.011102
31	0.00995708	0.00995708
32	0.006644	0.006644
33	-0.000854377	-0.000854377
34	-0.00608981	-0.00608981
35	-0.00809522	-0.00809522
36	-0.00229095	-0.00229095
37	-0.00466783	-0.00466783
38	-0.00285026	-0.00285026
39	0.00104638	0.00104638
40	-0.0034646	-0.0034646
41	-0.0033357	-0.0033357
42	-0.0056908	-0.0056908
43	0.00464563	0.00464563
44	0.00441497	0.00441497
45	0.000638411	0.000638411
46	-0.00237796	-0.00237796
47	-0.00124905	-0.00124905
48	0.00485301	0.00485301
49	0.00793344	0.00793344
50	0.00469448	0.00469448
51	0.00776279	0.00776279
52	0.00183608	0.00183608
53	0.00386663	0.00386663
54	-0.00203365	-0.00203365
55	-0.00403641	-0.00403641
56	-0.00337375	-0.00337375
57	-0.010689	-0.010689
58	-0.00531269	-0.00531269
59	-0.00716155	-0.00716155
60	-0.00518082	-0.00518082
61	-0.00997589	-0.00997589
62	-0.0156433	-0.0156433
63	-0.00774488	-0.00774488
64	0.00262083	0.00262083
65	0.0074395	0.0074395
66	0.00802029	0.00802029
67	0.00573365	0.00573365
68	0.00931574	0.00931574
69	0.0019748	0.0019748
70	-0.00032628	-0.00032628
71	-0.00785356	-0.00785356
72	-0.00746246	-0.00746246
73	-0.00830055	-0.00830055
74	-0.0037679	-0.0037679
75	-0.0101337	-0.0101337
76	-0.0108571	-0.0108571
77	-0.01116	-0.01116
78	-0.0110813	-0.0110813
79	-0.0123863	-0.0123863
80	-0.00758548	-0.00758548
81	0.00116558	0.00116558
82	-0.00310006	-0.00310006
83	-0.00300565	-0.00300565
84	-0.0100982	-0.0100982
85	-0.00227129	-0.00227129
86	-0.00443297	-0.00443297
87	0.00361037	0.00361037
88	0.00631008	0.00631008
89	-0.00158198	-0.00158198
90	-0.00420076	-0.00420076
91	-0.0141988	-0.0141988
92	-0.00506159	-0.0050616
93	-0.00905987	-0.00905993
94	-0.00685107	-0.00685141
95	-0.0085038	-0.00850552
96	-0.001304	-0.0013118
97	0.00701292	0.00698115
98	-0.00555766	-0.00567363
99	-0.00566804	-0.00604687
100	-0.0092914	-0.0103968
101	0.00286685	-7.42556e-06
102	0.00803984	0.00140256
103	0.0154164	0.00186873
104	0.0285609	0.00427838
105	0.0342315	-0.00366424
106	0.0518809	0.000803989
107	0.057433	-0.00217613
108	0.0655204	0.00250902
109	0.0661637	-0.00300315
110	0.0959717	0.00443541
111	0.135398	-0.000831849
112	0.185819	-0.00436868
113	0.226714	0.000278063
114	0.230697	0.0059861
115	0.188528	0.00194087
116	0.121652	-0.00942749
117	0.0743286	-0.00451126
118	0.0491762	0.00815131
119	0.0298434	0.011223
120	0.00763733	0.000222323
121	-0.00448031	-0.007081
122	-0.0134962	-0.0143015
123	-0.00858942	-0.00880991
124	-0.0132486	-0.013302
125	-0.0131628	-0.0131743
126	-0.0193086	-0.0193107
127	-0.0133963	-0.0133966
128	-0.00896873	-0.00896878
129	-0.00803123	-0.00803123
130	-0.00926101	-0.00926102
131	-0.0127311	-0.0127311
132	-0.0188706	-0.0188706
133	-0.0160816	-0.0160816
134	-0.0102586	-0.0102586
135	-0.00151754	-0.00151754
136	-0.00848127	-0.00848127
137	-0.0129958	-0.0129958
138	-0.0115375	-0.0115375
139	-0.00112909	-0.00112909
140	-0.00643135	-0.00643135
141	-0.00171088	-0.00171088
142	-0.00723801	-0.00723801
143	0.00588054	0.00588054
144	1.79039e-06	1.79039e-06
145	0.00385277	0.00385277
146	-0.00131932	-0.00131932
147	0.0031209	0.0031209
148	-0.00059617	-0.00059617
149	-0.00388315	-0.00388315
150	-0.00595194	-0.00595194
151	-0.00815569	-0.00815569
152	-0.00873126	-0.00873126
153	-0.0133119	-0.0133119
154	-0.00256243	-0.00256243
155	0.00335846	0.00335846
156	0.0130691	0.0130691
157	0.0055858	0.0055858
158	0.00149984	0.00149984
159	-0.00528963	-0.00528963
160	-0.00531773	-0.00531773
161	0.000612897	0.000612897
162	0.000373323	0.000373323
163	0.000272836	0.000272836
164	-0.00770058	-0.00770058
165	-0.000965093	-0.000965093
166	0.000711872	0.000711872
167	0.00422021	0.00422021
168	0.0102204	0.0102204
169	0.00507562	0.00507562
170	0.0115822	0.0115822
171	0.000404456	0.000404456
172	0.0114622	0.0114622
173	0.00958154	0.00958154
174	0.0155474	0.0155474
175	0.0113276	0.0113276
176	0.0150111	0.0150111
177	0.0117269	0.0117269
178	0.0156148	0.0156148
179	0.00499482	0.00499482
180	-0.0021758	-0.0021758
181	-0.00913888	-0.00913888
182	-0.00379943	-0.00379943
183	-0.0036705	-0.0036705
184	-0.00610775	-0.00610775
185	-0.00825485	-0.00825485
186	-0.00336724	-0.00336724
187	0.00690172	0.00690172
188	0.000580142	0.000580142
189	0.00514379	0.00514379
190	-0.00478807	-0.00478807
191	0.000608608	0.000608608
192	-0.00748192	-0.00748192
193	-0.00287583	-0.00287583
194	8.31815e-05	8.31815e-05
195	-0.00650199	-0.00650199
