freq[Hz],vel[km/s],flux[Jy/beam],noise[Jy/beam],tau,tau_noise
1269136666.6 35732.4249036 0.0 nan nan nan
1269058543.11 35753.0798798 0.0 nan nan nan
1268980419.62 35773.7373993 0.0 nan nan nan
1268902296.14 35794.3974624 0.0 nan nan nan
1268824172.65 35815.0600697 0.0 nan nan nan
1268746049.16 35835.7252215 0.0 nan nan nan
1268667925.67 35856.3929185 0.0 nan nan nan
1268589802.19 35877.063161 0.0 nan nan nan
1268511678.7 35897.7359496 0.0 nan nan nan
1268433555.21 35918.4112846 0.0 nan nan nan
1268355431.72 35939.0891666 0.0 nan nan nan
1268277308.24 35959.7695961 0.0 nan nan nan
1268199184.75 35980.4525734 0.0 nan nan nan
1268121061.26 36001.1380991 0.0 nan nan nan
1268042937.77 36021.8261737 0.0 nan nan nan
1267964814.28 36042.5167976 0.0 nan nan nan
1267886690.8 36063.2099713 0.0 nan nan nan
1267808567.31 36083.9056953 0.0 nan nan nan
1267730443.82 36104.60397 0.0 nan nan nan
1267652320.33 36125.3047959 0.0 nan nan nan
1267574196.85 36146.0081734 0.0 nan nan nan
1267496073.36 36166.7141032 0.0 nan nan nan
1267417949.87 36187.4225855 0.0 nan nan nan
1267339826.38 36208.133621 0.0 nan nan nan
1267261702.9 36228.84721 0.0 nan nan nan
1267183579.41 36249.563353 0.0 nan nan nan
1267105455.92 36270.2820506 0.0 nan nan nan
1267027332.43 36291.0033031 0.0 nan nan nan
1266949208.95 36311.7271111 0.0 nan nan nan
1266871085.46 36332.453475 0.0 nan nan nan
1266792961.97 36353.1823954 0.0 nan nan nan
1266714838.48 36373.9138726 0.0 nan nan nan
1266636714.99 36394.6479071 0.0 nan nan nan
1266558591.51 36415.3844995 0.0 nan nan nan
1266480468.02 36436.1236501 0.0 nan nan nan
1266402344.53 36456.8653596 0.0 nan nan nan
1266324221.04 36477.6096283 0.0 nan nan nan
1266246097.56 36498.3564566 0.0 nan nan nan
1266167974.07 36519.1058452 0.0 nan nan nan
1266089850.58 36539.8577945 0.0 nan nan nan
1266011727.09 36560.6123048 0.0 nan nan nan
1265933603.61 36581.3693768 0.0 nan nan nan
1265855480.12 36602.1290109 0.0 nan nan nan
1265777356.63 36622.8912075 0.0 nan nan nan
1265699233.14 36643.6559672 0.0 nan nan nan
1265621109.65 36664.4232904 0.0 nan nan nan
1265542986.17 36685.1931775 0.0 nan nan nan
1265464862.68 36705.9656292 0.0 nan nan nan
1265386739.19 36726.7406457 0.0 nan nan nan
1265308615.7 36747.5182277 -0.00108382396866 nan -inf nan
1265230492.22 36768.2983755 -0.0027367612347 nan -inf nan
1265152368.73 36789.0810897 -0.00260215578601 nan -inf nan
1265074245.24 36809.8663708 -0.00113057310227 nan -inf nan
1264996121.75 36830.6542191 -0.000266095303232 nan -inf nan
1264917998.27 36851.4446352 -0.000442712131189 nan -inf nan
1264839874.78 36872.2376196 -0.000476387387607 nan -inf nan
1264761751.29 36893.0331728 0.000540282519069 nan nan nan
1264683627.8 36913.8312951 0.000691204622854 nan nan nan
1264605504.31 36934.6319872 9.83560457826e-05 nan nan nan
1264527380.83 36955.4352494 0.00122282654047 nan nan nan
1264449257.34 36976.2410822 0.00118022458628 nan nan nan
1264371133.85 36997.0494862 -0.000966352585237 nan -inf nan
1264293010.36 37017.8604617 -0.00128119089641 nan -inf nan
1264214886.88 37038.6740094 4.44998659077e-06 nan nan nan
1264136763.39 37059.4901295 0.00073373230407 nan nan nan
1264058639.9 37080.3088227 0.00116369698662 nan nan nan
1263980516.41 37101.1300895 0.00141794874799 nan nan nan
1263902392.93 37121.9539301 0.00207690987736 nan nan nan
1263824269.44 37142.7803453 0.00304137682542 nan nan nan
1263746145.95 37163.6093354 0.00257245800458 nan nan nan
1263668022.46 37184.4409009 0.001157157938 nan nan nan
1263589898.97 37205.2750423 -0.000101940444438 nan -inf nan
1263511775.49 37226.11176 -0.000485891476274 nan -inf nan
1263433652.0 37246.9510546 0.000233532991842 nan nan nan
1263355528.51 37267.7929265 0.000450366962468 nan nan nan
1263277405.02 37288.6373763 -0.000647614302579 nan -inf nan
1263199281.54 37309.4844043 -0.0012680280488 nan -inf nan
1263121158.05 37330.334011 -0.00107210467104 nan -inf nan
1263043034.56 37351.186197 -0.00178797566332 nan -inf nan
1262964911.07 37372.0409628 -0.0018893078668 nan -inf nan
1262886787.59 37392.8983087 -0.000167459540535 nan -inf nan
1262808664.1 37413.7582353 0.000828413234558 nan nan nan
1262730540.61 37434.620743 0.000371469010133 nan nan nan
1262652417.12 37455.4858324 -0.00017809541896 nan -inf nan
1262574293.64 37476.3535039 -0.000279503758065 nan -inf nan
1262496170.15 37497.2237579 4.89426856802e-05 nan nan nan
1262418046.66 37518.0965951 0.000367270142306 nan nan nan
1262339923.17 37538.9720158 0.000659593264572 nan nan nan
1262261799.68 37559.8500205 0.000708335428499 nan nan nan
1262183676.2 37580.7306097 0.00060990115162 nan nan nan
1262105552.71 37601.613784 0.000354473566404 nan nan nan
1262027429.22 37622.4995436 -0.000693111214787 nan -inf nan
1261949305.73 37643.3878893 -0.00139163096901 nan -inf nan
1261871182.25 37664.2788214 -0.00113452342339 nan -inf nan
1261793058.76 37685.1723403 -0.000359713303624 nan -inf nan
1261714935.27 37706.0684467 0.000781824695878 nan nan nan
1261636811.78 37726.9671409 0.000658428296447 nan nan nan
1261558688.3 37747.8684235 -0.0013746592449 nan -inf nan
1261480564.81 37768.772295 -0.00222785188816 nan -inf nan
1261402441.32 37789.6787557 -0.00102894403972 nan -inf nan
1261324317.83 37810.5878062 -0.000418061274104 nan -inf nan
1261246194.34 37831.499447 -0.000734418747015 nan -inf nan
1261168070.86 37852.4136786 -0.00104238814674 nan -inf nan
1261089947.37 37873.3305014 -0.000751384417526 nan -inf nan
1261011823.88 37894.2499159 -0.000140038260724 nan -inf nan
1260933700.39 37915.1719227 -0.0002169564832 nan -inf nan
1260855576.91 37936.0965221 -0.0009160337504 nan -inf nan
1260777453.42 37957.0237147 -0.000761055503972 nan -inf nan
1260699329.93 37977.9535009 -0.000258131884038 nan -inf nan
1260621206.44 37998.8858812 -0.00112930801697 nan -inf nan
1260543082.96 38019.8208562 -0.000809709308669 nan -inf nan
1260464959.47 38040.7584263 0.00105427147355 nan nan nan
1260386835.98 38061.6985919 0.00200231652707 nan nan nan
1260308712.49 38082.6413536 0.00166789651848 nan nan nan
1260230589.0 38103.5867119 -4.5508495532e-06 nan -inf nan
1260152465.52 38124.5346672 -0.00131788430735 nan -inf nan
1260074342.03 38145.4852199 -0.00122025702149 nan -inf nan
1259996218.54 38166.4383707 -0.000813575461507 nan -inf nan
1259918095.05 38187.39412 -0.000663264188915 nan -inf nan
1259839971.57 38208.3524682 -0.000506981334183 nan -inf nan
1259761848.08 38229.3134158 -0.000625706277788 nan -inf nan
1259683724.59 38250.2769634 -0.000768059049733 nan -inf nan
1259605601.1 38271.2431114 0.000462426483864 nan nan nan
1259527477.62 38292.2118603 0.001522900071 nan nan nan
1259449354.13 38313.1832105 0.000639056845102 nan nan nan
1259371230.64 38334.1571627 8.08085897006e-05 nan nan nan
1259293107.15 38355.1337171 0.000721292686649 nan nan nan
1259214983.66 38376.1128744 0.00135472230613 nan nan nan
1259136860.18 38397.094635 0.000891843461432 nan nan nan
1259058736.69 38418.0789994 -0.00038389369729 nan -inf nan
1258980613.2 38439.0659681 -0.000755288638175 nan -inf nan
1258902489.71 38460.0555416 -0.000618176476564 nan -inf nan
1258824366.23 38481.0477203 2.0047853468e-05 nan nan nan
1258746242.74 38502.0425048 0.00138895236887 nan nan nan
1258668119.25 38523.0398955 0.00253950641491 nan nan nan
1258589995.76 38544.0398929 0.0027799422387 nan nan nan
1258511872.28 38565.0424975 0.000995710957795 nan nan nan
1258433748.79 38586.0477097 -0.000911858398467 nan -inf nan
1258355625.3 38607.0555302 8.0775731476e-05 nan nan nan
1258277501.81 38628.0659593 0.00132973480504 nan nan nan
1258199378.33 38649.0789975 0.00117645738646 nan nan nan
1258121254.84 38670.0946453 0.001356190769 nan nan nan
1258043131.35 38691.1129033 -5.8026635088e-05 nan -inf nan
1257965007.86 38712.1337718 -0.00176554790232 nan -inf nan
1257886884.37 38733.1572515 -0.00146052404307 nan -inf nan
1257808760.89 38754.1833427 -0.000706996303052 nan -inf nan
1257730637.4 38775.212046 0.00146238331217 nan nan nan
1257652513.91 38796.2433618 0.00183068378828 nan nan nan
1257574390.42 38817.2772906 -0.00066561345011 nan -inf nan
1257496266.94 38838.313833 -0.00101024913602 nan -inf nan
1257418143.45 38859.3529893 -0.000247623334872 nan -inf nan
1257340019.96 38880.3947602 -0.000779801514 nan -inf nan
1257261896.47 38901.439146 -0.000681861536577 nan -inf nan
1257183772.99 38922.4861473 0.000520177301951 nan nan nan
1257105649.5 38943.5357646 0.000292187847663 nan nan nan
1257027526.01 38964.5879983 -0.000862107553985 nan -inf nan
1256949402.52 38985.6428489 -0.00119807268493 nan -inf nan
1256871279.03 39006.7003169 -0.00112461962271 nan -inf nan
1256793155.55 39027.7604029 -0.000220866582822 nan -inf nan
1256715032.06 39048.8231072 0.000239181157667 nan nan nan
1256636908.57 39069.8884304 -0.000819220324047 nan -inf nan
1256558785.08 39090.956373 -0.000301474705338 nan -inf nan
1256480661.6 39112.0269355 0.00198678206652 nan nan nan
1256402538.11 39133.1001183 0.00278313271701 nan nan nan
1256324414.62 39154.1759219 0.00179622496944 nan nan nan
1256246291.13 39175.2543468 0.000970209715888 nan nan nan
1256168167.65 39196.3353936 0.000113317917567 nan nan nan
1256090044.16 39217.4190627 -0.000489725149237 nan -inf nan
1256011920.67 39238.5053546 0.000438019487774 nan nan nan
1255933797.18 39259.5942697 0.00115389493294 nan nan nan
1255855673.69 39280.6858087 0.00046112659038 nan nan nan
1255777550.21 39301.7799718 -3.65772284567e-05 nan -inf nan
1255699426.72 39322.8767598 0.000432569591794 nan nan nan
1255621303.23 39343.976173 0.000414913985878 nan nan nan
1255543179.74 39365.0782119 -0.00119312480092 nan -inf nan
1255465056.26 39386.182877 -0.00269540422596 nan -inf nan
1255386932.77 39407.2901689 -0.0026123970747 nan -inf nan
1255308809.28 39428.4000879 -0.00162238266785 nan -inf nan
1255230685.79 39449.5126347 -0.00130473938771 nan -inf nan
1255152562.31 39470.6278096 -0.00174567138311 nan -inf nan
1255074438.82 39491.7456132 -0.000909427239094 nan -inf nan
1254996315.33 39512.8660459 0.00053100718651 nan nan nan
1254918191.84 39533.9891084 0.00129000819288 nan nan nan
1254840068.35 39555.1148009 0.000688032829203 nan nan nan
1254761944.87 39576.2431241 -0.00011111565982 nan -inf nan
1254683821.38 39597.3740785 -0.000481030467199 nan -inf nan
1254605697.89 39618.5076644 -0.00137306097895 nan -inf nan
1254527574.4 39639.6438825 -1.40576739796e-05 nan -inf nan
1254449450.92 39660.7827332 0.00192783796228 nan nan nan
1254371327.43 39681.924217 0.0013138987124 nan nan nan
1254293203.94 39703.0683343 0.000350152666215 nan nan nan
1254215080.45 39724.2150858 4.7726687626e-05 nan nan nan
1254136956.97 39745.3644718 -0.000377713353373 nan -inf nan
1254058833.48 39766.5164929 -0.000905553228222 nan -inf nan
1253980709.99 39787.6711495 -0.000607702531852 nan -inf nan
1253902586.5 39808.8284422 -0.000120409880765 nan -inf nan
1253824463.02 39829.9883715 -0.000576019869186 nan -inf nan
1253746339.53 39851.1509378 -0.000157731526997 nan -inf nan
1253668216.04 39872.3161416 0.000692202011123 nan nan nan
1253590092.55 39893.4839834 -0.000367450498743 nan -inf nan
1253511969.06 39914.6544637 -0.000560270564165 nan -inf nan
1253433845.58 39935.8275831 0.000735554145649 nan nan nan
1253355722.09 39957.003342 0.000431400461821 nan nan nan
1253277598.6 39978.1817408 8.89324292075e-06 nan nan nan
1253199475.11 39999.3627801 0.00100873142947 nan nan nan
1253121351.63 40020.5464605 0.00126992899459 nan nan nan
1253043228.14 40041.7327823 -0.000211822596611 nan -inf nan
1252965104.65 40062.9217461 -0.00198681489564 nan -inf nan
1252886981.16 40084.1133523 -0.00206265575252 nan -inf nan
1252808857.68 40105.3076015 1.74646265805e-06 nan nan nan
1252730734.19 40126.5044942 0.00192787335254 nan nan nan
1252652610.7 40147.7040308 0.002333950717 nan nan nan
1252574487.21 40168.9062118 0.00264011370018 nan nan nan
1252496363.72 40190.1110378 0.00298836850561 nan nan nan
1252418240.24 40211.3185092 0.0024359007366 nan nan nan
1252340116.75 40232.5286266 0.00111307413317 nan nan nan
1252261993.26 40253.7413904 -0.000856771774124 nan -inf nan
1252183869.77 40274.9568011 -0.0021127902437 nan -inf nan
1252105746.29 40296.1748592 -0.00129186408594 nan -inf nan
1252027622.8 40317.3955652 0.0007206563605 nan nan nan
