8.030026900000000296e+02 -1.183832368804600037e-03
8.030080600000000004e+02 7.461385118399099618e-03
8.030134299999999712e+02 -2.110382368896799882e-03
8.030188000000000557e+02 -4.401915221285399894e-03
8.030241700000000264e+02 -3.429077614346799988e-03
8.030295399999999972e+02 1.227268140908000004e-03
8.030348500000000058e+02 -1.912159065556699906e-03
8.030402199999999766e+02 2.641484989921700100e-03
8.030455899999999474e+02 -7.180035156305399589e-03
8.030509600000000319e+02 7.710454508368099619e-03
8.030563399999999774e+02 -6.688903227479999576e-05
8.030617099999999482e+02 -1.335672140687199942e-03
8.030670800000000327e+02 3.810723247109799872e-03
8.030724500000000035e+02 4.703238917183999966e-04
8.030778199999999742e+02 -2.593665352222500071e-03
8.030831299999999828e+02 4.761965541250000143e-05
8.030884999999999536e+02 -2.722275475319699961e-03
8.030938700000000381e+02 5.998144626751599796e-03
8.030992400000000089e+02 6.010533221690000076e-05
8.031046099999999797e+02 -1.794722041020099974e-03
8.031099900000000389e+02 -5.780949053698100290e-03
8.031153600000000097e+02 -2.594247273633600200e-03
8.031207299999999805e+02 4.408559388784000265e-04
8.031260999999999513e+02 -4.925395405072000195e-03
8.031314099999999598e+02 -5.240829279111500205e-03
8.031367800000000443e+02 -3.254218916968800064e-03
8.031421500000000151e+02 8.526026739853999814e-04
8.031475199999999859e+02 -6.338084293875399615e-03
8.031528899999999567e+02 -4.052169064981799886e-03
8.031582600000000411e+02 -4.134835144153799907e-03
8.031636399999999867e+02 -1.777016170134900061e-03
8.031690099999999575e+02 -1.029956228743710012e-02
8.031743800000000419e+02 1.038641235167490039e-02
8.031796900000000505e+02 8.098927762972099251e-03
8.031850600000000213e+02 -2.107930363521400095e-03
8.031904299999999921e+02 -6.797613944513200383e-03
8.031957999999999629e+02 9.308088607459000588e-03
8.032011700000000474e+02 3.370562996348699849e-03
8.032065400000000182e+02 -6.361656898477100266e-03
8.032119099999999889e+02 2.825902515103500146e-03
8.032172900000000482e+02 2.927740783223499801e-03
8.032226000000000568e+02 1.688143237117700063e-03
8.032279700000000275e+02 -1.870053221036999894e-03
8.032333399999999983e+02 8.186318813095999538e-04
8.032387099999999691e+02 9.763159327530000070e-04
8.032440800000000536e+02 -2.827667497828000032e-03
8.032494500000000244e+02 -2.338088760022099828e-03
8.032548199999999952e+02 -5.012511690520000214e-04
8.032601899999999659e+02 -4.318592481918600082e-03
8.032655600000000504e+02 -6.107242466505999985e-04
8.032708699999999453e+02 -1.029587273749190020e-02
8.032762500000000045e+02 -1.714599671110600063e-03
8.032816199999999753e+02 -6.211002982163599771e-03
8.032869899999999461e+02 -5.549323606478699829e-03
8.032923600000000306e+02 -3.394076862832899957e-03
8.032977300000000014e+02 1.340178566082110036e-02
8.033030999999999722e+02 -1.215820675429600106e-03
8.033084700000000566e+02 1.598852533026999924e-03
8.033138400000000274e+02 -2.284165297604399784e-03
8.033191500000000360e+02 -7.596529770874199845e-03
8.033245200000000068e+02 4.826926735454999790e-04
8.033298999999999523e+02 -4.450307039698500264e-03
8.033352700000000368e+02 3.580836508316899858e-03
8.033406400000000076e+02 -4.125887385309500409e-03
8.033460099999999784e+02 -5.665604372669999760e-04
8.033513799999999492e+02 1.283487310488069973e-02
8.033567500000000337e+02 -1.025022886695249949e-02
8.033621200000000044e+02 6.742835026180699944e-03
8.033674300000000130e+02 -5.355802443715400145e-03
8.033727999999999838e+02 7.850478084159799932e-03
8.033781699999999546e+02 -3.117389744598000043e-04
8.033835400000000391e+02 3.167370818811500021e-03
8.033889199999999846e+02 3.721160030104000071e-04
8.033942899999999554e+02 -2.257730591876300034e-03
8.033996600000000399e+02 -9.706811641688099443e-03
8.034050300000000107e+02 -2.203492915338400165e-03
8.034103400000000192e+02 3.343870681036999887e-03
8.034157099999999900e+02 5.953593965435599600e-03
8.034210799999999608e+02 -3.429095106147599884e-03
8.034264500000000453e+02 3.989809509882299987e-03
8.034318200000000161e+02 8.593904866789999668e-04
8.034371899999999869e+02 -1.900614786280900104e-03
8.034425700000000461e+02 3.196537741223299915e-03
8.034479400000000169e+02 -3.657538356332899927e-03
8.034533099999999877e+02 6.450902661608099581e-03
8.034586199999999963e+02 3.838529641914099812e-03
8.034639899999999670e+02 -5.769877909218200374e-03
8.034693600000000515e+02 1.207682942114230058e-02
8.034747300000000223e+02 9.226122243713800672e-03
8.034800999999999931e+02 1.115447127378610057e-02
8.034854699999999639e+02 1.338854554655810082e-02
8.034908400000000483e+02 -7.038367672175099669e-03
8.034962199999999939e+02 -4.890328263762499898e-03
8.035015899999999647e+02 -2.808325366544100164e-03
8.035068999999999733e+02 -3.853144605944000133e-04
8.035122699999999440e+02 -7.147677838612000005e-03
8.035176400000000285e+02 -2.952052642441699813e-03
8.035230099999999993e+02 9.089683443122300449e-03
8.035283799999999701e+02 1.167250169949199997e-03
8.035337500000000546e+02 -4.621158341276800433e-03
8.035391200000000254e+02 4.780907882734500118e-03
8.035444899999999961e+02 -8.963391305666500164e-03
8.035498700000000554e+02 -4.160966679929000030e-04
8.035551799999999503e+02 1.355200150794000098e-03
8.035605500000000347e+02 -8.456117203639099481e-03
8.035659200000000055e+02 5.486801098817000073e-03
8.035712899999999763e+02 1.004897137038330071e-02
8.035766599999999471e+02 1.506464407221870007e-02
8.035820300000000316e+02 -4.495108850899999866e-05
8.035874000000000024e+02 2.005481574610099883e-03
8.035927699999999732e+02 -6.842404863591000424e-04
8.035980799999999817e+02 4.076243254199299858e-03
8.036034499999999525e+02 2.357269429837700100e-03
8.036088300000000118e+02 3.828484980342199834e-03
8.036141999999999825e+02 -3.210517740845800043e-03
8.036195699999999533e+02 -2.634294289175700011e-03
8.036249400000000378e+02 1.643368352475799935e-03
8.036303100000000086e+02 7.750394473787200304e-03
8.036356799999999794e+02 4.181621356978499661e-03
8.036410499999999502e+02 3.217892745211399941e-03
8.036463599999999587e+02 -4.619867565194999900e-04
8.036517300000000432e+02 -7.529901196839999464e-04
8.036571000000000140e+02 6.975194735958099683e-03
8.036624799999999595e+02 -7.658609358545100110e-03
8.036678500000000440e+02 1.663387404088300043e-03
8.036732200000000148e+02 3.663549818246999989e-03
8.036785899999999856e+02 3.269432456775100016e-03
8.036839599999999564e+02 -1.695526088606100039e-03
8.036893300000000409e+02 -8.897115902703100349e-03
8.036946400000000494e+02 -1.675368406434300057e-03
8.037000100000000202e+02 -3.655884538793200030e-03
8.037053799999999910e+02 1.036832248276200064e-03
8.037107499999999618e+02 -2.912185428577000138e-03
8.037161300000000210e+02 1.225897178424999916e-03
8.037214999999999918e+02 -1.036100746296930025e-02
8.037268699999999626e+02 -6.247017512885299877e-03
8.037322400000000471e+02 -3.485902417174099877e-03
8.037376100000000179e+02 2.435113719985099786e-03
8.037429200000000264e+02 5.247316533815499749e-03
8.037482899999999972e+02 1.902640025894500016e-03
8.037536599999999680e+02 -6.442006581699999922e-04
8.037590300000000525e+02 1.735052350115600089e-03
8.037644000000000233e+02 -1.727617555010500100e-03
8.037697799999999688e+02 -9.040931607859999846e-04
8.037751500000000533e+02 -4.505755432434700204e-03
8.037805200000000241e+02 -8.318492188638100179e-03
8.037858300000000327e+02 -2.194952866370000156e-05
8.037912000000000035e+02 -2.753270516558800011e-03
8.037965699999999742e+02 7.596358381902000145e-04
8.038019399999999450e+02 1.854807699042700011e-03
8.038073100000000295e+02 -6.857441633684600163e-03
8.038126800000000003e+02 1.484643849993999998e-03
8.038180499999999711e+02 1.238738925900549973e-02
8.038234300000000303e+02 2.731447790491399897e-03
8.038288000000000011e+02 -7.303882739859500310e-03
8.038341100000000097e+02 -4.116553396758900266e-03
8.038394799999999805e+02 -2.768002556821999734e-04
8.038448499999999513e+02 -1.403171570037839953e-02
8.038502200000000357e+02 -3.620633266108000165e-04
8.038555900000000065e+02 -5.584646559416799744e-03
8.038609599999999773e+02 3.122609375381999830e-04
8.038663299999999481e+02 1.038911844555590047e-02
8.038717000000000326e+02 -3.932623167908200039e-03
8.038770799999999781e+02 3.454274430577599850e-03
8.038823899999999867e+02 -1.832712234585999998e-04
8.038877599999999575e+02 -4.591638003734299645e-03
8.038931300000000419e+02 4.588192331819500314e-03
8.038985000000000127e+02 6.025664056578899572e-03
8.039038699999999835e+02 1.603703716447599931e-02
8.039092399999999543e+02 2.598060690922999821e-04
8.039146100000000388e+02 8.737540064631000442e-04
8.039199800000000096e+02 3.806090584051399946e-03
8.039253499999999804e+02 1.628915232024599931e-03
8.039306599999999889e+02 -2.345859281037799855e-03
8.039360400000000482e+02 -6.548371059574499727e-03
8.039414100000000190e+02 2.968263921002300097e-03
8.039467799999999897e+02 -4.104959671192599802e-03
8.039521499999999605e+02 -7.072145590004800392e-03
8.039575200000000450e+02 6.474676404229000272e-04
8.039628900000000158e+02 5.077175173936900217e-03
8.039682599999999866e+02 -9.823960916483199732e-03
8.039735699999999952e+02 4.766654032868100112e-03
8.039789399999999659e+02 -4.664179665488900166e-03
8.039843100000000504e+02 -1.492714099506099994e-03
8.039896899999999960e+02 -1.957783619723900068e-03
8.039950599999999667e+02 1.049224907907390057e-02
8.040004300000000512e+02 -5.932485651289400377e-03
8.040058000000000220e+02 -1.770928357804769926e-02
8.040111699999999928e+02 -1.587476881799800054e-03
8.040165399999999636e+02 8.332922816436700783e-03
8.040218499999999722e+02 -1.090561061230940071e-02
8.040272200000000566e+02 -1.284607429451600042e-03
8.040325900000000274e+02 4.735978882088999996e-03
8.040379599999999982e+02 4.753855681875400301e-03
8.040433299999999690e+02 7.090091139767500279e-03
8.040487100000000282e+02 8.143788040814500112e-03
8.040540799999999990e+02 8.124252064097199980e-03
8.040594499999999698e+02 2.553465712348000020e-03
8.040648200000000543e+02 3.184834768117799936e-03
8.040701299999999492e+02 -5.636550407426399630e-03
8.040755000000000337e+02 2.874469708450299883e-03
8.040808700000000044e+02 1.441812194053400083e-03
8.040862399999999752e+02 -3.025308730613900099e-03
8.040916099999999460e+02 3.471941987858600132e-03
8.040969800000000305e+02 3.961609123521899790e-03
8.041023599999999760e+02 3.073796397880800089e-03
8.041077299999999468e+02 -1.821560120528400040e-03
8.041131000000000313e+02 -2.071976333988900017e-03
8.041184100000000399e+02 -1.439395594072540030e-02
8.041237800000000107e+02 8.773783367680000438e-04
8.041291499999999814e+02 2.187390831133300198e-03
8.041345199999999522e+02 1.115655225230700008e-02
8.041398900000000367e+02 1.974161715429599995e-03
8.041452600000000075e+02 -8.633181929342899699e-03
8.041506299999999783e+02 3.003245687419999811e-04
8.041560100000000375e+02 -1.718368380765700068e-03
8.041613200000000461e+02 -8.239533432444800728e-03
8.041666900000000169e+02 -2.602094082545599804e-03
8.041720599999999877e+02 -5.503447692312600330e-03
8.041774299999999585e+02 3.365495548848500100e-03
8.041828000000000429e+02 6.330225926681499853e-03
8.041881700000000137e+02 -6.705816084669499570e-03
8.041935399999999845e+02 -5.623402677423399929e-03
8.041989099999999553e+02 -8.681716007459999761e-04
8.042042800000000398e+02 8.595144840098999789e-03
8.042095900000000483e+02 -2.383719559898900102e-03
8.042149699999999939e+02 2.116856172769699881e-03
8.042203399999999647e+02 6.765593632532700130e-03
8.042257100000000491e+02 -9.346344537882000578e-03
8.042310800000000199e+02 -1.903064906941600047e-03
8.042364499999999907e+02 3.728064903132400146e-03
8.042418199999999615e+02 -6.383237799429999568e-03
8.042471900000000460e+02 -2.061680060187200039e-03
8.042525600000000168e+02 3.049398616887499889e-03
8.042578700000000254e+02 -7.448564658331700318e-03
8.042632399999999961e+02 -1.850166127931299979e-03
8.042686200000000554e+02 1.032933864374160036e-02
8.042739900000000262e+02 -5.410537780949200258e-03
8.042793599999999969e+02 2.465641591948999987e-04
8.042847299999999677e+02 -6.937684236008200347e-03
8.042901000000000522e+02 6.200700223705999650e-04
8.042954700000000230e+02 7.333218471543800389e-03
8.043008399999999938e+02 6.430025610670699575e-03
8.043061500000000024e+02 3.344065645818000004e-03
8.043115199999999732e+02 4.676411187922499720e-03
8.043168899999999439e+02 -1.104849407271830085e-02
8.043222700000000032e+02 -3.046397551578699982e-03
8.043276399999999740e+02 7.970360342138799181e-03
8.043330099999999447e+02 -9.923308359898999533e-04
8.043383800000000292e+02 6.307539999095700296e-03
8.043437500000000000e+02 2.794880033167800124e-03
8.043490600000000086e+02 8.731177958526299687e-03
8.043544299999999794e+02 2.914413147037100190e-03
8.043597999999999502e+02 1.371562436647640049e-02
8.043651700000000346e+02 6.302903891409600105e-03
8.043705400000000054e+02 2.309139818211600019e-03
8.043759199999999510e+02 8.150671459605000283e-04
8.043812900000000354e+02 -4.109093543348699661e-03
8.043866600000000062e+02 2.812949685193800054e-03
8.043920299999999770e+02 1.673182033960500048e-03
8.043973399999999856e+02 1.499837384915130023e-02
8.044027099999999564e+02 9.160864007135600603e-03
8.044080800000000409e+02 9.044455515948200686e-03
8.044134500000000116e+02 6.293153567546000112e-04
8.044188199999999824e+02 1.920045544604999876e-04
8.044241899999999532e+02 -1.126320006050999969e-04
8.044295700000000124e+02 6.801534838269300033e-03
8.044349399999999832e+02 8.209800286310000401e-04
8.044403099999999540e+02 -3.171822782463799839e-03
8.044456199999999626e+02 1.131331110895559926e-02
8.044509900000000471e+02 1.673665674320099937e-03
8.044563600000000179e+02 8.058517778201200812e-03
8.044617299999999886e+02 9.766038649885999939e-04
8.044670999999999594e+02 -1.204085201914660043e-02
8.044724700000000439e+02 1.116243848854880059e-02
8.044778400000000147e+02 -9.697379264971000765e-03
8.044832199999999602e+02 1.700448428284899970e-03
8.044885900000000447e+02 -6.093815645174900306e-03
8.044939000000000533e+02 -9.262786252005999468e-04
8.044992700000000241e+02 4.841164558102200102e-03
8.045046399999999949e+02 5.829301346408699742e-03
8.045100099999999657e+02 -3.883619196481100100e-03
8.045153800000000501e+02 5.801326426691199613e-03
8.045207500000000209e+02 -7.097877658836700306e-03
8.045261199999999917e+02 5.486048895459500266e-03
8.045314899999999625e+02 7.005233321300499694e-03
8.045367999999999711e+02 1.074190289700000026e-05
8.045421800000000303e+02 1.258308973197100030e-03
8.045475500000000011e+02 4.545321410611100413e-03
8.045529199999999719e+02 -4.308547376548999908e-04
8.045582900000000564e+02 -2.010914262386000011e-04
8.045636600000000271e+02 -1.720007669750900098e-03
8.045690299999999979e+02 -6.016615301375300047e-03
8.045743999999999687e+02 -5.548021352469400223e-03
8.045797700000000532e+02 1.392110951743900059e-03
8.045850799999999481e+02 4.527657073762900337e-03
8.045904500000000326e+02 5.196692602702400292e-03
8.045958299999999781e+02 -1.580178863184589916e-02
8.046011999999999489e+02 -3.400176757357500044e-03
8.046065700000000334e+02 2.735810352479800100e-03
8.046119400000000041e+02 -6.167278521756999797e-04
8.046173099999999749e+02 -1.974025388484099836e-03
8.046226799999999457e+02 1.627447603164199974e-03
8.046280500000000302e+02 3.840310577544999771e-04
8.046333600000000388e+02 3.428628467485400188e-03
8.046387300000000096e+02 -4.561356415161600328e-03
8.046440999999999804e+02 1.593089162864399925e-03
8.046494800000000396e+02 5.791521543852500356e-03
8.046548500000000104e+02 4.249704322782500363e-03
8.046602199999999812e+02 6.434741431844800269e-03
8.046655899999999519e+02 6.484208519073699807e-03
8.046709600000000364e+02 1.049560725568460078e-02
8.046763300000000072e+02 3.205466203119700010e-03
8.046816400000000158e+02 4.931860179617299916e-03
8.046870099999999866e+02 4.374310304537099708e-03
8.046923799999999574e+02 -3.731789666074600102e-03
8.046977500000000418e+02 -2.371575442472199837e-03
8.047031200000000126e+02 1.758490292480350062e-02
8.047084999999999582e+02 5.954231219712799970e-03
8.047138700000000426e+02 -2.476660328974850112e-02
8.047192400000000134e+02 6.065673736671099714e-03
8.047246099999999842e+02 -4.077463622880300211e-03
8.047299199999999928e+02 -1.217805586785900007e-03
8.047352899999999636e+02 -5.432143818353100083e-03
8.047406600000000481e+02 5.211449910082899609e-03
8.047460300000000188e+02 3.901912101550999924e-04
8.047513999999999896e+02 7.096815859760999831e-04
8.047567699999999604e+02 6.966195652848600380e-03
8.047621500000000196e+02 -2.755561789405400110e-03
8.047675199999999904e+02 -1.205684485533200069e-03
8.047728299999999990e+02 -1.819343446603580161e-02
8.047781999999999698e+02 3.819210456151700146e-03
8.047835700000000543e+02 7.438341508675300022e-03
8.047889400000000251e+02 -1.033190159501119927e-02
8.047943099999999959e+02 -6.694037598303099676e-03
8.047996799999999666e+02 1.027206975148660037e-02
8.048050500000000511e+02 5.054451501541400160e-03
8.048104200000000219e+02 1.704822798689000071e-03
8.048157999999999674e+02 2.010188755932700109e-03
8.048211099999999760e+02 -7.529813047606800230e-03
8.048264799999999468e+02 -1.134316887701400031e-03
8.048318500000000313e+02 -8.235042872860200494e-03
8.048372200000000021e+02 -3.845857919053799912e-03
8.048425899999999729e+02 4.683117656700299704e-03
8.048479599999999436e+02 8.620439885042600545e-03
8.048533300000000281e+02 -4.419781846277799804e-03
8.048586999999999989e+02 -2.122987120507500037e-03
8.048640699999999697e+02 -4.834579525848799707e-03
8.048693799999999783e+02 7.347422678560000552e-05
8.048747600000000375e+02 -5.254549228676999714e-04
8.048801300000000083e+02 3.148477388038399809e-03
8.048854999999999791e+02 4.235101164805499772e-03
8.048908699999999499e+02 -7.116164114464000254e-03
8.048962400000000343e+02 3.301014096270400190e-03
8.049016100000000051e+02 4.968935312849900345e-03
8.049069799999999759e+02 3.605855263736100057e-03
8.049123499999999467e+02 -2.386046526880999995e-04
8.049176599999999553e+02 6.717448929309800115e-03
8.049230300000000398e+02 -3.609342934624999982e-03
8.049284099999999853e+02 5.462600225714499790e-03
8.049337799999999561e+02 1.025279971943959985e-02
8.049391500000000406e+02 2.714799682583399904e-03
8.049445200000000114e+02 -1.422884493593499968e-03
8.049498899999999821e+02 -1.999190152007000005e-04
8.049552599999999529e+02 -1.429395776225799971e-03
8.049605699999999615e+02 -4.677720366909700334e-03
8.049659400000000460e+02 -1.022489461408000039e-03
8.049713100000000168e+02 -3.789572973785900172e-03
8.049766799999999876e+02 -6.314735400220000076e-04
8.049820600000000468e+02 6.707742012453899935e-03
8.049874300000000176e+02 1.813092832307899990e-03
8.049927999999999884e+02 1.611169388823999876e-04
8.049981699999999591e+02 -8.262544746980999763e-03
8.050035400000000436e+02 1.012081642044299935e-02
8.050088500000000522e+02 -9.137837022794500011e-03
8.050142200000000230e+02 1.513338536949499977e-03
8.050195899999999938e+02 4.123725971272499888e-03
8.050249599999999646e+02 -5.481307485858200393e-03
8.050303300000000490e+02 9.448906381385400663e-03
8.050357099999999946e+02 1.567109158177500084e-03
8.050410799999999654e+02 -9.268672031171000178e-04
8.050464500000000498e+02 3.142016925963100112e-03
8.050518200000000206e+02 -2.019055665526299937e-03
8.050571300000000292e+02 4.057589285518899656e-03
8.050625000000000000e+02 -1.594554593979800004e-03
8.050678699999999708e+02 3.503116365120999861e-04
8.050732400000000553e+02 5.063924791420299984e-03
8.050786100000000260e+02 3.469148276389099998e-03
8.050839799999999968e+02 -1.155519681353310048e-02
8.050893600000000561e+02 1.956876058175200089e-03
8.050947300000000268e+02 8.682140041958000308e-04
8.051000999999999976e+02 6.872000908331599676e-03
8.051054100000000062e+02 -1.404721928475670054e-02
8.051107799999999770e+02 -5.472143769260500411e-03
8.051161499999999478e+02 -1.290755902840299901e-03
8.051215200000000323e+02 4.938558592719999828e-04
8.051268900000000031e+02 1.651811863313899960e-03
8.051322599999999738e+02 -4.392223957661699728e-03
8.051376299999999446e+02 -1.063154252284180014e-02
8.051430100000000039e+02 -2.596738384213299975e-03
8.051483200000000124e+02 4.655599448745700170e-03
8.051536899999999832e+02 -1.113524818702719965e-02
8.051590599999999540e+02 1.223329568677919942e-02
8.051644300000000385e+02 4.462607848116999752e-04
8.051698000000000093e+02 -4.333911577105999894e-04
8.051751699999999801e+02 9.421618616757599513e-03
8.051805399999999509e+02 -1.176004986169999962e-04
8.051859100000000353e+02 -9.935759840664999589e-04
8.051912800000000061e+02 -1.428030496886040050e-02
8.051965900000000147e+02 1.303776647461440084e-02
8.052019699999999602e+02 -1.396866490451859934e-02
8.052073400000000447e+02 1.177688593317149923e-02
8.052127100000000155e+02 5.562297475871400346e-03
8.052180799999999863e+02 8.538741320921800285e-03
8.052234499999999571e+02 -1.836696909339199935e-03
8.052288200000000415e+02 4.411088473446699888e-03
8.052341900000000123e+02 2.859523582253600035e-03
8.052395599999999831e+02 6.771690486737499612e-03
8.052448699999999917e+02 -4.755911147319599915e-03
8.052502399999999625e+02 -2.388199351098499804e-03
8.052556200000000217e+02 4.930398374243700164e-03
8.052609899999999925e+02 3.085260919448299874e-03
8.052663599999999633e+02 1.127202444869570067e-02
8.052717300000000478e+02 3.421790141231700021e-03
8.052771000000000186e+02 -4.617489561283000124e-04
8.052824699999999893e+02 -1.425643509073699954e-03
8.052878399999999601e+02 -2.808974300686200003e-03
8.052931499999999687e+02 2.073814454587210102e-02
8.052985200000000532e+02 -6.820773037380999798e-03
8.053038900000000240e+02 -2.841293497483500085e-03
8.053092699999999695e+02 -1.052103178560620002e-02
8.053146400000000540e+02 -6.882363538838099856e-03
8.053200100000000248e+02 2.849699756258199969e-03
8.053253799999999956e+02 -4.641440156385900039e-03
8.053307499999999663e+02 -5.186388647677000249e-04
8.053360599999999749e+02 -1.103536907986129960e-02
8.053414299999999457e+02 -4.402006170860599948e-03
8.053468000000000302e+02 -2.393740506597700091e-03
8.053521700000000010e+02 6.186676260545300073e-03
8.053575399999999718e+02 -2.337977484372500206e-03
8.053629200000000310e+02 3.036184701922500090e-03
8.053682900000000018e+02 -1.067788081611789966e-02
8.053736599999999726e+02 1.339857630167280017e-02
8.053790299999999434e+02 -1.277488666245800084e-03
8.053843399999999519e+02 4.175651013461400239e-03
8.053897100000000364e+02 -7.314681280881999694e-04
8.053950800000000072e+02 8.929788319478699707e-03
8.054004499999999780e+02 1.810953859447199952e-03
8.054058199999999488e+02 3.046074458093999977e-03
8.054111900000000333e+02 -4.168662912336799919e-03
8.054165600000000040e+02 1.057674580296289954e-02
8.054219399999999496e+02 4.011395487512800159e-03
8.054273100000000341e+02 2.845767343948900092e-03
8.054326200000000426e+02 1.315713920772700095e-03
8.054379900000000134e+02 -2.588728007775800179e-03
8.054433599999999842e+02 -8.615507823915999558e-04
8.054487299999999550e+02 -1.793105924069199981e-03
8.054541000000000395e+02 1.158439742286700028e-03
8.054594700000000103e+02 -3.212273111626300082e-03
8.054648399999999810e+02 4.685500071973999888e-04
8.054702099999999518e+02 -9.654317020659599832e-03
8.054755900000000111e+02 -6.250968508632999627e-04
8.054809000000000196e+02 7.989298331026399580e-03
8.054862699999999904e+02 -2.438575847187899812e-03
8.054916399999999612e+02 -1.789616171476000016e-04
8.054970100000000457e+02 -7.612417532504699852e-03
8.055023800000000165e+02 4.007799918571600117e-03
8.055077499999999873e+02 3.856185037200000171e-04
8.055131199999999581e+02 -6.844077991102000443e-04
8.055184900000000425e+02 3.409789761517800083e-03
8.055238000000000511e+02 -3.350545875020199873e-03
8.055291700000000219e+02 -3.310302926509699900e-03
8.055345499999999674e+02 1.005068150329800061e-03
8.055399200000000519e+02 2.592687376667000203e-04
8.055452900000000227e+02 1.549764319055300108e-03
8.055506599999999935e+02 -2.518010223280799879e-03
8.055560299999999643e+02 -7.540034668185999949e-04
8.055614000000000487e+02 -8.925526261417900814e-03
8.055667700000000195e+02 1.553930744803200042e-03
8.055720800000000281e+02 -9.733625996337100586e-03
8.055774499999999989e+02 -3.443597213271900204e-03
8.055828199999999697e+02 5.131116713525400025e-03
8.055882000000000289e+02 8.863780481229200509e-03
8.055935699999999997e+02 -3.435725478662100124e-03
8.055989399999999705e+02 1.937266217754219852e-02
8.056043100000000550e+02 1.477177178338100021e-03
8.056096800000000258e+02 1.257962998550399975e-03
8.056150499999999965e+02 -1.505578740583399982e-03
8.056203600000000051e+02 1.186236726125459995e-02
8.056257299999999759e+02 -2.362492803076299795e-03
8.056310999999999467e+02 -6.292983332536399715e-03
8.056364700000000312e+02 -3.166860979705999994e-03
8.056418499999999767e+02 1.517641531646989929e-02
8.056472199999999475e+02 1.375707339445400058e-03
8.056525900000000320e+02 2.978530926583099810e-03
8.056579600000000028e+02 1.719031962231900050e-03
8.056633299999999736e+02 -6.650682116266000291e-04
8.056686399999999821e+02 7.430622200016799572e-03
8.056740099999999529e+02 -1.218716102312209990e-02
8.056793800000000374e+02 -3.541180222404699800e-03
8.056847500000000082e+02 3.341286606363899798e-03
8.056901199999999790e+02 -4.551692713598299786e-03
8.056955000000000382e+02 -5.095703273708600094e-03
8.057008700000000090e+02 2.139428432164999934e-04
8.057062399999999798e+02 3.973327896121600124e-03
8.057115499999999884e+02 -1.124714881503370047e-02
8.057169199999999591e+02 3.000957214429699968e-03
8.057222900000000436e+02 -2.948232622446100154e-03
8.057276600000000144e+02 -1.544319429295700060e-03
8.057330299999999852e+02 8.630131761251899278e-03
8.057383999999999560e+02 3.073011362676000184e-04
8.057437700000000405e+02 4.088964344354699756e-03
8.057491499999999860e+02 -4.210670810784999593e-03
8.057545199999999568e+02 -2.682666910783599798e-03
8.057598299999999654e+02 -3.170407183815700160e-03
8.057652000000000498e+02 -4.967059073376300059e-03
8.057705700000000206e+02 -9.786637382972800114e-03
8.057759399999999914e+02 -2.195841820140099956e-03
8.057813099999999622e+02 -5.900577856327999778e-04
8.057866800000000467e+02 1.128102376292199928e-02
8.057920500000000175e+02 5.038198359180399641e-03
8.057974199999999882e+02 4.752819476448600332e-03
8.058028000000000475e+02 8.982582934845599609e-03
8.058081100000000561e+02 2.976042657673700145e-03
8.058134800000000268e+02 -3.103406222556700025e-03
8.058188499999999976e+02 -5.819337520576299896e-03
8.058242199999999684e+02 4.471894956385700365e-03
8.058295900000000529e+02 1.464473856070199961e-03
8.058349600000000237e+02 5.261949427223199666e-03
8.058403299999999945e+02 -7.750422962404199603e-03
8.058456999999999653e+02 3.843446835981899953e-03
8.058510700000000497e+02 -2.316308271365499945e-03
8.058563799999999446e+02 -1.305117977888000129e-04
8.058617600000000039e+02 7.573329070647299814e-03
8.058671299999999746e+02 4.582847817405399579e-03
8.058724999999999454e+02 1.819955297749659834e-02
8.058778700000000299e+02 7.865124007202999945e-04
8.058832400000000007e+02 2.955788697096600054e-03
8.058886099999999715e+02 -1.132801844690140003e-02
8.058939800000000560e+02 1.888802720598399933e-03
8.058992899999999509e+02 9.924788107194899150e-03
8.059046600000000353e+02 -7.052143756682299584e-03
8.059100300000000061e+02 -3.298542838596400014e-03
8.059154099999999517e+02 4.683759477294299582e-03
8.059207800000000361e+02 3.708547536081499910e-03
8.059261500000000069e+02 -7.141747808243000028e-04
8.059315199999999777e+02 -3.260066790882400201e-03
8.059368899999999485e+02 -2.727083135643799949e-03
8.059422600000000330e+02 5.551834471210499722e-03
8.059475700000000415e+02 -3.270208771141799864e-03
8.059529400000000123e+02 -4.488230400716199976e-03
8.059583099999999831e+02 1.312883399095899923e-03
8.059636799999999539e+02 7.116814460296399907e-03
8.059690600000000131e+02 -3.623925276152700162e-03
8.059744299999999839e+02 2.048090952012100036e-03
8.059797999999999547e+02 -4.465228908117500374e-03
8.059851700000000392e+02 -1.167710733081230023e-02
8.059905400000000100e+02 9.213018557541599596e-03
8.059958500000000186e+02 -5.366222667109199831e-03
8.060012199999999893e+02 2.813783736012900188e-03
8.060065899999999601e+02 3.065196792569500114e-03
8.060119600000000446e+02 1.023900428479099971e-03
8.060173300000000154e+02 5.633801250159600413e-03
8.060227099999999609e+02 1.338693732008499997e-03
8.060280800000000454e+02 -1.614089221893219919e-02
8.060334500000000162e+02 -6.469704646409000495e-04
8.060388199999999870e+02 7.627395871604700228e-03
8.060441299999999956e+02 -2.342475348066999814e-03
8.060494999999999663e+02 -4.583748609795000421e-03
8.060548700000000508e+02 1.569288255768220078e-02
8.060602400000000216e+02 2.640767976940499879e-03
8.060656099999999924e+02 -6.253527812054299716e-03
8.060709799999999632e+02 -8.011829797266499173e-03
8.060763500000000477e+02 -2.847046276377800198e-03
8.060817299999999932e+02 9.965954706308399746e-03
8.060870400000000018e+02 -5.810739942334999840e-04
8.060924099999999726e+02 -6.392924241944200267e-03
8.060977799999999434e+02 -1.014959359450830038e-02
8.061031500000000278e+02 8.101893689471000026e-03
8.061085199999999986e+02 1.028725403538099936e-03
8.061138899999999694e+02 5.322872463556400056e-03
8.061192600000000539e+02 -8.431452112431899598e-03
8.061246300000000247e+02 -1.552844373713000055e-03
8.061299999999999955e+02 -1.004290015485759940e-02
8.061353100000000040e+02 4.448535694745099980e-03
8.061406899999999496e+02 -1.344546069092330057e-02
8.061460600000000341e+02 -1.705646507994100025e-03
8.061514300000000048e+02 -3.409381594741199822e-03
8.061567999999999756e+02 6.264061403552000432e-04
8.061621699999999464e+02 -8.409277184574400626e-03
8.061675400000000309e+02 1.112765811928989948e-02
8.061729100000000017e+02 -1.797947167859999869e-05
8.061782799999999725e+02 6.261086931767499870e-03
8.061835899999999810e+02 1.185864328622210015e-02
8.061889599999999518e+02 4.210696691385499950e-03
8.061943400000000111e+02 -6.770511093828200308e-03
8.061997099999999818e+02 -6.216303078588099849e-03
8.062050799999999526e+02 -5.885229809188199587e-03
8.062104500000000371e+02 5.892558791801500231e-03
8.062158200000000079e+02 -5.195613899367199605e-03
8.062211899999999787e+02 3.240289119013400193e-03
8.062265599999999495e+02 1.330804556531070028e-02
8.062318699999999581e+02 -2.949663319269300171e-03
8.062372400000000425e+02 8.903144140781100307e-03
8.062426100000000133e+02 4.224459410084999882e-04
8.062479899999999589e+02 -5.179383093205999636e-04
8.062533600000000433e+02 4.372911992958200197e-03
8.062587300000000141e+02 -6.545163760779199730e-03
8.062640999999999849e+02 9.314050409037200745e-03
8.062694699999999557e+02 2.615490770435699875e-03
8.062747799999999643e+02 -3.129754339041699879e-03
8.062801500000000487e+02 -3.612677029022500017e-03
8.062855200000000195e+02 1.352402903046939948e-02
8.062908899999999903e+02 4.219359794224299826e-03
8.062962599999999611e+02 3.784142670222099929e-03
8.063016400000000203e+02 4.495618910592099823e-03
8.063070099999999911e+02 -4.148887882373399581e-03
8.063123799999999619e+02 8.056198271560200200e-03
8.063177500000000464e+02 3.489893478750399989e-03
8.063230600000000550e+02 -2.428612034533100036e-03
8.063284300000000258e+02 9.395343191359999688e-04
8.063337999999999965e+02 -1.172581988196600084e-03
8.063391699999999673e+02 1.850089960655100030e-03
8.063445400000000518e+02 -1.392393165505800053e-03
8.063499100000000226e+02 1.209102940870199986e-03
8.063552899999999681e+02 4.513168697281099741e-03
8.063606600000000526e+02 -4.773451262596899690e-03
8.063660300000000234e+02 2.395867711316999914e-04
8.063713400000000320e+02 9.453475469742400605e-03
8.063767100000000028e+02 9.836086957273299652e-03
8.063820799999999736e+02 -4.058104880814100354e-03
8.063874499999999443e+02 -1.301835188751499991e-02
8.063928200000000288e+02 6.252192451907699795e-03
8.063981899999999996e+02 -1.256662653078500103e-03
8.064035599999999704e+02 2.971199296116200025e-03
8.064089400000000296e+02 -6.715167949421000336e-04
8.064143100000000004e+02 2.222215141687999915e-03
8.064196200000000090e+02 6.702727584008700244e-03
8.064249899999999798e+02 4.525822121918100273e-03
8.064303599999999506e+02 4.810838918748300101e-03
8.064357300000000350e+02 -7.328367244168999817e-03
8.064411000000000058e+02 -3.615618071027899838e-03
8.064464699999999766e+02 9.710957878904000022e-04
8.064518399999999474e+02 3.693235148980999745e-04
8.064572100000000319e+02 1.234211801190479921e-02
8.064625200000000405e+02 6.032964767167700061e-03
8.064678999999999860e+02 -5.216573293817200127e-03
8.064732699999999568e+02 7.400268330074000027e-04
8.064786400000000413e+02 3.290437931542100191e-03
8.064840100000000120e+02 -5.693948879099600298e-03
8.064893799999999828e+02 -2.469573660710700207e-03
8.064947499999999536e+02 5.554945592711199934e-03
8.065001200000000381e+02 3.865673213543500183e-03
8.065054900000000089e+02 1.160510987591339971e-02
8.065108000000000175e+02 -5.273166627175899894e-03
8.065161699999999882e+02 1.124914856435139943e-02
8.065215500000000475e+02 -1.920890142809899941e-03
8.065269200000000183e+02 -1.543405078312599975e-03
8.065322899999999890e+02 -7.571522135854100340e-03
8.065376599999999598e+02 -7.740864078491899690e-03
8.065430300000000443e+02 -5.626789795413000101e-04
8.065484000000000151e+02 2.382890905255000006e-04
8.065537699999999859e+02 -2.471751527887000176e-04
8.065590799999999945e+02 -8.734417328043099157e-03
8.065644499999999653e+02 -4.887703848721699877e-03
8.065698200000000497e+02 2.768255513263000091e-04
8.065751999999999953e+02 6.142052291178999590e-03
8.065805699999999661e+02 -8.557195757736599240e-03
8.065859400000000505e+02 6.025060116567599808e-03
8.065913100000000213e+02 -5.445770999890299849e-03
8.065966799999999921e+02 -3.625182318962100018e-03
8.066020499999999629e+02 1.000495619942370039e-02
8.066073599999999715e+02 8.113286568441100549e-03
8.066127300000000560e+02 -5.369738783274999750e-04
8.066181000000000267e+02 5.582218121556899865e-03
8.066234699999999975e+02 -2.433593267937999866e-03
8.066288500000000568e+02 -5.319331183081700033e-03
8.066342200000000275e+02 5.021735032281799890e-03
8.066395899999999983e+02 1.020305763675150024e-02
8.066449599999999691e+02 -6.936574866598699957e-03
8.066503300000000536e+02 -5.822188659418499682e-03
8.066556399999999485e+02 1.918131181190000072e-03
8.066610100000000330e+02 -6.216407631535099572e-03
8.066663800000000037e+02 -4.803928344127899631e-03
8.066717499999999745e+02 4.071587028182699873e-03
8.066771199999999453e+02 5.906864570631999937e-04
8.066825000000000045e+02 5.673043159302999620e-04
8.066878699999999753e+02 -1.760693671042799910e-03
8.066932399999999461e+02 1.239434167133830061e-02
8.066985499999999547e+02 1.091765774869759946e-02
8.067039200000000392e+02 -6.644865397665200048e-03
8.067092900000000100e+02 3.696623593768099802e-03
8.067146599999999808e+02 -1.409547029226899907e-03
8.067200299999999515e+02 -1.142764589309580060e-02
8.067254000000000360e+02 -3.314130581132199854e-03
8.067307700000000068e+02 3.160019857526499918e-03
8.067361499999999523e+02 5.291648912591999506e-04
8.067415200000000368e+02 5.507396111366000095e-03
8.067468300000000454e+02 -3.829922589569699845e-03
8.067522000000000162e+02 2.457247344076559856e-02
8.067575699999999870e+02 -9.907793332354000032e-04
8.067629399999999578e+02 -1.678619654168000052e-03
8.067683100000000422e+02 -2.781404349414600026e-03
8.067736800000000130e+02 -4.874569847073900210e-03
8.067790499999999838e+02 7.084122486792099674e-03
8.067844199999999546e+02 2.129868395000999830e-03
8.067897900000000391e+02 7.498688414029899656e-03
8.067951000000000477e+02 2.012984881700599898e-03
8.068004799999999932e+02 -1.261843837565900005e-03
8.068058499999999640e+02 4.114956278880099912e-03
8.068112200000000485e+02 9.809570139857998975e-04
8.068165900000000192e+02 -7.664952245368499874e-03
8.068219599999999900e+02 -2.040055497182999885e-03
8.068273299999999608e+02 -1.146815315946200006e-03
8.068327000000000453e+02 -4.256033360542000221e-04
8.068380700000000161e+02 9.517692400703499367e-03
8.068433800000000247e+02 -7.052547748977000368e-03
8.068487499999999955e+02 -4.768132364256600156e-03
8.068541300000000547e+02 -8.860357475008000510e-04
8.068595000000000255e+02 -4.829410340975000097e-03
8.068648699999999963e+02 -2.175596543128500201e-03
8.068702399999999670e+02 7.331686117912000278e-04
8.068756100000000515e+02 6.308809206998900083e-03
8.068809800000000223e+02 2.256490958217199916e-03
8.068862900000000309e+02 -1.076262157870270034e-02
8.068916600000000017e+02 6.499616008041299992e-03
8.068970299999999725e+02 5.922825731796300258e-03
8.069023999999999432e+02 9.811423879411300397e-03
8.069077800000000025e+02 -1.505071671461010070e-02
8.069131499999999733e+02 -7.777128289528000222e-04
8.069185199999999440e+02 -8.292271330975000158e-04
8.069238900000000285e+02 4.404563214739700208e-03
8.069292599999999993e+02 1.088214324402650077e-02
8.069345700000000079e+02 1.010108587318509984e-02
8.069399399999999787e+02 -9.079351255182499525e-03
8.069453099999999495e+02 -2.947063787873900002e-03
8.069506800000000339e+02 -5.344249145540099638e-03
8.069560500000000047e+02 -5.316078404761699974e-03
8.069614299999999503e+02 3.595543102526000258e-04
8.069668000000000347e+02 -1.349173260730000042e-04
8.069721700000000055e+02 -1.974118398236089991e-02
8.069775399999999763e+02 -8.406870060671900111e-03
8.069828499999999849e+02 -5.525692712410999567e-03
8.069882199999999557e+02 2.627479190315099890e-03
8.069935900000000402e+02 -4.533972133489099811e-03
8.069989600000000110e+02 5.041326313899300270e-03
8.070043299999999817e+02 -7.311034668931099857e-03
8.070096999999999525e+02 1.253928567944610079e-02
8.070150800000000118e+02 -1.333224010276800068e-03
8.070204499999999825e+02 -5.727574167923999825e-04
8.070258199999999533e+02 -1.027188042366639943e-02
8.070311299999999619e+02 1.858574978576800095e-03
8.070365000000000464e+02 -7.941614480746199412e-03
8.070418700000000172e+02 4.247525572125400266e-03
8.070472399999999880e+02 4.273187772568899818e-03
8.070526099999999587e+02 -8.374456358451199886e-03
8.070579800000000432e+02 3.022076136894199811e-03
8.070633500000000140e+02 1.309318054076799966e-03
8.070687299999999595e+02 3.777101347132800092e-03
8.070740399999999681e+02 -5.799008292731899945e-03
8.070794100000000526e+02 -6.409280679599999696e-06
8.070847800000000234e+02 3.876724545951999983e-03
8.070901499999999942e+02 1.003693943861480066e-02
8.070955199999999650e+02 1.106359176309729998e-02
8.071008900000000494e+02 6.557230482757799711e-03
8.071062600000000202e+02 1.739557981129000121e-04
8.071116299999999910e+02 1.817787979411599961e-03
8.071169999999999618e+02 -8.013769076753699330e-03
8.071223099999999704e+02 8.594015982601999754e-03
8.071276900000000296e+02 2.714204905664500001e-03
8.071330600000000004e+02 2.493942824521300054e-03
8.071384299999999712e+02 1.003113573680559922e-02
8.071438000000000557e+02 -1.009786049960979988e-02
8.071491700000000264e+02 2.794719966223499844e-03
8.071545399999999972e+02 -7.128564905147999949e-04
8.071599099999999680e+02 -3.294364595677099807e-03
8.071652800000000525e+02 -9.744593923878599670e-03
8.071705899999999474e+02 -1.080137759147400001e-03
8.071759600000000319e+02 -5.370172767698700063e-03
8.071813399999999774e+02 -1.052279395817539917e-02
8.071867099999999482e+02 -3.037206073436300204e-03
8.071920800000000327e+02 8.643306277139299262e-03
8.071974500000000035e+02 4.091769712775200282e-03
8.072028199999999742e+02 -4.598336468899700061e-03
8.072081899999999450e+02 -7.138422723565399607e-03
8.072135600000000295e+02 9.900038113516999513e-04
8.072188700000000381e+02 -8.087635614366000050e-04
8.072242400000000089e+02 -1.312818063234300059e-03
8.072296099999999797e+02 -7.188081113532299692e-03
8.072349900000000389e+02 7.296436200596900096e-03
8.072403600000000097e+02 1.476142603305000090e-03
8.072457299999999805e+02 3.207015678999199874e-03
8.072510999999999513e+02 -9.062409532736000282e-04
8.072564700000000357e+02 -5.861955116979800269e-03
8.072617800000000443e+02 -1.219764527225300011e-03
8.072671500000000151e+02 6.275243339315999570e-03
8.072725199999999859e+02 8.966267675628900036e-03
8.072778899999999567e+02 -6.854327144585100305e-03
8.072832600000000411e+02 3.217209980417999778e-04
8.072886399999999867e+02 -4.564163425698099588e-03
8.072940099999999575e+02 -9.045836150368500445e-03
8.072993800000000419e+02 -1.635931989361000000e-03
8.073047500000000127e+02 3.382864395569599829e-03
8.073100600000000213e+02 -7.297878065486999768e-04
8.073154299999999921e+02 2.664579120732299845e-03
8.073207999999999629e+02 -5.178911204193599981e-03
8.073261700000000474e+02 -1.595387832810099939e-03
8.073315400000000182e+02 -3.213911557322899921e-03
8.073369099999999889e+02 1.130295622191269944e-02
8.073422900000000482e+02 2.287996548494900147e-03
8.073476600000000190e+02 -8.102891175762999944e-04
8.073530299999999897e+02 1.722489901385779870e-02
8.073583399999999983e+02 -4.722442999279199624e-03
8.073637099999999691e+02 5.081992832990400201e-03
8.073690800000000536e+02 -9.078334172499700691e-03
8.073744500000000244e+02 8.341071451938400147e-03
8.073798199999999952e+02 5.524293832849799975e-03
8.073851899999999659e+02 -5.758129395115000465e-04
8.073905600000000504e+02 4.937655392339999677e-05
8.073959399999999960e+02 -5.502397700619299573e-03
8.074013099999999667e+02 6.476595935141799855e-03
8.074066199999999753e+02 -3.685732085058400151e-03
8.074119899999999461e+02 -3.138782115392800033e-03
8.074173600000000306e+02 1.256373351955199918e-02
8.074227300000000014e+02 8.650314154164900557e-03
8.074280999999999722e+02 -1.557248900930800024e-03
8.074334700000000566e+02 2.127071908003800096e-03
8.074388400000000274e+02 2.207922472599999872e-05
8.074442099999999982e+02 -2.407132142171300102e-03
8.074495200000000068e+02 4.549022646324099931e-03
8.074548999999999523e+02 4.872047961896000144e-04
8.074602700000000368e+02 -1.180695595694999933e-02
8.074656400000000076e+02 7.365349585708699624e-03
8.074710099999999784e+02 4.858175617042600342e-03
8.074763799999999492e+02 -6.620974320236699961e-03
8.074817500000000337e+02 2.437079873385400008e-03
8.074871200000000044e+02 -2.038895400822000035e-04
8.074924899999999752e+02 1.913618734552800056e-03
8.074977999999999838e+02 1.179354734959269999e-02
8.075031699999999546e+02 -6.823711855208800144e-03
8.075085400000000391e+02 -2.757910192870599835e-03
8.075139199999999846e+02 1.096927407042700038e-03
8.075192899999999554e+02 -2.049140655375800146e-03
8.075246600000000399e+02 -5.017462019493999607e-03
8.075300300000000107e+02 6.473200709253499815e-03
8.075353999999999814e+02 2.198339609046300047e-03
8.075407699999999522e+02 -5.526383609842900300e-03
8.075460799999999608e+02 2.484522104790800028e-03
8.075514500000000453e+02 6.780833737730700313e-03
8.075568200000000161e+02 -5.284769303588700111e-03
8.075621899999999869e+02 7.085284798548199640e-03
8.075675700000000461e+02 6.598267525537200237e-03
8.075729400000000169e+02 -2.755009074572999789e-03
8.075783099999999877e+02 4.025225390901599615e-03
8.075836799999999585e+02 -3.833976296147199869e-03
8.075890500000000429e+02 1.177423230579500079e-03
8.075943600000000515e+02 6.502283596752800147e-03
8.075997300000000223e+02 -7.229502315392999758e-04
8.076050999999999931e+02 1.186578529622889927e-02
8.076104699999999639e+02 3.352565237444499885e-03
8.076158400000000483e+02 6.373624335200999596e-04
8.076212199999999939e+02 -2.701935813414099892e-03
8.076265899999999647e+02 5.142611588601299702e-03
8.076319600000000491e+02 -5.429360124358200215e-03
8.076372699999999440e+02 1.118077288006099962e-03
8.076426400000000285e+02 1.090633037189490083e-02
8.076480099999999993e+02 4.152716223253499761e-03
8.076533799999999701e+02 -8.608644551256499147e-03
8.076587500000000546e+02 -5.333339320790300014e-03
8.076641200000000254e+02 -1.046187190635470068e-02
8.076694899999999961e+02 -8.836062865713499581e-03
8.076748700000000554e+02 1.557152944800020006e-02
8.076802400000000262e+02 -1.681924153196599943e-03
8.076855500000000347e+02 1.947651606945199941e-03
8.076909200000000055e+02 6.343571762495000188e-04
8.076962899999999763e+02 1.465110366829700016e-03
8.077016599999999471e+02 7.680296922996800169e-03
8.077070300000000316e+02 2.596368876866600103e-03
8.077124000000000024e+02 -5.207248991216000163e-03
8.077177699999999732e+02 -4.727214106673800417e-03
8.077231399999999439e+02 -9.824634806513000539e-04
8.077285200000000032e+02 -8.299076635578699762e-03
8.077338300000000118e+02 -5.647495558150600163e-03
8.077391999999999825e+02 -2.953303918712299816e-03
8.077445699999999533e+02 6.470086976776000254e-03
8.077499400000000378e+02 -1.635028577427899941e-03
8.077553100000000086e+02 7.914514440467399631e-03
8.077606799999999794e+02 -6.821644148281000080e-04
8.077660499999999502e+02 9.869576417530199347e-03
8.077714200000000346e+02 5.124567587240800269e-03
8.077767900000000054e+02 1.168534501605899981e-03
8.077821000000000140e+02 1.129905044502410062e-02
8.077874799999999595e+02 -3.951678303716800109e-03
8.077928500000000440e+02 2.765957281152199923e-03
8.077982200000000148e+02 9.821298287711100611e-03
8.078035899999999856e+02 -1.750021423500000084e-03
8.078089599999999564e+02 -1.346688383616909991e-02
8.078143300000000409e+02 3.030571390509799977e-03
8.078197000000000116e+02 -1.937335558085199897e-03
8.078250100000000202e+02 6.584945865233000082e-04
8.078303799999999910e+02 -3.211147622874300014e-03
8.078357499999999618e+02 -1.044973922819640057e-02
8.078411300000000210e+02 -5.009940461605500404e-03
8.078464999999999918e+02 -6.978958347783600046e-03
8.078518699999999626e+02 5.463252999521900181e-03
8.078572400000000471e+02 1.878275511985300072e-03
8.078626100000000179e+02 3.087280818915899908e-03
8.078679799999999886e+02 -1.067714496187070067e-02
8.078732899999999972e+02 -7.883821426745200867e-03
8.078786599999999680e+02 -1.442791152403299958e-03
8.078840300000000525e+02 -8.632222676601899666e-03
8.078894000000000233e+02 -4.534959036389000185e-03
8.078947799999999688e+02 -1.938684550101800030e-03
8.079001500000000533e+02 -3.411786498987200069e-03
8.079055200000000241e+02 -1.993982633793100080e-03
8.079108899999999949e+02 6.563285078248299632e-03
8.079162599999999657e+02 -4.870026161684900233e-03
8.079215699999999742e+02 5.031490646520700265e-03
8.079269399999999450e+02 -1.404556009782299917e-03
8.079323100000000295e+02 4.517331440148399796e-03
8.079376800000000003e+02 1.122960185147509928e-02
8.079430499999999711e+02 -4.441368231878299773e-03
8.079484300000000303e+02 3.415999466127000138e-03
8.079538000000000011e+02 -1.470864706252900025e-03
8.079591699999999719e+02 -4.727022239773900382e-03
8.079645400000000564e+02 -7.763770865258899818e-03
8.079698499999999513e+02 8.551950861180199204e-03
8.079752200000000357e+02 8.618297488646000856e-03
8.079805900000000065e+02 -8.600979278724000393e-03
8.079859599999999773e+02 -3.386449157343800025e-03
8.079913299999999481e+02 1.402105178144399901e-03
8.079975600000000213e+02 6.460022872979399866e-03
8.080038500000000568e+02 -1.288984211523690020e-02
8.080092200000000275e+02 -2.669697100177600112e-03
8.080145899999999983e+02 -1.365305305404899971e-02
8.080199599999999691e+02 6.408438098801400029e-03
8.080253300000000536e+02 1.134591430711110079e-02
8.080306399999999485e+02 5.445262190024700161e-03
8.080360100000000330e+02 -5.873107255221700351e-03
8.080413800000000037e+02 -3.430477193013899920e-03
8.080467499999999745e+02 1.282588060722449942e-02
8.080521199999999453e+02 -4.642669683381999736e-03
8.080575000000000045e+02 3.611714511627799832e-03
8.080628699999999753e+02 1.090354107486980056e-02
8.080682399999999461e+02 -9.668796329145199278e-03
8.080736100000000306e+02 1.202412154564209967e-02
8.080789200000000392e+02 2.778507576748300099e-03
8.080842900000000100e+02 5.064017779199199605e-03
8.080896599999999808e+02 4.354170512707799916e-03
8.080950299999999515e+02 1.398379280493029959e-02
8.081004000000000360e+02 2.597442214965230145e-02
8.081057700000000068e+02 1.993976938145549868e-02
8.081111499999999523e+02 4.230907393672760086e-02
8.081165200000000368e+02 4.898157275345640244e-02
8.081218900000000076e+02 6.884055914214649852e-02
8.081272000000000162e+02 7.940355394125139799e-02
8.081325699999999870e+02 5.840429706191289927e-02
8.081379399999999578e+02 4.581677783018209965e-02
8.081433100000000422e+02 4.554487490496560154e-02
8.081486800000000130e+02 5.785004069443269725e-02
8.081540499999999838e+02 5.692865843681899768e-02
8.081594199999999546e+02 4.921110244412189860e-02
8.081647900000000391e+02 3.269722665829440100e-02
8.081701000000000477e+02 3.890525997485669990e-02
8.081754799999999932e+02 2.933774325987609927e-02
8.081808499999999640e+02 3.073132107722199857e-02
8.081862200000000485e+02 2.601603796292700083e-02
8.081915900000000192e+02 1.240948717176680073e-02
8.081969599999999900e+02 2.492371177409450148e-02
8.082023299999999608e+02 1.362990042054840027e-02
8.082077000000000453e+02 1.178372545160500003e-02
8.082130700000000161e+02 2.430815096867400184e-03
8.082183800000000247e+02 2.652514021232100193e-03
8.082237499999999955e+02 1.050471550657689976e-02
8.082291300000000547e+02 2.089951229688300112e-03
8.082345000000000255e+02 -2.296700332606099824e-03
8.082398699999999963e+02 -2.982254912818999796e-04
8.082452399999999670e+02 2.707598006127799953e-03
8.082506100000000515e+02 1.025570380235359992e-02
8.082559800000000223e+02 6.312289229444999683e-04
8.082613499999999931e+02 1.178294969911169998e-02
8.082666600000000017e+02 8.408625088255999814e-04
8.082720299999999725e+02 -2.089934672640800153e-03
8.082773999999999432e+02 6.258076135779999389e-05
8.082827800000000025e+02 9.408330638606000450e-04
8.082881499999999733e+02 -4.069582326734400360e-03
8.082935199999999440e+02 3.038235638278299813e-03
8.082988900000000285e+02 -3.738939408389400140e-03
8.083042599999999993e+02 8.448886448615499853e-03
8.083096299999999701e+02 2.329825365162299915e-03
8.083149399999999787e+02 -6.749118565459799775e-03
8.083203099999999495e+02 -4.605409772580199880e-03
8.083256800000000339e+02 -8.223339693307300108e-03
8.083310500000000047e+02 2.533301211496600137e-03
8.083364299999999503e+02 1.640984360556000049e-03
8.083418000000000347e+02 5.453980598331799670e-03
8.083471700000000055e+02 -2.901438705921700108e-03
8.083525399999999763e+02 -8.026798007639000029e-04
8.083578499999999849e+02 -2.172970027310100125e-03
8.083632199999999557e+02 -7.098242293393000266e-03
8.083685900000000402e+02 5.306112116762599570e-03
8.083739600000000110e+02 -7.365248153492300054e-03
8.083793299999999817e+02 -8.207588492490799914e-03
8.083846999999999525e+02 7.949837812926300457e-03
8.083900800000000118e+02 -2.436173646078199865e-03
8.083954499999999825e+02 -3.138978035076899886e-03
8.084008199999999533e+02 6.685042891713900183e-03
8.084061299999999619e+02 -5.183125079441999869e-04
8.084115000000000464e+02 -7.951023310192000112e-04
8.084168700000000172e+02 1.425597525570000083e-05
8.084222399999999880e+02 4.886387217631799583e-03
8.084276099999999587e+02 -7.689087523017099947e-03
8.084329800000000432e+02 9.386321515682600342e-03
8.084383500000000140e+02 -4.972184845014099644e-03
8.084437299999999595e+02 -5.825496159069199972e-03
8.084491000000000440e+02 1.276956191013759942e-02
8.084544100000000526e+02 1.075087865359019949e-02
8.084597800000000234e+02 -2.086569251654000080e-04
8.084651499999999942e+02 -1.281715247766899990e-03
8.084705199999999650e+02 -3.948385291276799991e-03
8.084758900000000494e+02 1.115511838000009942e-02
8.084812600000000202e+02 -3.798838348050699934e-03
8.084866299999999910e+02 -8.938342344880999789e-04
8.084919999999999618e+02 7.935252919940299562e-03
8.084973800000000210e+02 -6.883542246876200345e-03
8.085026900000000296e+02 -7.584124143135800335e-03
8.085080600000000004e+02 -5.163549329486999667e-04
8.085134299999999712e+02 8.842195140877999980e-04
8.085188000000000557e+02 1.030941904721900107e-03
8.085241700000000264e+02 -2.496307312292200039e-03
8.085295399999999972e+02 6.857273467456100405e-03
8.085349099999999680e+02 -3.308000810363800111e-03
8.085402800000000525e+02 -6.772816612340300073e-03
8.085455899999999474e+02 -1.527094005470999954e-04
8.085509600000000319e+02 1.163058187390899906e-03
8.085563399999999774e+02 -1.446992006993099919e-03
8.085617099999999482e+02 7.425683529519999388e-05
8.085670800000000327e+02 3.535809052179000270e-04
8.085724500000000035e+02 -1.968850510147199945e-03
8.085778199999999742e+02 5.379791596028999680e-03
8.085831899999999450e+02 4.675928274459900322e-03
8.085885600000000295e+02 -5.802660046077099884e-03
8.085938700000000381e+02 1.337209320276789952e-02
8.085992400000000089e+02 3.931075989761900064e-03
8.086046099999999797e+02 7.755706959286699786e-03
8.086099900000000389e+02 2.290010964283900000e-03
8.086153600000000097e+02 3.411153049441000007e-03
8.086207299999999805e+02 5.676030552231500423e-03
8.086260999999999513e+02 2.385928762377300012e-03
8.086314700000000357e+02 2.666335642169100160e-03
8.086368400000000065e+02 -8.866809269569000604e-03
8.086421500000000151e+02 4.265847284222100411e-03
8.086475199999999859e+02 -3.504883691186400085e-03
8.086528899999999567e+02 1.451009855347830044e-02
8.086582600000000411e+02 2.020811427803000018e-03
8.086636399999999867e+02 5.663910589643100270e-03
8.086690099999999575e+02 3.904533160003800102e-03
8.086743800000000419e+02 -6.986407101071999762e-03
8.086797500000000127e+02 8.719817861723799454e-03
8.086851199999999835e+02 -3.409759220880500142e-03
8.086904299999999921e+02 3.323550554920699871e-03
8.086957999999999629e+02 -4.389345061541399806e-03
8.087011700000000474e+02 -8.526361640304000455e-03
8.087065400000000182e+02 2.017712699871999991e-04
8.087119099999999889e+02 4.408634447301699837e-03
8.087172900000000482e+02 2.382565273338300028e-03
8.087226600000000190e+02 -4.262336648376099588e-03
8.087280299999999897e+02 -2.251492114873300011e-03
8.087333399999999983e+02 -2.968951751061100087e-03
8.087387099999999691e+02 -1.983506670178099979e-03
8.087440800000000536e+02 -4.854552000581599698e-03
8.087494500000000244e+02 4.713308160582799916e-03
8.087548199999999952e+02 1.073418845675289980e-02
8.087601899999999659e+02 -2.575598300852599901e-03
8.087655600000000504e+02 -3.683268728299999775e-05
8.087709399999999960e+02 1.405779037600000056e-06
8.087763099999999667e+02 1.018654603890799953e-02
8.087816199999999753e+02 8.044527473700999534e-03
8.087869899999999461e+02 -5.776607106862500195e-03
8.087923600000000306e+02 -7.693123628962000382e-04
8.087977300000000014e+02 -1.103827543623450008e-02
8.088030999999999722e+02 -4.778873786212000339e-03
8.088084700000000566e+02 9.587613106722000199e-04
8.088138400000000274e+02 3.358657395320399815e-03
8.088192099999999982e+02 7.522490690255599806e-03
8.088245799999999690e+02 -1.465209301366300057e-03
8.088298999999999523e+02 3.170757350975999742e-04
8.088352700000000368e+02 4.506326284219800207e-03
8.088406400000000076e+02 -5.712162973880600091e-03
8.088460099999999784e+02 1.092109877701099912e-03
8.088513799999999492e+02 -1.118459656991590070e-02
8.088567500000000337e+02 1.482090556361109930e-02
8.088621200000000044e+02 -3.683731512135000191e-04
8.088674899999999752e+02 3.859014856404600034e-03
8.088728599999999460e+02 -6.746312182291699933e-03
8.088781699999999546e+02 1.038425709198720001e-02
8.088835400000000391e+02 3.263059976173399938e-03
8.088889199999999846e+02 -1.422351795041200059e-03
8.088942899999999554e+02 -6.534732085535900105e-03
8.088996600000000399e+02 -8.554237321500999993e-04
8.089050300000000107e+02 -4.831280343574899730e-03
8.089103999999999814e+02 -2.787120830581899834e-03
8.089157699999999522e+02 1.484969738866450013e-02
8.089210799999999608e+02 1.347395725474600028e-03
8.089264500000000453e+02 -2.677408173222000265e-04
8.089318200000000161e+02 9.565824670811000179e-04
8.089371899999999869e+02 -7.450342504056000053e-04
8.089425700000000461e+02 1.424759010033400074e-02
8.089479400000000169e+02 -5.434454388377200212e-03
8.089533099999999877e+02 6.120649035749299929e-03
8.089586799999999585e+02 6.259039024892600230e-03
8.089640500000000429e+02 -5.823210974764099837e-03
8.089693600000000515e+02 -1.082027322073699904e-03
8.089747300000000223e+02 4.228342092350100175e-03
8.089800999999999931e+02 7.243810441211399713e-03
8.089854699999999639e+02 2.743563224005100137e-03
8.089908400000000483e+02 6.754807246113800172e-03
8.089962199999999939e+02 -3.059034092758599818e-03
8.090015899999999647e+02 -5.018000664406299834e-03
8.090069600000000491e+02 1.141399054573570028e-02
8.090123300000000199e+02 3.809786552856500065e-03
8.090176400000000285e+02 -4.645358786879900254e-03
8.090230099999999993e+02 -1.473402896384680069e-02
8.090283799999999701e+02 1.151883786653059953e-02
8.090337500000000546e+02 1.749786312195790103e-02
8.090391200000000254e+02 1.835149004592700030e-03
8.090444899999999961e+02 1.173640833587200017e-03
8.090498700000000554e+02 8.799264688284499925e-03
8.090552400000000262e+02 -1.048984217813599996e-02
8.090606099999999969e+02 3.075895910188199914e-03
8.090659200000000055e+02 -6.507472146740599962e-03
8.090712899999999763e+02 -3.173658098040699899e-03
8.090766599999999471e+02 1.035170283054209946e-02
8.090820300000000316e+02 -4.941744443384300280e-03
8.090874000000000024e+02 2.847063295853399876e-03
8.090927699999999732e+02 -1.012806730677929916e-02
8.090981399999999439e+02 -6.790139330792300393e-03
8.091035200000000032e+02 8.933045820215000437e-04
8.091088300000000118e+02 -5.746701394296599603e-03
8.091141999999999825e+02 8.681304062740799465e-03
8.091195699999999533e+02 2.772547551114399982e-03
8.091249400000000378e+02 -6.836867506454300317e-03
8.091303100000000086e+02 -4.865849896171100218e-03
8.091356799999999794e+02 1.414956245562599968e-03
8.091410499999999502e+02 2.327140523108900058e-03
8.091464200000000346e+02 7.918818580349200331e-03
8.091517900000000054e+02 -3.489726689489800176e-03
8.091571000000000140e+02 -7.319279836240200066e-03
8.091624799999999595e+02 -5.336636029855200414e-03
8.091678500000000440e+02 4.791282308471999686e-03
8.091732200000000148e+02 8.011324501069999843e-05
8.091785899999999856e+02 3.674278213534199877e-03
8.091839599999999564e+02 8.172035735824999259e-03
8.091893300000000409e+02 -1.248965419073999941e-04
8.091947000000000116e+02 -1.099757998452719973e-02
8.092000699999999824e+02 4.394543634876699710e-03
8.092053799999999910e+02 -8.515550415526200456e-03
8.092107499999999618e+02 -2.917208924185600138e-03
8.092161300000000210e+02 6.487508814562999854e-03
8.092214999999999918e+02 -3.824064724273300037e-03
8.092268699999999626e+02 -1.852704239557100008e-03
8.092322400000000471e+02 4.037392418760599871e-03
8.092376100000000179e+02 -1.191041762379960005e-02
8.092429799999999886e+02 -3.789383844135899970e-03
8.092483499999999594e+02 3.521854198888999931e-04
8.092536599999999680e+02 -3.440887402656799942e-03
8.092590300000000525e+02 4.130878251869299876e-03
8.092644000000000233e+02 -1.240877662278399912e-03
8.092697799999999688e+02 -2.885601152751399862e-03
8.092751500000000533e+02 -7.100634388778000227e-04
8.092805200000000241e+02 7.977453489936099304e-03
8.092858899999999949e+02 -2.809411373690800032e-03
8.092912599999999657e+02 1.046569064723779953e-02
8.092965699999999742e+02 9.983625594185000559e-04
8.093019399999999450e+02 4.074250697494299911e-03
8.093073100000000295e+02 -3.768201057796800001e-03
8.093126800000000003e+02 3.057311610853999818e-03
8.093180499999999711e+02 1.002356907857700078e-03
8.093234300000000303e+02 -5.817017568439699672e-03
8.093288000000000011e+02 -1.471541571899209928e-02
8.093341699999999719e+02 2.802387628397299841e-03
8.093395400000000564e+02 1.004851826410809931e-02
8.093448499999999513e+02 -1.277554883378999914e-03
8.093502200000000357e+02 4.922234095396499885e-03
8.093555900000000065e+02 4.588637569973000232e-04
8.093609599999999773e+02 -7.679195651887200241e-03
8.093663299999999481e+02 -2.087520131678199855e-03
8.093717000000000326e+02 -1.222541778861499983e-03
8.093770799999999781e+02 9.385961782690999860e-04
8.093824499999999489e+02 -1.659885094455880103e-02
8.093878200000000334e+02 -1.908558453575000128e-04
8.093931300000000419e+02 6.336101126578000267e-04
8.093985000000000127e+02 1.388352224011589996e-02
8.094038699999999835e+02 -5.107947251576599665e-03
8.094092399999999543e+02 -4.160203841185899920e-03
8.094146100000000388e+02 7.433932169864700297e-03
8.094199800000000096e+02 -2.165362634512699863e-03
8.094253499999999804e+02 2.439040377378800042e-03
8.094307300000000396e+02 4.965956490410100219e-03
8.094361000000000104e+02 5.382561919758200274e-03
8.094414100000000190e+02 -1.036634502848820041e-02
8.094467799999999897e+02 5.328082805987699802e-03
8.094521499999999605e+02 -7.717606807686399652e-03
8.094575200000000450e+02 8.923414930910299539e-03
8.094628900000000158e+02 -7.830365549934600183e-03
8.094682599999999866e+02 -2.859286558137599885e-03
8.094736299999999574e+02 3.757850803227799890e-03
8.094790000000000418e+02 -9.533632460256100810e-03
8.094843100000000504e+02 1.237600101031499948e-03
8.094896899999999960e+02 6.449868632983300418e-03
8.094950599999999667e+02 5.592218446121799587e-03
8.095004300000000512e+02 7.960953309872000234e-04
8.095058000000000220e+02 3.702819615224299879e-03
8.095111699999999928e+02 -4.122849319616300051e-03
8.095165399999999636e+02 5.441741178491900019e-03
8.095219100000000481e+02 -2.432893662564000129e-04
8.095272800000000188e+02 -3.960639050657000036e-04
8.095325900000000274e+02 8.637699968651999308e-03
8.095379599999999982e+02 1.130955333843099977e-03
8.095433299999999690e+02 6.321671541708800274e-03
8.095487100000000282e+02 1.293863930399049948e-02
8.095540799999999990e+02 2.942213767252000269e-04
8.095594499999999698e+02 -4.776626155016900320e-03
8.095648200000000543e+02 2.255838847058200085e-03
8.095701900000000251e+02 1.615379871119000134e-04
8.095755599999999959e+02 -4.448159626917899678e-03
8.095808700000000044e+02 -1.320025408392900071e-03
8.095862399999999752e+02 2.615742587618500193e-03
8.095916099999999460e+02 -1.910212238114599977e-03
8.095969800000000305e+02 3.119038285078800168e-03
8.096023599999999760e+02 3.856172740129400200e-03
8.096077299999999468e+02 -1.188857404447869921e-02
8.096131000000000313e+02 -2.623229519722999805e-04
8.096184700000000021e+02 -5.309000507329499942e-03
8.096238399999999729e+02 -7.681851128009499659e-03
8.096291499999999814e+02 5.235504957182500127e-03
8.096345199999999522e+02 6.083439251185599611e-03
8.096398900000000367e+02 5.163623899520899604e-03
8.096452600000000075e+02 -4.533016897443300185e-03
8.096506299999999783e+02 7.857400790173300550e-03
8.096560100000000375e+02 -9.206567113180999648e-04
8.096613800000000083e+02 1.264685486474149967e-02
8.096667499999999791e+02 -1.850345326174300011e-03
8.096721199999999499e+02 -8.447080477121199360e-03
8.096774299999999585e+02 -2.008501546001499865e-03
8.096828000000000429e+02 2.689696354292199845e-03
8.096881700000000137e+02 -7.332912704517299991e-03
8.096935399999999845e+02 -4.368237099535599889e-03
8.096989099999999553e+02 4.458712202915000216e-04
8.097042800000000398e+02 -1.693010502531600101e-03
8.097096599999999853e+02 2.949620116335499847e-03
8.097150299999999561e+02 3.246541143891099913e-03
8.097203399999999647e+02 3.228623643096600188e-03
8.097257100000000491e+02 7.051672587052300149e-03
8.097310800000000199e+02 1.547711482262600089e-03
8.097364499999999907e+02 -1.870343088182000011e-04
8.097418199999999615e+02 1.068956321312660059e-02
8.097471900000000460e+02 1.093686239028899936e-03
8.097525600000000168e+02 -7.950416009099200640e-03
8.097579299999999876e+02 -7.751688413419900378e-03
8.097633100000000468e+02 1.443507424109180017e-02
8.097686200000000554e+02 -1.761081314654599963e-03
8.097739900000000262e+02 3.505531262755299821e-03
8.097793599999999969e+02 -3.902221075557699842e-03
8.097847299999999677e+02 -1.755641269436000046e-03
8.097901000000000522e+02 1.649294192365099911e-03
8.097954700000000230e+02 -9.576019138303699940e-03
8.098008399999999938e+02 -4.695795584361999765e-04
8.098062099999999646e+02 -4.248541056324799635e-03
8.098115800000000490e+02 3.963443450001999727e-03
8.098168899999999439e+02 -1.291081003074950016e-02
8.098222700000000032e+02 -4.828886589852500293e-03
8.098276399999999740e+02 5.991025984600099885e-03
8.098330099999999447e+02 -2.532643060012899818e-03
8.098383800000000292e+02 1.089198812436400045e-03
8.098437500000000000e+02 -1.013579337107649997e-02
8.098491199999999708e+02 -4.059957709132699932e-03
8.098544900000000553e+02 1.106375180323650002e-02
8.098598600000000260e+02 2.168371174287999986e-04
8.098651700000000346e+02 -7.538312331160399588e-03
8.098705400000000054e+02 5.271110906388499703e-03
8.098759199999999510e+02 7.726111712506199790e-03
8.098812900000000354e+02 2.202318750292800095e-03
8.098866600000000062e+02 -1.427568070117259981e-02
8.098920299999999770e+02 -3.887748560043500189e-03
8.098973999999999478e+02 -1.640770776371899831e-02
8.099027700000000323e+02 8.486680127229999945e-05
8.099080800000000409e+02 1.031184645024920028e-02
8.099134500000000116e+02 -2.037548929720899796e-03
8.099188199999999824e+02 -3.022353509641799874e-03
8.099241899999999532e+02 -7.420572548936999651e-04
8.099295700000000124e+02 -3.089727490038099954e-03
8.099349399999999832e+02 -2.647373026114599806e-03
8.099403099999999540e+02 -7.536878609160100294e-03
8.099456800000000385e+02 1.682128290798609940e-02
8.099510500000000093e+02 5.123811708861999515e-04
8.099563600000000179e+02 1.871889733131500014e-03
8.099617299999999886e+02 3.700527789177999972e-04
8.099670999999999594e+02 -3.470640281376100034e-03
8.099724700000000439e+02 1.974546433140799903e-03
8.099778400000000147e+02 3.525698259019899999e-03
8.099832199999999602e+02 8.491377784921500665e-03
8.099885900000000447e+02 -2.827386884820399984e-03
8.099939600000000155e+02 1.197869371754669947e-02
8.099993299999999863e+02 1.386526855390399909e-03
8.100046399999999949e+02 -1.224681475165169918e-02
8.100100099999999657e+02 9.750029818543400062e-03
8.100153800000000501e+02 -1.133380118915650048e-02
8.100207500000000209e+02 -4.547427184583000188e-04
8.100261199999999917e+02 8.078081103126900225e-03
8.100314899999999625e+02 1.689732762913399985e-03
8.100368700000000217e+02 -3.948098835626700359e-03
8.100422399999999925e+02 7.539442152799000381e-03
8.100476099999999633e+02 -5.621755914423999826e-04
8.100529199999999719e+02 2.386625267212700175e-03
8.100582900000000564e+02 4.527285683938299908e-03
8.100636600000000271e+02 7.120391174826799958e-03
8.100690299999999979e+02 2.869979878809899784e-03
8.100743999999999687e+02 2.909601605572500072e-03
8.100797700000000532e+02 9.238177395351699489e-03
8.100851400000000240e+02 5.520593012141099612e-03
8.100905199999999695e+02 5.691779332838700287e-03
8.100958299999999781e+02 -8.423966240692999565e-04
8.101011999999999489e+02 -1.375264647586999878e-04
8.101065700000000334e+02 1.006678515396149977e-02
8.101119400000000041e+02 6.985558353483799741e-03
8.101173099999999749e+02 -4.529843295103999808e-03
8.101226799999999457e+02 -1.669664459443100058e-03
8.101280500000000302e+02 -9.834796021061999616e-04
8.101334200000000010e+02 -8.241792341910700662e-03
8.101387899999999718e+02 -6.460782892003199586e-03
8.101440999999999804e+02 -5.375241392198399845e-03
8.101494800000000396e+02 3.142062479482999899e-03
8.101548500000000104e+02 1.436307021304599960e-03
8.101602199999999812e+02 2.500161140783000151e-03
8.101655899999999519e+02 1.288481325247200007e-02
8.101709600000000364e+02 2.191124032737999834e-03
8.101763300000000072e+02 -4.233062192186799570e-03
8.101816999999999780e+02 -5.038746214858500112e-03
8.101870699999999488e+02 9.843876861784900054e-03
8.101923799999999574e+02 -1.155053868875199940e-03
8.101977500000000418e+02 -1.219047982931299951e-03
8.102031200000000126e+02 7.958980160229999997e-05
8.102084999999999582e+02 -7.577988104598000312e-04
8.102138700000000426e+02 1.014787029253999898e-03
8.102192400000000134e+02 -4.832408280811700124e-03
8.102246099999999842e+02 -2.448412072189099821e-03
8.102299799999999550e+02 1.108256505127729920e-02
8.102353500000000395e+02 -2.443728019516600188e-03
8.102406600000000481e+02 -4.050831703505100058e-03
8.102460300000000188e+02 -8.225358059596399318e-03
8.102513999999999896e+02 -1.997155511935500092e-03
8.102567699999999604e+02 -3.250712966355299820e-03
8.102621500000000196e+02 5.626421497791599981e-03
8.102675199999999904e+02 -9.279982462151899203e-03
8.102728899999999612e+02 7.324609071827700192e-03
8.102782600000000457e+02 -1.871881714239999979e-03
8.102835700000000543e+02 -1.686233706729299954e-03
8.102889400000000251e+02 -3.260919779577100067e-03
8.102943099999999959e+02 1.814711976506499895e-03
8.102996799999999666e+02 2.216867910749000057e-03
8.103050500000000511e+02 -2.540671457631600138e-03
8.103104200000000219e+02 -1.761913379847000088e-04
8.103157999999999674e+02 -7.035311071552899712e-03
8.103211700000000519e+02 4.162342326614000033e-03
8.103265400000000227e+02 4.556825786105600344e-03
8.103318500000000313e+02 -1.922961807284500040e-03
8.103372200000000021e+02 7.635030215402799879e-03
8.103425899999999729e+02 -1.208164114172799973e-03
8.103479599999999436e+02 2.062507722228449844e-02
8.103533300000000281e+02 -1.652115983768899900e-03
8.103586999999999989e+02 6.286150329170199676e-03
8.103640699999999697e+02 9.034934965664400547e-03
8.103694500000000289e+02 2.197665225545499933e-03
8.103748199999999997e+02 7.436961073472399784e-03
8.103801300000000083e+02 -6.674200729311999605e-03
8.103854999999999791e+02 4.136167402193500348e-03
8.103908699999999499e+02 -1.477488567236500067e-03
8.103962400000000343e+02 6.562486521021499569e-03
8.104016100000000051e+02 4.606808699684299645e-03
8.104069799999999759e+02 -2.298750010284900114e-03
8.104123499999999467e+02 -4.914145243453699879e-03
8.104177200000000312e+02 5.095339502490000265e-05
8.104230999999999767e+02 5.267046602087900424e-03
8.104284099999999853e+02 3.095850441545100213e-03
8.104337799999999561e+02 4.424586143925699801e-03
8.104391500000000406e+02 3.970465622903700253e-03
8.104445200000000114e+02 -4.495942415456400353e-03
8.104498899999999821e+02 -5.022617126800700202e-03
8.104552599999999529e+02 -5.033513199807999883e-03
8.104606300000000374e+02 4.562911708609800401e-03
8.104660000000000082e+02 -2.153003493206800175e-03
8.104713100000000168e+02 4.723373298565000308e-03
8.104766799999999876e+02 4.940801451696999989e-03
8.104820600000000468e+02 2.274237606683600192e-03
8.104874300000000176e+02 -1.932785648183900015e-03
8.104927999999999884e+02 -4.747252446706999932e-04
8.104981699999999591e+02 -4.043177632620499617e-03
8.105035400000000436e+02 5.470376128951399790e-03
8.105089100000000144e+02 8.390948894830000315e-04
8.105142799999999852e+02 -1.651019741826899919e-03
8.105195899999999938e+02 -3.197990042849600117e-03
8.105249599999999646e+02 4.116635371217199774e-03
8.105303300000000490e+02 9.588110149683200245e-03
8.105357099999999946e+02 -6.764385907913400206e-03
8.105410799999999654e+02 5.778946979963500187e-03
8.105464500000000498e+02 -2.025954346859700200e-03
8.105518200000000206e+02 -3.452530803335099926e-03
8.105571899999999914e+02 2.687007600270699837e-03
8.105625599999999622e+02 1.030260306639040058e-02
8.105678699999999708e+02 1.070455147404899936e-02
8.105732400000000553e+02 -8.987304063115999619e-04
8.105786100000000260e+02 -1.026562132273419956e-02
8.105839799999999968e+02 -1.947465318526399921e-03
8.105893600000000561e+02 4.288324495910499773e-03
8.105947300000000268e+02 -7.331121820792200171e-03
8.106000999999999976e+02 4.420452602958599778e-03
8.106054699999999684e+02 8.094481596111900018e-03
8.106108400000000529e+02 1.902480496852399948e-03
8.106161499999999478e+02 -2.575733220921199926e-03
8.106215200000000323e+02 6.441153367348399772e-03
8.106268900000000031e+02 1.601809301629460169e-02
8.106322599999999738e+02 -5.338555115037999996e-04
8.106376299999999446e+02 -4.566074902735499895e-03
8.106430100000000039e+02 4.086929390409999897e-03
8.106483799999999746e+02 -7.019575754848000199e-04
8.106537499999999454e+02 5.493406795246199778e-03
8.106590599999999540e+02 4.535332537059899582e-03
8.106644300000000385e+02 -6.136077258741899632e-03
8.106698000000000093e+02 -7.779583939809000225e-04
8.106751699999999801e+02 4.619656826775900109e-03
8.106805399999999509e+02 2.059657321544300194e-03
8.106859100000000353e+02 1.509935861511399989e-03
8.106912800000000061e+02 2.528358088991500014e-03
8.106966599999999517e+02 -2.485268976205700156e-03
8.107020300000000361e+02 -4.127149244609999994e-04
8.107073400000000447e+02 1.835926146669999970e-04
8.107127100000000155e+02 -8.171405764425999788e-04
8.107180799999999863e+02 2.205880143414999889e-04
8.107234499999999571e+02 -5.921682390993000290e-03
8.107288200000000415e+02 3.234192358570499998e-03
8.107341900000000123e+02 -7.452813927979300146e-03
8.107395599999999831e+02 5.339158688101900210e-03
8.107449299999999539e+02 -2.928704959103199928e-03
8.107503100000000131e+02 -2.554318541378599802e-03
8.107556200000000217e+02 -1.349121293251299980e-03
8.107609899999999925e+02 -1.790221789214900073e-03
8.107663599999999633e+02 -1.328861755305930058e-02
8.107717300000000478e+02 1.279225601799239935e-02
8.107771000000000186e+02 1.524837742561900014e-03
8.107824699999999893e+02 -4.999942868128100064e-03
8.107878399999999601e+02 -1.354205207571389930e-02
8.107932100000000446e+02 -1.872531903538600037e-03
8.107985800000000154e+02 3.147845454367300105e-03
8.108038900000000240e+02 -6.301057900078400366e-03
8.108092699999999695e+02 -9.998637447369000675e-03
8.108146400000000540e+02 8.352372572873299414e-03
8.108200100000000248e+02 8.275233101040899500e-03
8.108253799999999956e+02 6.618883741610299964e-03
8.108307499999999663e+02 6.594145563725999949e-04
8.108361200000000508e+02 -4.745411884848899607e-03
8.108414900000000216e+02 1.420009099278100005e-02
8.108468000000000302e+02 -5.451921944125699693e-03
8.108521700000000010e+02 -6.022565108786399717e-03
8.108575399999999718e+02 6.627801761165500426e-03
8.108629200000000310e+02 -8.153202783809999400e-05
8.108682900000000018e+02 -6.225521922374000015e-04
8.108736599999999726e+02 6.014889129604199594e-03
8.108790299999999434e+02 1.636521529776700096e-03
8.108844000000000278e+02 1.229168580566450050e-02
8.108897699999999986e+02 -2.087983748825700085e-03
8.108950800000000072e+02 -1.998973948360999999e-04
8.109004499999999780e+02 -1.090001231293000021e-02
8.109058199999999488e+02 7.559779386496600327e-03
8.109111900000000333e+02 8.026832012087899496e-03
8.109165600000000040e+02 1.274763707941500065e-03
8.109219399999999496e+02 -8.501375064710599977e-03
8.109273100000000341e+02 -5.789667281526999706e-03
8.109326800000000048e+02 8.732292458266500274e-03
8.109380499999999756e+02 -8.410076663306999874e-04
8.109433599999999842e+02 -1.792857239537900063e-03
8.109487299999999550e+02 -6.516609006227700243e-03
8.109541000000000395e+02 -6.758706465656899934e-03
8.109594700000000103e+02 8.788130381649699591e-03
8.109648399999999810e+02 -2.658162540923899794e-03
8.109702099999999518e+02 6.118708767606600291e-03
8.109755900000000111e+02 -5.021566660400400041e-03
8.109809599999999818e+02 -1.275551929480999965e-04
8.109863299999999526e+02 5.317484041198299906e-03
8.109916399999999612e+02 -2.260238997455999929e-04
8.109970100000000457e+02 -2.633254531641999758e-04
8.110023800000000165e+02 -6.625741676401700371e-03
8.110077499999999873e+02 1.136488644117900071e-02
8.110131199999999581e+02 1.820221656872500092e-03
8.110184900000000425e+02 -6.544405713129300070e-03
8.110238600000000133e+02 -1.078637880569469944e-02
8.110292399999999589e+02 3.963382156369299990e-03
8.110345499999999674e+02 -5.337155873045800261e-03
8.110399200000000519e+02 7.682833515270899756e-03
8.110452900000000227e+02 -1.017132118694829938e-02
8.110506599999999935e+02 2.242353613912200037e-03
8.110560299999999643e+02 -2.304501232192399888e-03
8.110614000000000487e+02 6.381540583917599818e-03
8.110667700000000195e+02 -1.609917618440200081e-03
8.110721399999999903e+02 -1.758404020473800042e-03
8.110775099999999611e+02 1.244410370016700053e-03
8.110828199999999697e+02 4.839135405446700136e-03
8.110882000000000289e+02 -7.336581882825999809e-03
8.110935699999999997e+02 5.634622630276899836e-03
8.110989399999999705e+02 2.917081560119699941e-03
8.111043100000000550e+02 -7.356624272899700209e-03
8.111096800000000258e+02 -4.784680835304200297e-03
8.111150499999999965e+02 -4.713237851900100271e-03
8.111204199999999673e+02 8.778271243317500513e-03
8.111257900000000518e+02 -2.751524096470499975e-03
8.111310999999999467e+02 -3.853849674159099976e-03
8.111364700000000312e+02 6.757340413915600280e-03
8.111418499999999767e+02 -1.084637529281930017e-02
8.111472199999999475e+02 5.021939365758200206e-03
8.111525900000000320e+02 1.074049909308500035e-02
8.111579600000000028e+02 3.696395461930200143e-03
8.111633299999999736e+02 5.254619755516900213e-03
8.111686999999999443e+02 3.936906645473300242e-03
8.111740700000000288e+02 -7.528113031277100173e-03
8.111793800000000374e+02 8.607659853347599324e-03
8.111847500000000082e+02 -6.112534326384299992e-03
8.111901199999999790e+02 3.023546461261399955e-03
8.111955000000000382e+02 -4.511933647339000202e-03
8.112008700000000090e+02 -3.749525470387600045e-03
8.112062399999999798e+02 -3.061046562425200155e-03
8.112116099999999506e+02 6.808825575975500054e-03
8.112169800000000350e+02 -6.900598061166899645e-03
8.112222900000000436e+02 -6.269143867837999838e-04
8.112276600000000144e+02 4.529058937858499931e-03
8.112330299999999852e+02 -7.401679677921199629e-03
8.112383999999999560e+02 -4.163581927548100359e-03
8.112437700000000405e+02 -1.060056279312270033e-02
8.112491499999999860e+02 -1.233961006993800069e-03
8.112545199999999568e+02 -4.040933214653199754e-03
8.112598900000000413e+02 -1.387915664223519918e-02
8.112652600000000120e+02 -4.118041285014699578e-03
8.112705700000000206e+02 -2.406471069315600005e-03
8.112759399999999914e+02 -2.068932714061499922e-03
8.112813099999999622e+02 8.138972192062799219e-03
8.112866800000000467e+02 5.641950979176899895e-03
8.112920500000000175e+02 7.109515351271299653e-03
8.112974199999999882e+02 1.443715013272099928e-03
8.113028000000000475e+02 1.443414020631600013e-03
8.113081700000000183e+02 3.405614899408799991e-03
8.113135399999999890e+02 -1.104146330739899954e-03
8.113188499999999976e+02 2.931047074245199825e-03
8.113242199999999684e+02 -1.334668331964919928e-02
8.113295900000000529e+02 -4.857947600950999838e-04
8.113349600000000237e+02 4.510032824470800415e-03
8.113403299999999945e+02 2.999230478790399987e-03
8.113456999999999653e+02 -7.161394464718699900e-03
8.113510700000000497e+02 9.496166438743399579e-03
8.113564499999999953e+02 -2.526761288976999862e-04
8.113618199999999661e+02 -6.091654957393000331e-04
8.113671299999999746e+02 -7.157048900542999602e-04
8.113724999999999454e+02 -5.015676329888200252e-03
8.113778700000000299e+02 -4.453596265605599784e-03
8.113832400000000007e+02 2.003129152102100206e-03
8.113886099999999715e+02 8.831787517204800486e-03
8.113939800000000560e+02 -3.567240145640000119e-04
8.113993500000000267e+02 -7.081383202743500062e-03
8.114047199999999975e+02 -9.343392427819299795e-03
8.114101000000000568e+02 -1.227622138869200038e-03
8.114154099999999517e+02 -7.462629462246800002e-03
8.114207800000000361e+02 8.638240478113899321e-03
8.114261500000000069e+02 1.748070906267699997e-03
8.114315199999999777e+02 1.333535203433200032e-03
8.114368899999999485e+02 1.124492799782300005e-03
8.114422600000000330e+02 3.798980094185199982e-03
8.114476300000000037e+02 7.600571443677300171e-03
8.114529999999999745e+02 8.807608527697300543e-03
8.114583099999999831e+02 -7.583250616379999705e-03
8.114636799999999539e+02 -1.052559176675509946e-02
8.114690600000000131e+02 5.644619564478600172e-03
8.114744299999999839e+02 -1.372998250529300053e-03
8.114797999999999547e+02 6.698071332780899945e-03
8.114851700000000392e+02 -3.264516349352999947e-03
8.114905400000000100e+02 4.352830936060900040e-03
8.114959099999999808e+02 8.526941834822299518e-03
8.115012799999999515e+02 4.276815658763100277e-03
8.115065899999999601e+02 8.104428158321699827e-03
8.115119600000000446e+02 -2.212899475062399951e-03
8.115173300000000154e+02 5.848261409503000300e-04
8.115227099999999609e+02 7.957125104969000294e-04
8.115280800000000454e+02 -5.242279551277100220e-03
8.115334500000000162e+02 -7.564038043329299708e-03
8.115388199999999870e+02 -7.529812848776199809e-03
8.115441899999999578e+02 -5.232251015714100423e-03
8.115495600000000422e+02 -4.922025897356899736e-03
8.115548700000000508e+02 3.801845010974000015e-04
8.115602400000000216e+02 8.112897594051699315e-03
8.115656099999999924e+02 -3.265287043616300205e-03
8.115709799999999632e+02 -9.985492134471300740e-03
8.115763500000000477e+02 -8.350733755263999936e-04
8.115817299999999932e+02 1.226304291997899927e-03
8.115870999999999640e+02 -1.717325455675200062e-03
8.115924700000000485e+02 3.985772658254700153e-03
8.115978400000000192e+02 8.187050125237000427e-04
8.116031500000000278e+02 3.233586258370600187e-03
8.116085199999999986e+02 5.503844600882700291e-03
8.116138899999999694e+02 -8.561743978593499768e-03
8.116192600000000539e+02 -5.788015948203999563e-04
8.116246300000000247e+02 8.722089831079999505e-05
8.116299999999999955e+02 3.049798521065100187e-03
8.116353800000000547e+02 -3.443869342038499964e-03
8.116407500000000255e+02 -2.442684211877500008e-03
8.116460600000000341e+02 -2.675992402922100066e-03
8.116514300000000048e+02 8.576787693650899519e-03
8.116567999999999756e+02 -4.463293525945999764e-04
8.116621699999999464e+02 -1.421841442468000033e-03
8.116675400000000309e+02 3.397295666856600151e-03
8.116729100000000017e+02 -8.846788000367099974e-03
8.116782799999999725e+02 -5.354838084959800265e-03
8.116836499999999432e+02 7.254607580538000207e-03
8.116890300000000025e+02 4.270773403386000119e-04
8.116943400000000111e+02 -2.125997066938500012e-03
8.116997099999999818e+02 -4.025136466546600303e-03
8.117050799999999526e+02 8.005220453805000479e-04
8.117104500000000371e+02 -9.596730764468000335e-04
8.117158200000000079e+02 9.661888984777999151e-03
8.117211899999999787e+02 -2.493767117453000049e-03
8.117265599999999495e+02 -1.080546762981999972e-04
8.117319300000000339e+02 -1.654672749497000043e-04
8.117373000000000047e+02 -1.253290746959600079e-03
8.117426100000000133e+02 -3.318496491939999793e-03
8.117479899999999589e+02 -4.791070637291600272e-03
8.117533600000000433e+02 -9.268682748933899582e-03
8.117587300000000141e+02 -2.702305130591500185e-03
8.117640999999999849e+02 5.175216232410699904e-03
8.117694699999999557e+02 -6.276966356472899952e-03
8.117748400000000402e+02 4.724228779356199823e-03
8.117802100000000110e+02 2.726514358729900146e-03
8.117855799999999817e+02 5.321066331401599903e-03
8.117908899999999903e+02 -1.706666090414640097e-02
8.117962599999999611e+02 6.604647389407000083e-04
8.118016400000000203e+02 1.727872359305999918e-04
8.118070099999999911e+02 9.038721219860599773e-03
8.118123799999999619e+02 -9.049560292376000042e-03
8.118177500000000464e+02 -2.164045382624700010e-03
8.118231200000000172e+02 -3.075816219520900036e-03
8.118284899999999880e+02 -5.563184163700300375e-03
8.118337999999999965e+02 1.166803609963300032e-03
8.118391699999999673e+02 2.690681991402499914e-03
8.118445400000000518e+02 -3.412249729771099898e-03
8.118499100000000226e+02 -6.863156343305299584e-03
8.118552899999999681e+02 1.467289736967899993e-03
8.118606600000000526e+02 -7.298053889234700289e-03
8.118660300000000234e+02 -3.460072429005799869e-03
8.118713999999999942e+02 5.270278038971200167e-03
8.118767699999999650e+02 7.969327483637600462e-03
8.118820799999999736e+02 2.645619163321399903e-03
8.118874499999999443e+02 -9.644200756988999604e-04
8.118928200000000288e+02 -1.787538094944800043e-03
8.118981899999999996e+02 1.780499288500799913e-03
8.119035599999999704e+02 -2.125528374058500113e-03
8.119089400000000296e+02 -3.199838116770800048e-03
8.119143100000000004e+02 -2.977538394255700195e-03
8.119196799999999712e+02 -3.048582814445899812e-03
8.119250500000000557e+02 4.342381222085399742e-03
8.119303599999999506e+02 3.063611243932800113e-03
8.119357300000000350e+02 -9.966276790418100370e-03
8.119411000000000058e+02 8.119654381307099197e-03
8.119464699999999766e+02 3.618434613548699927e-03
8.119518399999999474e+02 -5.161839060509199745e-03
8.119572100000000319e+02 1.064629528509970086e-02
8.119625899999999774e+02 1.193279245298329953e-02
8.119679599999999482e+02 8.107897671470600670e-03
8.119733300000000327e+02 -1.198639207125569948e-02
8.119786400000000413e+02 -2.370212037131399965e-03
8.119840100000000120e+02 -6.898846943729400327e-03
8.119893799999999828e+02 -8.241641331368300058e-03
8.119947499999999536e+02 2.961785208787700002e-03
8.120001200000000381e+02 1.239381973609300072e-03
8.120054900000000089e+02 -5.477383498068699730e-03
8.120108599999999797e+02 -9.356434187119999678e-05
8.120162400000000389e+02 -6.661778025288199630e-03
8.120215500000000475e+02 1.195987799021299997e-03
8.120269200000000183e+02 1.003705539063800027e-03
8.120322899999999890e+02 -8.107316821514000101e-04
8.120376599999999598e+02 -3.475620869688800154e-03
8.120430300000000443e+02 1.570820661299999954e-06
8.120484000000000151e+02 -1.141215328672100064e-03
8.120537699999999859e+02 -4.331248188994899807e-03
8.120591399999999567e+02 9.147751490349999943e-04
8.120645100000000411e+02 -2.165228883900899900e-03
8.120698200000000497e+02 2.492705126075900161e-03
8.120751999999999953e+02 -1.166604594282330022e-02
8.120805699999999661e+02 4.399202505911000110e-04
8.120859400000000505e+02 -1.216677544868200031e-03
8.120913100000000213e+02 7.938311733350500096e-03
8.120966799999999921e+02 1.867328175695250059e-02
8.121020499999999629e+02 -6.822927908926699862e-03
8.121074200000000474e+02 1.128613609571950047e-02
8.121127900000000182e+02 -5.428904378069800314e-03
8.121181000000000267e+02 7.268494160506400181e-03
8.121234699999999975e+02 6.171809911353000333e-03
8.121288500000000568e+02 6.221605450954699641e-03
8.121342200000000275e+02 2.575385667010099845e-03
8.121395899999999983e+02 -8.696620178344900004e-03
8.121449599999999691e+02 -6.070285307591999531e-04
8.121503300000000536e+02 -8.624108072820199644e-03
8.121557000000000244e+02 1.252219602647029924e-02
8.121610699999999952e+02 2.588170952995399923e-03
8.121663800000000037e+02 4.046966881847500336e-03
8.121717499999999745e+02 5.979168574732099568e-03
8.121771199999999453e+02 -5.308189034522300433e-03
8.121825000000000045e+02 3.851452739885000056e-04
8.121878699999999753e+02 -6.006766739280400107e-03
8.121932399999999461e+02 4.136192769871299864e-03
8.121986100000000306e+02 -3.261718309388000176e-04
8.122039800000000014e+02 -1.555778813191399917e-03
8.122092900000000100e+02 -8.056821601696699878e-03
8.122146599999999808e+02 2.068122016822299993e-03
8.122200299999999515e+02 -3.028315107553000208e-04
8.122254000000000360e+02 3.370148107519899995e-03
8.122307700000000068e+02 5.597381374665100391e-03
8.122361499999999523e+02 5.459575068067800026e-03
8.122415200000000368e+02 2.779006100649200010e-03
8.122468900000000076e+02 7.186539920737000132e-03
8.122522599999999784e+02 6.757181238648300031e-03
8.122575699999999870e+02 4.003210064689999986e-03
8.122629399999999578e+02 -3.684871488035000153e-03
8.122683100000000422e+02 -2.344348881414800093e-03
8.122736800000000130e+02 -2.618356212817000202e-03
8.122790499999999838e+02 5.018029069182999846e-03
8.122844199999999546e+02 2.953131921304800143e-03
8.122897900000000391e+02 2.971158637761199973e-03
8.122951699999999846e+02 3.583694246255000014e-04
8.123005399999999554e+02 -1.044279430178179924e-02
8.123058499999999640e+02 -7.423891220018800224e-03
8.123112200000000485e+02 -1.131525862432960008e-02
8.123165900000000192e+02 -9.029829198075999680e-03
8.123219599999999900e+02 2.624599604374000094e-04
8.123273299999999608e+02 -3.335841646623499950e-03
8.123327000000000453e+02 -1.691299603201700018e-03
8.123380700000000161e+02 4.755818620163000145e-04
8.123434399999999869e+02 -1.523538393704139925e-02
8.123488200000000461e+02 -1.137042905598490035e-02
8.123541300000000547e+02 -5.217438673727799701e-03
8.123595000000000255e+02 -6.869908970690099571e-03
8.123648699999999963e+02 1.013605273286780073e-02
8.123702399999999670e+02 2.682668610006200098e-03
8.123756100000000515e+02 -5.654130423512600256e-03
8.123809800000000223e+02 -2.139487267330300070e-03
8.123863499999999931e+02 1.787358020971999920e-03
8.123917199999999639e+02 1.766379665403700018e-03
8.123970299999999725e+02 -6.490976186784999657e-03
8.124023999999999432e+02 2.015067728708999878e-04
8.124077800000000025e+02 3.018287844294999939e-03
8.124131499999999733e+02 1.474185760624500052e-03
8.124185199999999440e+02 3.521319725041599860e-03
8.124238900000000285e+02 5.034844275538800235e-03
8.124292599999999993e+02 -1.165076972412170016e-02
8.124346299999999701e+02 -7.776648349078999801e-03
8.124400000000000546e+02 -8.317043843421299473e-03
8.124453099999999495e+02 3.857347136381400216e-03
8.124506800000000339e+02 1.111407849303820000e-02
8.124560500000000047e+02 -5.126286653526599887e-03
8.124614299999999503e+02 1.623426926366399901e-03
8.124668000000000347e+02 5.277985188111699623e-03
8.124721700000000055e+02 -4.310435909189999973e-05
8.124775399999999763e+02 6.944269747932599844e-03
8.124829099999999471e+02 5.017896255450100297e-03
8.124882800000000316e+02 8.242705929907900159e-03
8.124935900000000402e+02 5.588400062034999845e-03
8.124989600000000110e+02 1.157695919723739954e-02
8.125043299999999817e+02 7.468025808975999567e-03
8.125096999999999525e+02 4.646820240195999666e-03
8.125150800000000118e+02 1.140372363606909946e-02
8.125204499999999825e+02 1.663154154109509897e-02
8.125258199999999533e+02 -3.602204481683400107e-03
8.125311900000000378e+02 -1.571936495216899946e-03
8.125365600000000086e+02 9.064081944116300638e-03
8.125418700000000172e+02 1.273247561848060011e-02
8.125472399999999880e+02 1.301262363665309923e-02
8.125526099999999587e+02 3.997521674941899653e-03
8.125579800000000432e+02 -2.764732453906099986e-03
8.125633500000000140e+02 2.342451300558500132e-03
8.125687299999999595e+02 -1.420163774379399908e-03
8.125741000000000440e+02 -4.753273556211100315e-03
8.125794700000000148e+02 -5.084620686617499601e-03
8.125847800000000234e+02 3.813795430978999916e-03
8.125901499999999942e+02 8.239894348684599634e-03
8.125955199999999650e+02 -2.622299023353800041e-03
8.126008900000000494e+02 1.373026144617499897e-03
8.126062600000000202e+02 -3.002750025106899843e-03
8.126116299999999910e+02 2.500967436246300142e-03
8.126169999999999618e+02 5.344403340432999673e-03
8.126223800000000210e+02 5.894071397418000277e-03
8.126277499999999918e+02 6.544421643099099933e-03
8.126330600000000004e+02 9.732996362666300472e-03
8.126384299999999712e+02 6.700815332018500090e-03
8.126438000000000557e+02 2.893945834276899932e-03
8.126491700000000264e+02 -1.542574216673300077e-03
8.126545399999999972e+02 -2.335008207854599813e-03
8.126599099999999680e+02 8.269888806446600016e-03
8.126652800000000525e+02 8.977087397178900793e-03
8.126706500000000233e+02 7.785870038207700315e-03
8.126760299999999688e+02 1.437516608240500078e-03
8.126813399999999774e+02 -4.436259735991199965e-03
8.126867099999999482e+02 -1.303222883782280059e-02
8.126920800000000327e+02 -7.040940533612399799e-03
8.126974500000000035e+02 -4.136019196854100188e-03
8.127028199999999742e+02 -7.314536518291100096e-03
8.127081899999999450e+02 -1.084774871526460009e-02
8.127135600000000295e+02 1.099418351503480065e-02
8.127189300000000003e+02 -5.824863772101200252e-03
8.127242999999999711e+02 2.361389842742500113e-03
8.127296099999999797e+02 4.267901600606600204e-03
8.127349900000000389e+02 1.413914495186499934e-03
8.127403600000000097e+02 6.862294189225300045e-03
8.127457299999999805e+02 -7.520865612599099762e-03
8.127510999999999513e+02 -6.111557997529599821e-03
8.127564700000000357e+02 9.519486607694700731e-03
8.127618400000000065e+02 3.184894260317699868e-03
8.127672099999999773e+02 1.813162797129199994e-03
8.127725199999999859e+02 8.821298198828599404e-03
8.127778899999999567e+02 -1.440575777784800036e-03
8.127832600000000411e+02 -1.097284740463170052e-02
8.127886399999999867e+02 -5.470713051912000184e-03
8.127940099999999575e+02 -7.640106760372100160e-03
8.127993800000000419e+02 -1.028922152585400041e-02
8.128047500000000127e+02 1.559223203641700063e-03
8.128101199999999835e+02 -2.768094743295900113e-03
8.128154899999999543e+02 4.612677123970099734e-03
8.128207999999999629e+02 -1.095636532679710069e-02
8.128261700000000474e+02 1.017184203016979933e-02
8.128315400000000182e+02 8.696496151213799902e-03
8.128369099999999889e+02 -2.577131234638499902e-03
8.128422900000000482e+02 6.460186704922100433e-03
8.128476600000000190e+02 7.355591534822000354e-04
8.128530299999999897e+02 -5.919710845831299868e-03
8.128583999999999605e+02 1.165552281250080077e-02
8.128637700000000450e+02 6.898857014730999833e-04
8.128690800000000536e+02 3.981865914349899845e-03
8.128744500000000244e+02 1.501988857408300066e-03
8.128798199999999952e+02 7.125114974060599640e-03
8.128851899999999659e+02 -2.765686062688500063e-03
8.128905600000000504e+02 3.243131073597099994e-03
8.128959399999999960e+02 -7.221248195418999982e-03
8.129013099999999667e+02 5.271462724108199813e-03
8.129066800000000512e+02 4.121791450355000337e-03
8.129120500000000220e+02 -5.187454754339499916e-03
8.129173600000000306e+02 1.348544566538139970e-02
8.129227300000000014e+02 -6.938028508537500035e-03
8.129280999999999722e+02 -8.201426862364599377e-03
8.129334700000000566e+02 -2.234747211974800161e-03
8.129388400000000274e+02 -3.860999260188399847e-03
8.129442099999999982e+02 -5.696945252415299733e-03
8.129495799999999690e+02 -6.978723498746499873e-03
8.129549600000000282e+02 1.884769673373799977e-03
8.129602700000000368e+02 -1.221046857667000129e-04
8.129656400000000076e+02 8.236051628533999679e-04
8.129710099999999784e+02 4.309084998599999917e-03
8.129763799999999492e+02 -1.081407907277799922e-03
8.129817500000000337e+02 9.763064064134000311e-03
8.129871200000000044e+02 1.142768937416799952e-03
8.129924899999999752e+02 -4.684573614779400166e-03
8.129978599999999460e+02 -5.615531973171700338e-03
