7.140000000000000000e+02 8.655586073323999702e-04
7.140053763440860166e+02 4.551910801415299732e-03
7.140107526881720332e+02 1.815691558463099903e-03
7.140161290322580498e+02 -2.243112205528499832e-03
7.140215053763440665e+02 -3.387221141163600062e-03
7.140268817204300831e+02 -4.937487256774000235e-04
7.140322580645160997e+02 -4.455871672300000313e-05
7.140376344086021163e+02 3.159154428210899854e-03
7.140430107526881329e+02 8.132324664325000412e-04
7.140483870967741495e+02 2.954579427089299836e-03
7.140537634408601662e+02 4.247610161261900288e-03
7.140591397849461828e+02 3.722263206527199816e-03
7.140645161290323131e+02 -1.468040871360000096e-03
7.140698924731183297e+02 8.371552753099599162e-03
7.140752688172043463e+02 -2.276086981705899813e-03
7.140806451612903629e+02 -8.140731615729999981e-04
7.140860215053763795e+02 5.332490054911099599e-03
7.140913978494623962e+02 -1.687123683553699979e-03
7.140967741935484128e+02 -3.245105949741500153e-03
7.141021505376344294e+02 1.477979485672300045e-03
7.141075268817204460e+02 8.144301352579999976e-04
7.141129032258064626e+02 1.025314807020300022e-03
7.141182795698924792e+02 2.380187797076199936e-03
7.141236559139784958e+02 1.350074664433000091e-03
7.141290322580645125e+02 2.936851041489999892e-04
7.141344086021505291e+02 2.002145477665100062e-03
7.141397849462365457e+02 -7.554642790009000360e-04
7.141451612903225623e+02 -8.511947953217999501e-04
7.141505376344085789e+02 -2.574814587260000127e-05
7.141559139784945955e+02 -6.954907023496000257e-04
7.141612903225806122e+02 -2.388331424267099799e-03
7.141666666666666288e+02 -6.118580696092400066e-03
7.141720430107526454e+02 -7.162878309844000193e-04
7.141774193548386620e+02 -5.155247976006600147e-03
7.141827956989246786e+02 -9.782089762062899652e-03
7.141881720430108089e+02 -4.542093353763599663e-03
7.141935483870968255e+02 4.458315185443599733e-03
7.141989247311828422e+02 4.667467365589999910e-03
7.142043010752688588e+02 1.298160204371900071e-03
7.142096774193548754e+02 7.790667732351999608e-04
7.142150537634408920e+02 -4.829658046638999865e-04
7.142204301075269086e+02 2.673700804795800089e-03
7.142258064516129252e+02 6.480461097061500191e-03
7.142311827956989418e+02 3.772205508377199975e-03
7.142365591397849585e+02 8.863621718952000277e-04
7.142419354838709751e+02 7.199749185307999927e-04
7.142473118279569917e+02 2.464306535547200212e-03
7.142526881720430083e+02 -8.926017528099999669e-06
7.142580645161290249e+02 -5.892506894694200283e-03
7.142634408602150415e+02 -6.643295431501000312e-03
7.142688172043010582e+02 -8.927968727421999691e-04
7.142741935483870748e+02 -3.008830527860799874e-03
7.142795698924730914e+02 -1.066298974476890052e-02
7.142849462365591080e+02 -3.415945604722899886e-03
7.142903225806451246e+02 -2.708931982439699831e-03
7.142956989247311412e+02 -5.072579699307799839e-03
7.143010752688171578e+02 2.753585938888000132e-03
7.143064516129031745e+02 3.710629598560000186e-03
7.143118279569891911e+02 2.473917076494999961e-03
7.143172043010753214e+02 5.240091828352800088e-03
7.143225806451613380e+02 3.768386158324599829e-03
7.143279569892473546e+02 1.411970626312900002e-03
7.143333333333333712e+02 3.891014816214999924e-04
7.143387096774193878e+02 -5.774296204755000441e-04
7.143440860215054045e+02 2.465422668201999908e-03
7.143494623655914211e+02 7.079935685165000131e-04
7.143548387096774377e+02 -1.922897778534000089e-03
7.143602150537634543e+02 -9.505603551053000162e-04
7.143655913978494709e+02 1.914845855435600049e-03
7.143709677419354875e+02 2.917515267959899794e-03
7.143763440860215042e+02 -4.843345381122900369e-03
7.143817204301075208e+02 -5.573859609759200182e-03
7.143870967741935374e+02 2.650670282094899893e-03
7.143924731182795540e+02 8.048983832525899787e-03
7.143978494623655706e+02 5.569042809748799873e-03
7.144032258064515872e+02 -5.901105256129999827e-04
7.144086021505376038e+02 -3.322383825146099819e-03
7.144139784946236205e+02 -2.358345751604499965e-03
7.144193548387096371e+02 8.656124005163000085e-04
7.144247311827956537e+02 -1.673339542833599935e-03
7.144301075268816703e+02 -7.181615003772500241e-03
7.144354838709676869e+02 1.287336743346500058e-03
7.144408602150538172e+02 1.194791203499680037e-02
7.144462365591398338e+02 7.494050554802500312e-03
7.144516129032258505e+02 -7.303317399070999695e-04
7.144569892473118671e+02 -4.160061815431099867e-03
7.144623655913978837e+02 5.037057435720300284e-03
7.144677419354839003e+02 8.634140259893299807e-03
7.144731182795699169e+02 2.039107389396999960e-03
7.144784946236559335e+02 2.748196298357999823e-03
7.144838709677419502e+02 4.436410878328299855e-03
7.144892473118279668e+02 1.835484825815899895e-03
7.144946236559139834e+02 1.939759063109300005e-03
7.145000000000000000e+02 1.344901292691299925e-03
7.145053763440860166e+02 -2.940294279846999937e-04
7.145107526881720332e+02 -4.870871328639100016e-03
7.145161290322580498e+02 -1.634712608665899987e-03
7.145215053763440665e+02 7.780288113225499944e-03
7.145268817204300831e+02 6.611456303959199754e-03
7.145322580645160997e+02 9.211927435003999581e-04
7.145376344086021163e+02 -1.015533983283100012e-03
7.145430107526881329e+02 1.518674997450500039e-03
7.145483870967741495e+02 -6.024196261470000056e-04
7.145537634408601662e+02 6.704763926811000210e-04
7.145591397849461828e+02 -8.973617450652000230e-04
7.145645161290323131e+02 -3.176820170164800124e-03
7.145698924731183297e+02 2.503001713782300117e-03
7.145752688172043463e+02 4.081658129721299835e-03
7.145806451612903629e+02 8.783682362675800104e-03
7.145860215053763795e+02 1.003889749853940049e-02
7.145913978494623962e+02 5.793076598203199951e-03
7.145967741935484128e+02 2.683699441654000158e-03
7.146021505376344294e+02 7.234213869655999746e-03
7.146075268817204460e+02 6.977494249869800082e-03
7.146129032258064626e+02 4.051915389735099779e-03
7.146182795698924792e+02 3.216717457304900125e-03
7.146236559139784958e+02 -5.490615524022000394e-04
7.146290322580645125e+02 3.227239554930999826e-03
7.146344086021505291e+02 5.920937796362200391e-03
7.146397849462365457e+02 7.216699035463800330e-03
7.146451612903225623e+02 3.217681814543600118e-03
7.146505376344085789e+02 1.128774761393799928e-03
7.146559139784945955e+02 6.859994825023999973e-03
7.146612903225806122e+02 -2.238939672122399957e-03
7.146666666666666288e+02 -1.086008579985500017e-03
7.146720430107526454e+02 1.236436132390299940e-03
7.146774193548386620e+02 2.963166222368800173e-03
7.146827956989246786e+02 3.604520816962000166e-03
7.146881720430108089e+02 6.472629864488200352e-03
7.146935483870968255e+02 4.310207332448999680e-03
7.146989247311828422e+02 4.659433229311200388e-03
7.147043010752688588e+02 2.596558605161899871e-03
7.147096774193548754e+02 1.861853630928000068e-03
7.147150537634408920e+02 2.015062063576500157e-03
7.147204301075269086e+02 2.125705660637200196e-03
7.147258064516129252e+02 2.407471218652400009e-03
7.147311827956989418e+02 1.669595126693300012e-03
7.147365591397849585e+02 4.179647636442999740e-03
7.147419354838709751e+02 2.761030546941299797e-03
7.147473118279569917e+02 2.247213908578000021e-04
7.147526881720430083e+02 -1.349540820239799894e-03
7.147580645161290249e+02 8.377486108466000031e-04
7.147634408602150415e+02 1.082884552620400065e-03
7.147688172043010582e+02 2.222899056685199905e-03
7.147741935483870748e+02 -2.885771408180600080e-03
7.147795698924730914e+02 -2.064169490443100007e-03
7.147849462365591080e+02 3.537826997053599831e-03
7.147903225806451246e+02 2.431593248129000000e-04
7.147956989247311412e+02 6.236129606872800255e-03
7.148010752688171578e+02 -1.050911502757200097e-03
7.148064516129031745e+02 5.309747733619000478e-04
7.148118279569891911e+02 3.278964177152799905e-03
7.148172043010753214e+02 4.043759003875799923e-03
7.148225806451613380e+02 4.285198635967900349e-03
7.148279569892473546e+02 2.688612898802700182e-03
7.148333333333333712e+02 -1.049631102330500065e-03
7.148387096774193878e+02 -4.206456601961999905e-04
7.148440860215054045e+02 2.679144328605500072e-03
7.148494623655914211e+02 3.196040761810199811e-03
7.148548387096774377e+02 3.338908829289999759e-04
7.148602150537634543e+02 2.313206043381399978e-03
7.148655913978494709e+02 6.773450873038099583e-03
7.148709677419354875e+02 -2.503350995258499852e-03
7.148763440860215042e+02 -3.183754337549899935e-03
7.148817204301075208e+02 1.119875003472400096e-03
7.148870967741935374e+02 -4.307520596519000223e-04
7.148924731182795540e+02 -6.626546573803400279e-03
7.148978494623655706e+02 1.937194608113799923e-03
7.149032258064515872e+02 1.627443909737299934e-03
7.149086021505376038e+02 3.009828871121999821e-04
7.149139784946236205e+02 5.486439548116500177e-03
7.149193548387096371e+02 4.429332711672400065e-03
7.149247311827956537e+02 -1.064154476737699979e-03
7.149301075268816703e+02 1.256725093140700000e-03
7.149354838709676869e+02 4.708399994093499623e-03
7.149408602150538172e+02 2.425808982641099783e-03
7.149462365591398338e+02 4.876115229248599581e-03
7.149516129032258505e+02 6.568941269804700299e-03
7.149569892473118671e+02 8.486914812771000375e-04
7.149623655913978837e+02 1.016640754642990016e-02
7.149677419354839003e+02 3.433777584518000244e-04
7.149731182795699169e+02 2.677827561826699992e-03
7.149784946236559335e+02 6.907012732882400301e-03
7.149838709677419502e+02 8.179978968212599580e-03
7.149892473118279668e+02 1.345760352888099916e-03
7.149946236559139834e+02 -3.242843527675799784e-03
7.150000000000000000e+02 2.130294003917199922e-03
7.150053763440860166e+02 -1.711778979222000044e-04
7.150107526881720332e+02 4.019007677446499727e-03
7.150161290322580498e+02 -2.448918243734000012e-03
7.150215053763440665e+02 -2.038989749914500021e-03
7.150268817204300831e+02 1.426008210264499915e-03
7.150322580645160997e+02 6.769283098808700008e-03
7.150376344086021163e+02 7.229927188245000025e-03
7.150430107526881329e+02 8.456920169119499370e-03
7.150483870967741495e+02 1.431030976717100013e-03
7.150537634408601662e+02 3.894324403504899855e-03
7.150591397849461828e+02 4.677101139312999744e-04
7.150645161290323131e+02 1.258870652517399963e-03
7.150698924731183297e+02 -8.359027713396199530e-03
7.150752688172043463e+02 1.198785313700699920e-03
7.150806451612903629e+02 -2.172333666109499840e-03
7.150860215053763795e+02 -1.322149182246600083e-03
7.150913978494623962e+02 -2.566953799065600002e-03
7.150967741935484128e+02 5.085349079157999892e-03
7.151021505376344294e+02 1.788660787233199928e-03
7.151075268817204460e+02 -1.644646375342399998e-03
7.151129032258064626e+02 -3.882005516475899812e-03
7.151182795698924792e+02 1.462663496894199945e-03
7.151236559139784958e+02 -8.309234703042000028e-04
7.151290322580645125e+02 7.058128798622000230e-04
7.151344086021505291e+02 -3.096969901218799871e-03
7.151397849462365457e+02 -3.242007141729699900e-03
7.151451612903225623e+02 -2.534316864479099849e-03
7.151505376344085789e+02 7.622625253256000433e-03
7.151559139784945955e+02 2.370665130856500213e-03
7.151612903225806122e+02 -2.681325919947000116e-03
7.151666666666666288e+02 5.331323132547799784e-03
7.151720430107526454e+02 -4.903819394659099905e-03
7.151774193548386620e+02 2.692861319191100153e-03
7.151827956989246786e+02 1.942927832164499961e-03
7.151881720430108089e+02 -1.767093192765999956e-04
7.151935483870968255e+02 8.765427623337299426e-03
7.151989247311828422e+02 7.775890719290100284e-03
7.152043010752688588e+02 -7.229248237430999958e-04
7.152096774193548754e+02 -1.450770455711000067e-03
7.152150537634408920e+02 -5.666031852357199770e-03
7.152204301075269086e+02 -6.254364613829799593e-03
7.152258064516129252e+02 4.266750951039999826e-04
7.152311827956989418e+02 3.068790333646200137e-03
7.152365591397849585e+02 -2.263339653480900097e-03
7.152419354838709751e+02 2.952780057876699862e-03
7.152473118279569917e+02 -8.611687434884999787e-04
7.152526881720430083e+02 -2.615322186645000022e-03
7.152580645161290249e+02 3.329917465880999740e-04
7.152634408602150415e+02 -1.664037935634399973e-03
7.152688172043010582e+02 4.095055870239900329e-03
7.152741935483870748e+02 -7.310638441623099580e-03
7.152795698924730914e+02 2.901803566461400030e-03
7.152849462365591080e+02 6.961554666193499677e-03
7.152903225806451246e+02 5.814683751576199891e-03
7.152956989247311412e+02 9.549417060737999631e-04
7.153010752688171578e+02 -2.354791839669499905e-03
7.153064516129031745e+02 4.906550852988500119e-03
7.153118279569891911e+02 6.762786971493199920e-03
7.153172043010753214e+02 -1.292912895929899941e-03
7.153225806451613380e+02 -1.960830792990900153e-03
7.153279569892473546e+02 5.757130617341599775e-03
7.153333333333333712e+02 -1.143150164854200065e-03
7.153387096774193878e+02 1.236642144271950065e-02
7.153440860215054045e+02 2.997024495780800137e-03
7.153494623655914211e+02 -5.838808844250399643e-03
7.153548387096774377e+02 1.829524914868399911e-03
7.153602150537634543e+02 3.477102009053700208e-03
7.153655913978494709e+02 2.645693409255900179e-03
7.153709677419354875e+02 3.684218877098000087e-03
7.153763440860215042e+02 8.400792074918499164e-03
7.153817204301075208e+02 5.808531143192000382e-03
7.153870967741935374e+02 -2.430065244734400196e-03
7.153924731182795540e+02 -4.131696424480999961e-04
7.153978494623655706e+02 -5.011473415964999654e-04
7.154032258064515872e+02 -2.813588343691999778e-04
7.154086021505376038e+02 -3.979096855648399898e-03
7.154139784946236205e+02 8.918366167682000066e-04
7.154193548387096371e+02 1.068264993566189931e-02
7.154247311827956537e+02 4.516995485453200419e-03
7.154301075268816703e+02 -7.642316826857099843e-03
7.154354838709676869e+02 -6.136903782881999872e-04
7.154408602150538172e+02 3.998265131965899992e-03
7.154462365591398338e+02 -2.780336875940000064e-05
7.154516129032258505e+02 -9.534937601712700772e-03
7.154569892473118671e+02 -1.529754248734300007e-03
7.154623655913978837e+02 -6.895322540934700414e-03
7.154677419354839003e+02 -1.678719437270599895e-03
7.154731182795699169e+02 -2.149294265842799975e-03
7.154784946236559335e+02 -2.227624891104700109e-03
7.154838709677419502e+02 4.962923173093799871e-03
7.154892473118279668e+02 9.250442331940000006e-04
7.154946236559139834e+02 -5.682097203679700378e-03
7.155000000000000000e+02 -5.086770221437500288e-03
7.155053763440860166e+02 3.425887461651299943e-03
7.155107526881720332e+02 -3.896946125266800062e-03
7.155161290322580498e+02 -5.801581006720299763e-03
7.155215053763440665e+02 9.268717955639999961e-04
7.155268817204300831e+02 -2.217087997966900054e-03
7.155322580645160997e+02 4.145061475754299903e-03
7.155376344086021163e+02 3.558627439600000253e-05
7.155430107526881329e+02 1.144049576642390022e-02
7.155483870967741495e+02 -4.792962681460499579e-03
7.155537634408601662e+02 -6.466317726818900276e-03
7.155591397849461828e+02 -4.855000699536000247e-04
7.155645161290323131e+02 -1.002677694367200018e-03
7.155698924731183297e+02 -2.203510694275800149e-03
7.155752688172043463e+02 -2.201836395351099932e-03
7.155806451612903629e+02 7.038186579517800162e-03
7.155860215053763795e+02 -3.751402746098799965e-03
7.155913978494623962e+02 5.033936072727399763e-03
7.155967741935484128e+02 -4.491846778159999838e-03
7.156021505376344294e+02 7.767905073222399794e-03
7.156075268817204460e+02 6.917580955313300251e-03
7.156129032258064626e+02 -4.206693894396999777e-04
7.156182795698924792e+02 2.628689949803000164e-03
7.156236559139784958e+02 -4.868695476374000283e-03
7.156290322580645125e+02 -3.735465748335000183e-04
7.156344086021505291e+02 -4.872928763742599874e-03
7.156397849462365457e+02 5.034524382280100227e-03
7.156451612903225623e+02 1.060442811946469936e-02
7.156505376344085789e+02 -3.022934478690500124e-03
7.156559139784945955e+02 5.500552019114300119e-03
7.156612903225806122e+02 2.273117870000000124e-06
7.156666666666666288e+02 8.671372081564300560e-03
7.156720430107526454e+02 -9.101720516389499513e-03
7.156774193548386620e+02 5.665634444774000520e-04
7.156827956989246786e+02 -5.459158292375100238e-03
7.156881720430108089e+02 4.908581858225899604e-03
7.156935483870968255e+02 1.684405522140600001e-03
7.156989247311828422e+02 4.098321310185299576e-03
7.157043010752688588e+02 -2.627098306289299932e-03
7.157096774193548754e+02 -4.076213420375099719e-03
7.157150537634408920e+02 -1.588792729720400103e-03
7.157204301075269086e+02 5.806725892441600215e-03
7.157258064516129252e+02 -1.380097582769900097e-03
7.157311827956989418e+02 -2.272550445554900184e-03
7.157365591397849585e+02 2.237283381193600190e-03
7.157419354838709751e+02 -2.819930388930000191e-03
7.157473118279569917e+02 3.468614683997000062e-04
7.157526881720430083e+02 7.869509813291699837e-03
7.157580645161290249e+02 -1.513800506311499929e-03
7.157634408602150415e+02 2.261737890500000120e-04
7.157688172043010582e+02 -3.042299801706299916e-03
7.157741935483870748e+02 4.454614709513800112e-03
7.157795698924730914e+02 -3.574118526123999770e-04
7.157849462365591080e+02 4.439973259901299971e-03
7.157903225806451246e+02 4.880277909231600306e-03
7.157956989247311412e+02 2.089056780766499789e-03
7.158010752688171578e+02 7.539031968898999951e-04
7.158064516129031745e+02 1.994485010167900210e-03
7.158118279569891911e+02 5.438621972107799893e-03
7.158172043010753214e+02 1.582850025864400044e-03
7.158225806451613380e+02 5.207850987158300395e-03
7.158279569892473546e+02 2.270105727213000014e-03
7.158333333333333712e+02 6.183029411208700379e-03
7.158387096774193878e+02 -8.618014293438000257e-04
7.158440860215054045e+02 3.819525718975000242e-04
7.158494623655914211e+02 -7.656688164719299868e-03
7.158548387096774377e+02 -3.936532256323400404e-03
7.158602150537634543e+02 -1.420134791445199938e-03
7.158655913978494709e+02 3.436745603336000248e-04
7.158709677419354875e+02 5.272186429924399786e-03
7.158763440860215042e+02 -7.405124241315799716e-03
7.158817204301075208e+02 -4.921988368073999635e-04
7.158870967741935374e+02 1.820112853529999870e-05
7.158924731182795540e+02 -6.773510104443999837e-04
7.158978494623655706e+02 -1.818249701780800002e-03
7.159032258064515872e+02 -2.926830921432900089e-03
7.159086021505376038e+02 -7.681557419383600212e-03
7.159139784946236205e+02 2.158045013740600166e-03
7.159193548387096371e+02 5.694564447927199721e-03
7.159247311827956537e+02 1.053127684548759921e-02
7.159301075268816703e+02 -3.210727214863000030e-04
7.159354838709676869e+02 -7.015547575987999499e-04
7.159408602150538172e+02 8.051982030910200677e-03
7.159462365591398338e+02 6.986807447830999974e-03
7.159516129032258505e+02 5.631630201885700314e-03
7.159569892473118671e+02 -7.540784343507399637e-03
7.159623655913978837e+02 8.662751889170000272e-05
7.159677419354839003e+02 -5.025296403172999603e-03
7.159731182795699169e+02 3.586766423488999748e-04
7.159784946236559335e+02 4.217571413796999957e-03
7.159838709677419502e+02 7.090172399775799758e-03
7.159892473118279668e+02 -2.849188866138999826e-03
7.159946236559139834e+02 5.956263671541000160e-04
7.160000000000000000e+02 -4.707306364893200368e-03
7.160053763440860166e+02 -1.043598952645800101e-03
7.160107526881720332e+02 -3.840420397563700048e-03
7.160161290322580498e+02 -6.598659066217999608e-03
7.160215053763440665e+02 5.320395079444599669e-03
7.160268817204300831e+02 1.105741091785210004e-02
7.160322580645160997e+02 4.692776076664699828e-03
7.160376344086021163e+02 6.759528739530999480e-04
7.160430107526881329e+02 4.308016102015600410e-03
7.160483870967741495e+02 2.517964412271699991e-03
7.160537634408601662e+02 1.771628855456099973e-03
7.160591397849461828e+02 -2.889905021911200189e-03
7.160645161290323131e+02 -3.407974685880999811e-03
7.160698924731183297e+02 -5.292997673628000409e-03
7.160752688172043463e+02 7.446125711986999575e-04
7.160806451612903629e+02 -7.694775598075499767e-03
7.160860215053763795e+02 1.131050678790100064e-03
7.160913978494623962e+02 -2.048283714220000063e-05
7.160967741935484128e+02 -3.561796034366300056e-03
7.161021505376344294e+02 -5.913503140356999969e-03
7.161075268817204460e+02 -3.310642620356899889e-03
7.161129032258064626e+02 4.537625177696100014e-03
7.161182795698924792e+02 2.954035727885800065e-03
7.161236559139784958e+02 5.408715361067999855e-03
7.161290322580645125e+02 1.424437743322000058e-03
7.161344086021505291e+02 -2.225184639493300170e-03
7.161397849462365457e+02 3.823051217057300138e-03
7.161451612903225623e+02 7.584734475245299805e-03
7.161505376344085789e+02 8.629886473028000257e-03
7.161559139784945955e+02 4.556731548924500101e-03
7.161612903225806122e+02 5.467730282769200055e-03
7.161666666666666288e+02 6.491785781510900182e-03
7.161720430107526454e+02 1.999501893619800002e-03
7.161774193548386620e+02 -4.662824171270000227e-03
7.161827956989246786e+02 2.162946923405200186e-03
7.161881720430108089e+02 4.048853246693200417e-03
7.161935483870968255e+02 1.111574584654449922e-02
7.161989247311828422e+02 3.274239323177299994e-03
7.162043010752688588e+02 2.921731354008999743e-04
7.162096774193548754e+02 5.734375870118499710e-03
7.162150537634408920e+02 6.283288335559999592e-05
7.162204301075269086e+02 7.517741347504000495e-04
7.162258064516129252e+02 -3.315430223731000159e-04
7.162311827956989418e+02 2.175763750350600059e-03
7.162365591397849585e+02 -3.774268650204899798e-03
7.162419354838709751e+02 3.916695031806999945e-04
7.162473118279569917e+02 -1.459972738593000047e-03
7.162526881720430083e+02 2.309680118707799820e-03
7.162580645161290249e+02 -2.473127639793599921e-03
7.162634408602150415e+02 -4.490428894665700332e-03
7.162688172043010582e+02 2.558864888498399957e-03
7.162741935483870748e+02 5.368903730515400298e-03
7.162795698924730914e+02 7.801076143890999697e-04
7.162849462365591080e+02 -2.326604211025699864e-03
7.162903225806451246e+02 -5.517093991058499847e-03
7.162956989247311412e+02 3.123010050280300171e-03
7.163010752688171578e+02 8.752780920842999877e-04
7.163064516129031745e+02 -1.116790933974400090e-03
7.163118279569891911e+02 1.841208241240599973e-03
7.163172043010753214e+02 2.214516196577899932e-03
7.163225806451613380e+02 -1.543652428814800033e-03
7.163279569892473546e+02 4.709236076300299736e-03
7.163333333333333712e+02 7.333476207925899819e-03
7.163387096774193878e+02 5.888349278897100046e-03
7.163440860215054045e+02 -3.633115407821200116e-03
7.163494623655914211e+02 2.111628854756800004e-03
7.163548387096774377e+02 -5.328166006354999708e-04
7.163602150537634543e+02 -1.979320407072699892e-03
7.163655913978494709e+02 -2.090105837951899796e-03
7.163709677419354875e+02 1.737701565815199948e-03
7.163763440860215042e+02 1.913410233515899913e-03
7.163817204301075208e+02 3.187219028652499894e-03
7.163870967741935374e+02 2.387490899055799785e-03
7.163924731182795540e+02 -1.629404774110300045e-03
7.163978494623655706e+02 -9.128409854688000367e-04
7.164032258064515872e+02 -4.016166538273100405e-03
7.164086021505376038e+02 -4.168771083891200345e-03
7.164139784946236205e+02 -2.168443877600399836e-03
7.164193548387096371e+02 8.600293804726000420e-04
7.164247311827956537e+02 5.486135182293699723e-03
7.164301075268816703e+02 3.796275935396900125e-03
7.164354838709676869e+02 -1.347672848862000068e-03
7.164408602150538172e+02 -2.406714183310300001e-03
7.164462365591398338e+02 -2.645466995042799856e-03
7.164516129032258505e+02 -3.305991286409399980e-03
7.164569892473118671e+02 1.115296144277700026e-03
7.164623655913978837e+02 -1.029856012496100075e-03
7.164677419354839003e+02 1.805414000660199953e-03
7.164731182795699169e+02 6.713188838680999790e-04
7.164784946236559335e+02 1.473743634172999936e-03
7.164838709677419502e+02 -8.294568915039999711e-04
7.164892473118279668e+02 -1.117195806157900064e-03
7.164946236559139834e+02 -1.993159952289400103e-03
7.165000000000000000e+02 3.390295912050600175e-03
7.165053763440860166e+02 2.487024225619800192e-03
7.165107526881720332e+02 -1.152738981037100020e-03
7.165161290322580498e+02 -1.824905730818600011e-03
7.165215053763440665e+02 2.277638586842299813e-03
7.165268817204300831e+02 1.436808740092199903e-03
7.165322580645160997e+02 5.085464115123799859e-03
7.165376344086021163e+02 1.927934448032500060e-03
7.165430107526881329e+02 -6.801612897906800410e-03
7.165483870967741495e+02 -6.330529339537999817e-04
7.165537634408601662e+02 4.707993472204100201e-03
7.165591397849461828e+02 1.361821216982000114e-04
7.165645161290323131e+02 -4.442347851309399846e-03
7.165698924731183297e+02 1.127856949331600090e-03
7.165752688172043463e+02 5.804541241273800285e-03
7.165806451612903629e+02 3.388076159124799990e-03
7.165860215053763795e+02 2.128149930563500141e-03
7.165913978494623962e+02 2.614524985549500097e-03
7.165967741935484128e+02 -1.526458370121000106e-04
7.166021505376344294e+02 1.238499948329000074e-03
7.166075268817204460e+02 -1.108366888665899934e-03
7.166129032258064626e+02 7.136491751506299913e-03
7.166182795698924792e+02 7.756208811324800424e-03
7.166236559139784958e+02 4.384759569131499966e-03
7.166290322580645125e+02 6.298691369068100225e-03
7.166344086021505291e+02 4.539124591462100067e-03
7.166397849462365457e+02 -1.785832533477099953e-03
7.166451612903225623e+02 3.215442846104999862e-04
7.166505376344085789e+02 1.340736550145500043e-03
7.166559139784945955e+02 1.719248363832999958e-04
7.166612903225806122e+02 3.625572664884699897e-03
7.166666666666666288e+02 3.048810361214100186e-03
7.166720430107526454e+02 3.241212854685900004e-03
7.166774193548386620e+02 -6.903145136353000142e-04
7.166827956989246786e+02 -7.932742608446400473e-03
7.166881720430108089e+02 -5.399095423192799836e-03
7.166935483870968255e+02 7.772905870280000283e-04
7.166989247311828422e+02 9.732812314123000155e-04
7.167043010752688588e+02 -7.419271767311499781e-03
7.167096774193548754e+02 -3.839694438156500064e-03
7.167150537634408920e+02 1.236682732134200069e-03
7.167204301075269086e+02 -2.490352791291700063e-03
7.167258064516129252e+02 -5.019722750342000021e-04
7.167311827956989418e+02 9.946562842913998954e-04
7.167365591397849585e+02 -4.322254536483999894e-04
7.167419354838709751e+02 -1.310569231624399925e-03
7.167473118279569917e+02 6.038670859083999790e-04
7.167526881720430083e+02 6.869438558796000203e-03
7.167580645161290249e+02 7.990853518639500289e-03
7.167634408602150415e+02 9.262737092693000031e-04
7.167688172043010582e+02 1.090525340636700011e-03
7.167741935483870748e+02 7.433672824874499978e-03
7.167795698924730914e+02 8.157936952574400616e-03
7.167849462365591080e+02 4.840761261454100406e-03
7.167903225806451246e+02 4.403316384890199574e-03
7.167956989247311412e+02 -1.509289260176800056e-03
7.168010752688171578e+02 -4.550278510292799818e-03
7.168064516129031745e+02 -2.205760071855199927e-03
7.168118279569891911e+02 3.715696541812299990e-03
7.168172043010753214e+02 7.640210083260000546e-05
7.168225806451613380e+02 -1.311639179076999943e-04
7.168279569892473546e+02 1.454484474813900032e-03
7.168333333333333712e+02 1.187550599177199934e-03
7.168387096774193878e+02 4.036151135195399989e-03
7.168440860215054045e+02 4.106355418741199602e-03
7.168494623655914211e+02 4.245968947706599966e-03
7.168548387096774377e+02 1.761263626725999981e-03
7.168602150537634543e+02 1.503877977383399943e-03
7.168655913978494709e+02 -3.441767878944099884e-03
7.168709677419354875e+02 -8.305343770126999902e-04
7.168763440860215042e+02 8.079695251353600713e-03
7.168817204301075208e+02 6.269144730728599957e-03
7.168870967741935374e+02 4.266823424137799851e-03
7.168924731182795540e+02 2.351151738568499870e-03
7.168978494623655706e+02 3.591860934769999791e-03
7.169032258064515872e+02 1.140626097002299909e-03
7.169086021505376038e+02 -2.264557254595000080e-04
7.169139784946236205e+02 -9.906395864357001035e-04
7.169193548387096371e+02 -4.558974798698000133e-04
7.169247311827956537e+02 6.047911911694999658e-04
7.169301075268816703e+02 2.067573047078500020e-03
7.169354838709676869e+02 5.278401409724999644e-04
7.169408602150538172e+02 1.136372604583799984e-03
7.169462365591398338e+02 -2.356509118720000165e-05
7.169516129032258505e+02 1.410266312601600068e-03
7.169569892473118671e+02 -4.890567303457000158e-04
7.169623655913978837e+02 -1.575070290655999948e-03
7.169677419354839003e+02 5.211512247321099973e-03
7.169731182795699169e+02 -1.932429210819999960e-03
7.169784946236559335e+02 -1.287442821190600082e-03
7.169838709677419502e+02 1.662585358891600093e-03
7.169892473118279668e+02 5.040437997122400315e-03
7.169946236559139834e+02 5.148704356928699745e-03
7.170000000000000000e+02 -1.027364817000099963e-03
7.170053763440860166e+02 -2.638594571934300016e-03
7.170107526881720332e+02 8.567382641620000362e-05
7.170161290322580498e+02 9.371562330029000387e-04
7.170215053763440665e+02 1.087374956953400095e-03
7.170268817204300831e+02 4.295062831649600413e-03
7.170322580645160997e+02 8.185758009117999334e-03
7.170376344086021163e+02 7.156906373004000288e-03
7.170430107526881329e+02 9.309099262851299253e-03
7.170483870967741495e+02 1.170559312755510041e-02
7.170537634408601662e+02 1.161207330747959961e-02
7.170591397849461828e+02 1.601449463345340149e-02
7.170645161290323131e+02 5.701846228406500308e-03
7.170698924731183297e+02 3.431804847264600163e-03
7.170752688172043463e+02 2.792795645671300106e-03
7.170806451612903629e+02 1.028724418938400074e-02
7.170860215053763795e+02 1.181717917122459931e-02
7.170913978494623962e+02 8.895626079220399565e-03
7.170967741935484128e+02 2.940233042985889930e-02
7.171021505376344294e+02 5.045416908089900287e-02
7.171075268817204460e+02 4.075839489785419711e-02
7.171129032258064626e+02 3.398897260111650304e-02
7.171182795698924792e+02 3.261339294974249792e-02
7.171236559139784958e+02 1.298729944065770033e-02
7.171290322580645125e+02 6.983095151748400231e-03
7.171344086021505291e+02 9.243638785114499656e-03
7.171397849462365457e+02 1.170913520693559959e-02
7.171451612903225623e+02 1.012530777566959979e-02
7.171505376344085789e+02 1.315423728561230035e-02
7.171559139784945955e+02 1.836971160804070149e-02
7.171612903225806122e+02 2.046827820926929928e-02
7.171666666666666288e+02 2.025456189284340069e-02
7.171720430107526454e+02 8.075236362648799404e-03
7.171774193548386620e+02 6.730159393908899737e-03
7.171827956989246786e+02 5.295860188839100063e-03
7.171881720430108089e+02 1.911095875799999984e-04
7.171935483870968255e+02 -4.659326619385699940e-03
7.171989247311828422e+02 -1.843427878379999942e-03
7.172043010752688588e+02 3.589673989126099859e-03
7.172096774193548754e+02 3.413137098245600139e-03
7.172150537634408920e+02 5.592836931833900307e-03
7.172204301075269086e+02 3.479602111494200199e-03
7.172258064516129252e+02 3.257739352068200062e-03
7.172311827956989418e+02 4.245229623910900044e-03
7.172365591397849585e+02 1.277792449838500034e-03
7.172419354838709751e+02 -3.734727592026599804e-03
7.172473118279569917e+02 -3.386594084616200047e-03
7.172526881720430083e+02 -4.555954142300000232e-05
7.172580645161290249e+02 3.404436457806699935e-03
7.172634408602150415e+02 2.224795494331700037e-03
7.172688172043010582e+02 -9.408617745875000197e-04
7.172741935483870748e+02 -2.903597333812700087e-03
7.172795698924730914e+02 2.217214114399299833e-03
7.172849462365591080e+02 3.792098982134099999e-03
7.172903225806451246e+02 -8.722268317644999748e-04
7.172956989247311412e+02 4.385572702212400115e-03
7.173010752688171578e+02 9.066020114655499659e-03
7.173064516129031745e+02 4.966218417909199975e-03
7.173118279569891911e+02 -1.656666068833100025e-03
7.173172043010753214e+02 -1.833952261113300057e-03
7.173225806451613380e+02 5.405967627462499731e-03
7.173279569892473546e+02 7.115996417101999941e-03
7.173333333333333712e+02 5.563070424747999614e-03
7.173387096774193878e+02 -1.289843669263900094e-03
7.173440860215054045e+02 -8.558511842819700732e-03
7.173494623655914211e+02 -5.400764869266499665e-03
7.173548387096774377e+02 -2.262653073595000206e-03
7.173602150537634543e+02 -1.254970219663199956e-03
7.173655913978494709e+02 1.598986477189000060e-03
7.173709677419354875e+02 4.176285332157200249e-03
7.173763440860215042e+02 -2.792820385574199850e-03
7.173817204301075208e+02 -3.699342896244399870e-03
7.173870967741935374e+02 3.988480518457100145e-03
7.173924731182795540e+02 5.077734862884399764e-03
7.173978494623655706e+02 5.225728264909999847e-05
7.174032258064515872e+02 -4.259374626130099824e-03
7.174086021505376038e+02 2.621451094789199830e-03
7.174139784946236205e+02 5.263545222552500416e-03
7.174193548387096371e+02 4.046568895581999789e-04
7.174247311827956537e+02 3.523767728453100056e-03
7.174301075268816703e+02 2.992374375953899858e-03
7.174354838709676869e+02 4.438701866521299784e-03
7.174408602150538172e+02 7.732313064998000245e-04
7.174462365591398338e+02 -1.636407948085900031e-03
7.174516129032258505e+02 7.708262029712000234e-04
7.174569892473118671e+02 4.607816363878400323e-03
7.174623655913978837e+02 6.465352128616000393e-03
7.174677419354839003e+02 2.351240202212799991e-03
7.174731182795699169e+02 1.644175951591399969e-03
7.174784946236559335e+02 6.780578562157400270e-03
7.174838709677419502e+02 5.331614326306900048e-03
7.174892473118279668e+02 2.976737604646000068e-03
7.174946236559139834e+02 2.845607151107799881e-03
7.175000000000000000e+02 -4.187589733001500017e-03
7.175053763440860166e+02 -5.452912574922699589e-03
7.175107526881720332e+02 1.968308038061800016e-03
7.175161290322580498e+02 6.551239970175200093e-03
7.175215053763440665e+02 2.285828533384699855e-03
7.175268817204300831e+02 3.308813599137799995e-03
7.175322580645160997e+02 4.293188097122700372e-03
7.175376344086021163e+02 5.972241746607999694e-04
7.175430107526881329e+02 1.448817885010900098e-03
7.175483870967741495e+02 -1.228275434003000123e-04
7.175537634408601662e+02 -6.089552616872000125e-04
7.175591397849461828e+02 4.084047901894600173e-03
7.175645161290323131e+02 6.967819044030000228e-03
7.175698924731183297e+02 3.755723443884700138e-03
7.175752688172043463e+02 -1.481980920451000071e-03
7.175806451612903629e+02 -8.350750542696700612e-03
7.175860215053763795e+02 -3.233010054852499850e-03
7.175913978494623962e+02 -5.294607860843000184e-04
7.175967741935484128e+02 5.611208551936600064e-03
7.176021505376344294e+02 6.761946718629400360e-03
7.176075268817204460e+02 -5.849762999978999666e-04
7.176129032258064626e+02 -4.913242851644000287e-04
7.176182795698924792e+02 -3.146232620452999959e-04
7.176236559139784958e+02 -2.209993034682499868e-03
7.176290322580645125e+02 -4.253829575585199932e-03
7.176344086021505291e+02 -3.629037027789299829e-03
7.176397849462365457e+02 -2.021016832438000087e-03
7.176451612903225623e+02 4.029905879833000043e-04
7.176505376344085789e+02 5.364704344028000185e-04
7.176559139784945955e+02 -2.496800641121300120e-03
7.176612903225806122e+02 9.405406088507000176e-04
7.176666666666666288e+02 3.229735630876199876e-03
7.176720430107526454e+02 3.390692641183200122e-03
7.176774193548386620e+02 -2.706453242503000043e-03
7.176827956989246786e+02 -4.317631627505200305e-03
7.176881720430108089e+02 8.098208595090000466e-04
7.176935483870968255e+02 5.731507595940999941e-04
7.176989247311828422e+02 -4.102545789220199586e-03
7.177043010752688588e+02 9.247263925510000159e-04
7.177096774193548754e+02 2.698442579326300154e-03
7.177150537634408920e+02 -8.236024982259100222e-03
7.177204301075269086e+02 2.260390241039000100e-04
7.177258064516129252e+02 5.648123162685500173e-03
7.177311827956989418e+02 1.023018632403040022e-02
7.177365591397849585e+02 1.085683849849839941e-02
7.177419354838709751e+02 1.681557589353799894e-03
7.177473118279569917e+02 -3.443206258026200103e-03
7.177526881720430083e+02 1.128619644572100098e-03
7.177580645161290249e+02 6.064558096696800148e-03
7.177634408602150415e+02 4.731325802905099812e-03
7.177688172043010582e+02 -8.920019152514099825e-03
7.177741935483870748e+02 -8.623956489901099184e-03
7.177795698924730914e+02 -3.107680456797700178e-03
7.177849462365591080e+02 -3.970763403962999753e-03
7.177903225806451246e+02 3.696062032842899799e-03
7.177956989247311412e+02 7.470106642532999691e-03
7.178010752688171578e+02 4.743886354496400226e-03
7.178064516129031745e+02 3.609994533820500007e-03
7.178118279569891911e+02 -2.610250998859000226e-04
7.178172043010753214e+02 2.374183525992000097e-04
7.178225806451613380e+02 -2.782337711247200203e-03
7.178279569892473546e+02 5.460253354655999645e-04
7.178333333333333712e+02 2.010981951005400090e-03
7.178387096774193878e+02 6.346758819083300404e-03
7.178440860215054045e+02 2.718246276972500174e-03
7.178494623655914211e+02 -8.572226181252000452e-04
7.178548387096774377e+02 -6.002132227357500315e-03
7.178602150537634543e+02 2.180123022766000034e-04
7.178655913978494709e+02 -2.207810456105400131e-03
7.178709677419354875e+02 -3.083680543920200214e-03
7.178763440860215042e+02 -6.786909853577100318e-03
7.178817204301075208e+02 -1.881941891908400040e-03
7.178870967741935374e+02 3.229449889955599787e-03
7.178924731182795540e+02 3.310934518804399800e-03
7.178978494623655706e+02 -7.723005814517000089e-04
7.179032258064515872e+02 3.343839340362200156e-03
7.179086021505376038e+02 -3.671549005742999906e-04
7.179139784946236205e+02 6.774687391022900414e-03
7.179193548387096371e+02 5.877422319625899734e-03
7.179247311827956537e+02 8.368885710320799962e-03
7.179301075268816703e+02 4.777029730108199937e-03
7.179354838709676869e+02 6.934832559938999613e-04
7.179408602150538172e+02 3.293786835127000150e-04
7.179462365591398338e+02 5.567907057860999607e-04
7.179516129032258505e+02 2.307559295033199953e-03
7.179569892473118671e+02 -3.949914583362999841e-04
7.179623655913978837e+02 -5.661374624575000059e-04
7.179677419354839003e+02 -9.108086428540000516e-05
7.179731182795699169e+02 -5.234931305444699874e-03
7.179784946236559335e+02 -1.860687051566100106e-03
7.179838709677419502e+02 5.584188010270000257e-04
7.179892473118279668e+02 -4.500606597681799763e-03
7.179946236559139834e+02 2.488461512841799814e-03
7.180000000000000000e+02 2.478278656818299827e-03
7.180053763440860166e+02 -2.881035548682799822e-03
7.180107526881720332e+02 1.168228648236800064e-03
7.180161290322580498e+02 2.954576011259799941e-03
7.180215053763440665e+02 2.527726317117600079e-03
7.180268817204300831e+02 8.966168377554399258e-03
7.180322580645160997e+02 2.258072176370599839e-03
7.180376344086021163e+02 6.179060383158700188e-03
7.180430107526881329e+02 -1.792181796604200034e-03
7.180483870967741495e+02 7.678128795386999963e-04
7.180537634408601662e+02 9.830178389322000599e-04
7.180591397849461828e+02 6.165572394660700194e-03
7.180645161290323131e+02 -1.493970715758000025e-03
7.180698924731183297e+02 -1.079269300773100107e-03
7.180752688172043463e+02 -1.151813158059300035e-03
7.180806451612903629e+02 6.210083385195999802e-04
7.180860215053763795e+02 -5.505693004423099779e-03
7.180913978494623962e+02 1.365124625265600041e-03
7.180967741935484128e+02 4.621738768686199997e-03
7.181021505376344294e+02 4.870069017963400172e-03
7.181075268817204460e+02 -4.859901635670699910e-03
7.181129032258064626e+02 1.018130277860589995e-02
7.181182795698924792e+02 6.789581863962499894e-03
7.181236559139784958e+02 3.174538617140400167e-03
7.181290322580645125e+02 4.065311935262000170e-04
7.181344086021505291e+02 1.280141131935899970e-03
7.181397849462365457e+02 2.173283347171599874e-03
7.181451612903225623e+02 -1.879137807349999913e-03
7.181505376344085789e+02 -2.583562393554600118e-03
7.181559139784945955e+02 -1.390837522557100041e-03
7.181612903225806122e+02 -9.585724082765000476e-04
7.181666666666666288e+02 -9.817844675445999095e-04
7.181720430107526454e+02 1.436742126829900065e-03
7.181774193548386620e+02 8.793526627776999949e-03
7.181827956989246786e+02 -1.864996662280099960e-03
7.181881720430108089e+02 -4.047429472830000154e-04
7.181935483870968255e+02 -4.992241321016900255e-03
7.181989247311828422e+02 1.893336588340299893e-03
7.182043010752688588e+02 -6.136852741092899653e-03
7.182096774193548754e+02 -3.395592972776999806e-03
7.182150537634408920e+02 3.508726344545100122e-03
7.182204301075269086e+02 1.763208011633000006e-04
7.182258064516129252e+02 2.142849239200900029e-03
7.182311827956989418e+02 1.542520295933299916e-03
7.182365591397849585e+02 3.289491430132200113e-03
7.182419354838709751e+02 -4.090500342987700259e-03
7.182473118279569917e+02 3.215912820999399999e-03
7.182526881720430083e+02 6.154460762870599642e-03
7.182580645161290249e+02 -1.229718109673099899e-03
7.182634408602150415e+02 1.067669200843840080e-02
7.182688172043010582e+02 2.578155433870000200e-03
7.182741935483870748e+02 2.274214276592200195e-03
7.182795698924730914e+02 4.643216086845400152e-03
7.182849462365591080e+02 4.004197681616999960e-04
7.182903225806451246e+02 4.809791880746800037e-03
7.182956989247311412e+02 5.402051510176999550e-04
7.183010752688171578e+02 1.910865383289099984e-03
7.183064516129031745e+02 2.859328444137500171e-03
7.183118279569891911e+02 2.292747144036599849e-03
7.183172043010753214e+02 9.486240188711799609e-03
7.183225806451613380e+02 6.010746490894500367e-03
7.183279569892473546e+02 5.198390345465700099e-03
7.183333333333333712e+02 -1.792806190981900086e-03
7.183387096774193878e+02 -2.322505575624700131e-03
7.183440860215054045e+02 8.283549297519999383e-03
7.183494623655914211e+02 1.614719458083100018e-03
7.183548387096774377e+02 3.289526611859900068e-03
7.183602150537634543e+02 -4.785881554565299574e-03
7.183655913978494709e+02 2.766005817866800092e-03
7.183709677419354875e+02 3.866183022927200102e-03
7.183763440860215042e+02 -1.109285162095799892e-03
7.183817204301075208e+02 3.062514826448699962e-03
7.183870967741935374e+02 1.152862764488500006e-03
7.183924731182795540e+02 8.647094044790000619e-05
7.183978494623655706e+02 -6.649938341078799955e-03
7.184032258064515872e+02 -3.971146057309699572e-03
7.184086021505376038e+02 7.113008123081000127e-04
7.184139784946236205e+02 4.241136441376400223e-03
7.184193548387096371e+02 -2.986523806730700080e-03
7.184247311827956537e+02 -1.520411012898000101e-03
7.184301075268816703e+02 8.853132448807799620e-03
7.184354838709676869e+02 5.495955333630200140e-03
7.184408602150538172e+02 -4.568089771517199957e-03
7.184462365591398338e+02 -2.929476791967999838e-04
7.184516129032258505e+02 -1.966110982786600011e-03
7.184569892473118671e+02 3.442827288278999930e-03
7.184623655913978837e+02 4.463066686335200386e-03
7.184677419354839003e+02 1.359476261235069948e-02
7.184731182795699169e+02 -4.768440511792500398e-03
7.184784946236559335e+02 6.482891226012199581e-03
7.184838709677419502e+02 -2.928788759204499926e-03
7.184892473118279668e+02 -5.721247001012999848e-04
7.184946236559139834e+02 -8.917652569536100443e-03
7.185000000000000000e+02 -1.806384336542500102e-03
7.185053763440860166e+02 9.873558404512799286e-03
7.185107526881720332e+02 -4.410222869956999985e-04
7.185161290322580498e+02 9.840114333353000651e-04
7.185215053763440665e+02 -1.087426046404899949e-03
7.185268817204300831e+02 2.310727077853699882e-03
7.185322580645160997e+02 3.317455771171699819e-03
7.185376344086021163e+02 4.713854696253699621e-03
7.185430107526881329e+02 -4.152019411351399840e-03
7.185483870967741495e+02 1.092974609653649988e-02
7.185537634408601662e+02 -5.375738236405700268e-03
7.185591397849461828e+02 1.843829544742400014e-03
7.185645161290323131e+02 2.009056979282599839e-03
7.185698924731183297e+02 -6.261123938429900143e-03
7.185752688172043463e+02 1.467583459651400010e-03
7.185806451612903629e+02 3.556929073665799929e-03
7.185860215053763795e+02 6.310563095207899660e-03
7.185913978494623962e+02 2.857927078822600046e-03
7.185967741935484128e+02 -1.472164699172000008e-03
7.186021505376344294e+02 2.101717166806800052e-03
7.186075268817204460e+02 -1.382928316468800016e-03
7.186129032258064626e+02 2.430584632157499914e-03
7.186182795698924792e+02 3.752593904969400013e-03
7.186236559139784958e+02 2.728149656337100146e-03
7.186290322580645125e+02 -2.411373115498000128e-03
7.186344086021505291e+02 1.072427517065900008e-03
7.186397849462365457e+02 7.178121096450500345e-03
7.186451612903225623e+02 -2.795253650771599950e-03
7.186505376344085789e+02 -7.715284684521600198e-03
7.186559139784945955e+02 -1.541961789414599991e-03
7.186612903225806122e+02 -3.384944910626400214e-03
7.186666666666666288e+02 -3.650812437332699809e-03
7.186720430107526454e+02 -2.052835155644000108e-03
7.186774193548386620e+02 -1.370119310903499931e-03
7.186827956989246786e+02 -7.340400342793600326e-03
7.186881720430108089e+02 5.878156850592700274e-03
7.186935483870968255e+02 9.196360941974999949e-04
7.186989247311828422e+02 -3.839017754043099785e-03
7.187043010752688588e+02 -5.559762203187800129e-03
7.187096774193548754e+02 1.157513999297800095e-03
7.187150537634408920e+02 -1.041977029957800050e-03
7.187204301075269086e+02 -3.299746544355899869e-03
7.187258064516129252e+02 9.669228932024000059e-04
7.187311827956989418e+02 8.141337941720000818e-03
7.187365591397849585e+02 -5.742617115304200423e-03
7.187419354838709751e+02 -6.225492717877699998e-03
7.187473118279569917e+02 -4.515742687868399934e-03
7.187526881720430083e+02 8.546601928489000119e-03
7.187580645161290249e+02 4.470240111367099894e-03
7.187634408602150415e+02 -3.680629888037999838e-03
7.187688172043010582e+02 8.910324177910000003e-05
7.187741935483870748e+02 2.261067409529800114e-03
7.187795698924730914e+02 -2.486004354608899961e-03
7.187849462365591080e+02 -3.589626459261400018e-03
7.187903225806451246e+02 -1.947259357462900005e-03
7.187956989247311412e+02 -3.700020593671600206e-03
7.188010752688171578e+02 -2.720716776215399875e-03
7.188064516129031745e+02 4.432104613806799737e-03
7.188118279569891911e+02 2.181913176196099979e-03
7.188172043010753214e+02 1.422230835072600067e-03
7.188225806451613380e+02 -8.829378253535000425e-04
7.188279569892473546e+02 5.255537438741299597e-03
7.188333333333333712e+02 5.278545292837300354e-03
7.188387096774193878e+02 -1.914511479389600099e-03
7.188440860215054045e+02 5.427812164999599662e-03
7.188494623655914211e+02 5.512241870754199836e-03
7.188548387096774377e+02 -2.393505137670900052e-03
7.188602150537634543e+02 5.847574230602999934e-04
7.188655913978494709e+02 6.545426994567600174e-03
7.188709677419354875e+02 -1.797303594388100032e-03
7.188763440860215042e+02 4.219790876227600199e-03
7.188817204301075208e+02 -5.182745248094000308e-04
7.188870967741935374e+02 -1.656296539174499996e-03
7.188924731182795540e+02 6.564385067333399978e-03
7.188978494623655706e+02 9.807389162741599400e-03
7.189032258064515872e+02 2.819279847090000197e-03
7.189086021505376038e+02 5.593149052034600104e-03
7.189139784946236205e+02 1.991348312021500207e-03
7.189193548387096371e+02 -8.334717598353200488e-03
7.189247311827956537e+02 -2.765226125819400006e-03
7.189301075268816703e+02 2.411192242756500168e-03
7.189354838709676869e+02 3.838364000126999898e-03
7.189408602150538172e+02 1.155452299301340004e-02
7.189462365591398338e+02 3.451883949799999797e-06
7.189516129032258505e+02 1.716970072913500062e-03
7.189569892473118671e+02 4.326743153951100214e-03
7.189623655913978837e+02 1.976136344842400160e-03
7.189677419354839003e+02 4.707171923629700078e-03
7.189731182795699169e+02 1.049137815162399937e-03
7.189784946236559335e+02 -2.821108026123500187e-03
7.189838709677419502e+02 -3.972389880802900015e-03
7.189892473118279668e+02 -3.029499160865499908e-03
7.189946236559139834e+02 -2.350786951017000068e-03
7.190000000000000000e+02 3.776250129129599901e-03
7.190053763440860166e+02 -6.212289226318999527e-04
7.190107526881720332e+02 3.864858828654099861e-03
7.190161290322580498e+02 -4.422095120240000158e-05
7.190215053763440665e+02 -8.718051554529999926e-04
7.190268817204300831e+02 7.404863980327299616e-03
7.190322580645160997e+02 2.259330030118000040e-03
7.190376344086021163e+02 8.560655624460700511e-03
7.190430107526881329e+02 4.030549737698700327e-03
7.190483870967741495e+02 9.191881553962000240e-03
7.190537634408601662e+02 7.019885887218899924e-03
7.190591397849461828e+02 2.071452450735700168e-03
7.190645161290323131e+02 -2.355726174850999825e-03
7.190698924731183297e+02 -2.000741470131600207e-03
7.190752688172043463e+02 -4.856458326771499745e-03
7.190806451612903629e+02 3.235906796765200023e-03
7.190860215053763795e+02 8.044956184428799298e-03
7.190913978494623962e+02 3.348010348123100013e-03
7.190967741935484128e+02 2.437236123534099793e-03
7.191021505376344294e+02 3.307850153701000044e-03
7.191075268817204460e+02 1.723512498469799903e-03
7.191129032258064626e+02 8.683207000086999930e-04
7.191182795698924792e+02 9.091454361004000246e-04
7.191236559139784958e+02 -1.742251441976999974e-04
7.191290322580645125e+02 3.838203511235599961e-03
7.191344086021505291e+02 -1.405467980544400104e-03
7.191397849462365457e+02 8.742804468104000510e-04
7.191451612903225623e+02 4.268015878588700060e-03
7.191505376344085789e+02 2.472840222475999883e-04
7.191559139784945955e+02 3.286773531818599787e-03
7.191612903225806122e+02 5.047790351174000385e-03
7.191666666666666288e+02 9.041240928474199301e-03
7.191720430107526454e+02 -1.670198150405400065e-03
7.191774193548386620e+02 2.534765769982199983e-03
7.191827956989246786e+02 -4.199274824706999976e-03
7.191881720430108089e+02 -4.358554739706600387e-03
7.191935483870968255e+02 7.425391538621799875e-03
7.191989247311828422e+02 4.803839297078799780e-03
7.192043010752688588e+02 1.787233167682299954e-03
7.192096774193548754e+02 7.908540928241000051e-03
7.192150537634408920e+02 9.570618960369000824e-03
7.192204301075269086e+02 4.631528739686899612e-03
7.192258064516129252e+02 2.500549295184100167e-03
7.192311827956989418e+02 2.112154785099499936e-03
7.192365591397849585e+02 3.624005893853199812e-03
7.192419354838709751e+02 1.848541685762200050e-03
7.192473118279569917e+02 1.870672240128799964e-03
7.192526881720430083e+02 1.890482514215900082e-03
7.192580645161290249e+02 7.536958546768000086e-04
7.192634408602150415e+02 7.393512030931000253e-04
7.192688172043010582e+02 8.844518935503300691e-03
7.192741935483870748e+02 2.057587282132399952e-03
7.192795698924730914e+02 5.755680466182899573e-03
7.192849462365591080e+02 5.280451310222599587e-03
7.192903225806451246e+02 3.701576528603999915e-04
7.192956989247311412e+02 2.932259840715000215e-03
7.193010752688171578e+02 8.810272827049599881e-03
7.193064516129031745e+02 1.414406956464299902e-03
7.193118279569891911e+02 -4.033151168410799639e-03
7.193172043010753214e+02 -4.193859692436299573e-03
7.193225806451613380e+02 -1.723918699483799940e-03
7.193279569892473546e+02 1.355931731269000105e-04
7.193333333333333712e+02 9.797897720361999508e-04
7.193387096774193878e+02 2.818922188984700032e-03
7.193440860215054045e+02 1.752800922445100010e-03
7.193494623655914211e+02 5.240432984465999769e-04
7.193548387096774377e+02 -1.992655447583000037e-03
7.193602150537634543e+02 3.450341793280299954e-03
7.193655913978494709e+02 7.797712741607999883e-03
7.193709677419354875e+02 1.756009920048500058e-03
7.193763440860215042e+02 -1.990230759838700157e-03
7.193817204301075208e+02 1.967809921322399933e-03
7.193870967741935374e+02 5.313198162492699730e-03
7.193924731182795540e+02 1.478638710796999927e-04
7.193978494623655706e+02 -4.342498346623400313e-03
7.194032258064515872e+02 -2.107311310537600142e-03
7.194086021505376038e+02 -2.222753924949299933e-03
7.194139784946236205e+02 2.724698862994699797e-03
7.194193548387096371e+02 2.490949626036199991e-03
7.194247311827956537e+02 1.130880080462000033e-03
7.194301075268816703e+02 -1.080277140521000012e-04
7.194354838709676869e+02 1.221848667800699926e-03
7.194408602150538172e+02 -1.220438932561399969e-03
7.194462365591398338e+02 1.974143622833600051e-03
7.194516129032258505e+02 -7.051177315589000514e-04
7.194569892473118671e+02 2.226038255747399882e-03
7.194623655913978837e+02 1.840295890578399910e-03
7.194677419354839003e+02 -3.102534190940800171e-03
7.194731182795699169e+02 4.753497307237400209e-03
7.194784946236559335e+02 8.080861009738999484e-03
7.194838709677419502e+02 1.625158948208599990e-03
7.194892473118279668e+02 4.067581539123499984e-03
7.194946236559139834e+02 -3.054946361057500094e-03
7.195000000000000000e+02 -5.412134185815000408e-03
7.195053763440860166e+02 2.739379723388600009e-03
7.195107526881720332e+02 2.184249169044900126e-03
7.195161290322580498e+02 -3.529031730857599882e-03
7.195215053763440665e+02 -8.025351086468000524e-04
7.195268817204300831e+02 -3.189447312687099939e-03
7.195322580645160997e+02 -3.433988454417400207e-03
7.195376344086021163e+02 -4.243888957777199912e-03
7.195430107526881329e+02 -4.883080155623499910e-03
7.195483870967741495e+02 3.591223490155000080e-04
7.195537634408601662e+02 -1.805344027668199939e-03
7.195591397849461828e+02 -8.041102993309600863e-03
7.195645161290323131e+02 -4.781158511693000233e-03
7.195698924731183297e+02 1.772540624380399997e-03
7.195752688172043463e+02 -3.281518794248000138e-04
7.195806451612903629e+02 -5.002942453828199652e-03
7.195860215053763795e+02 3.827756537515000041e-04
7.195913978494623962e+02 2.781175765259700106e-03
7.195967741935484128e+02 -4.309780395026500260e-03
7.196021505376344294e+02 -4.156497999502900033e-03
7.196075268817204460e+02 4.151120226859600013e-03
7.196129032258064626e+02 2.091091042116399994e-03
7.196182795698924792e+02 -4.212232122800999945e-04
7.196236559139784958e+02 1.555217227311800040e-03
7.196290322580645125e+02 -1.055528397828900053e-03
7.196344086021505291e+02 -6.536990969849700017e-03
7.196397849462365457e+02 -7.343223866209399632e-03
7.196451612903225623e+02 -1.469236586074000107e-04
7.196505376344085789e+02 -3.639661064978999810e-04
7.196559139784945955e+02 3.540853121959799954e-03
7.196612903225806122e+02 5.931677249473799908e-03
7.196666666666666288e+02 -1.776974060646900003e-03
7.196720430107526454e+02 1.222572342277999892e-04
7.196774193548386620e+02 -2.311948227814099917e-03
7.196827956989246786e+02 -6.053146992681800176e-03
7.196881720430108089e+02 -1.844745265395600093e-03
7.196935483870968255e+02 1.162127259197500047e-03
7.196989247311828422e+02 6.213603114994999685e-04
7.197043010752688588e+02 2.855385617030999860e-03
7.197096774193548754e+02 2.103083387283100070e-03
7.197150537634408920e+02 -3.519464416124999835e-03
7.197204301075269086e+02 -1.622664746998800063e-03
7.197258064516129252e+02 5.106842717863400126e-03
7.197311827956989418e+02 5.944239760653499856e-03
7.197365591397849585e+02 2.747355854024199819e-03
7.197419354838709751e+02 1.816292164151199961e-03
7.197473118279569917e+02 4.720584670145000147e-03
7.197526881720430083e+02 6.651638722045099573e-03
7.197580645161290249e+02 3.757895947823899907e-03
7.197634408602150415e+02 1.683878668799399956e-03
7.197688172043010582e+02 3.678595750545300171e-03
7.197741935483870748e+02 6.807468103567600355e-03
7.197795698924730914e+02 -4.896184588702000165e-04
7.197849462365591080e+02 -3.282208293633900181e-03
7.197903225806451246e+02 6.621358041370099985e-03
7.197956989247311412e+02 8.102368273521000103e-04
7.198010752688171578e+02 -4.664262357207999907e-03
7.198064516129031745e+02 8.246372477671900375e-03
7.198118279569891911e+02 1.144999260444579982e-02
7.198172043010753214e+02 2.641849349651199854e-03
7.198225806451613380e+02 -3.018070024956900129e-03
7.198279569892473546e+02 4.719117151911999576e-03
7.198333333333333712e+02 7.025368539991400270e-03
7.198387096774193878e+02 3.331973426711099841e-03
7.198440860215054045e+02 4.132513520206600004e-03
7.198494623655914211e+02 3.316745051402900015e-03
7.198548387096774377e+02 2.369413389691499890e-03
7.198602150537634543e+02 -1.198965748660100030e-03
7.198655913978494709e+02 -1.006913790315999994e-04
7.198709677419354875e+02 5.938877563618900207e-03
7.198763440860215042e+02 3.088356567308399910e-03
7.198817204301075208e+02 3.066953993876999989e-04
7.198870967741935374e+02 2.958412843852799810e-03
7.198924731182795540e+02 1.212036714574200045e-03
7.198978494623655706e+02 5.451673912410000397e-04
7.199032258064515872e+02 6.261477204244600067e-03
7.199086021505376038e+02 3.897045837897300177e-03
7.199139784946236205e+02 8.537133047116000038e-04
7.199193548387096371e+02 -6.481711066562000512e-04
7.199247311827956537e+02 1.749370114803200024e-03
7.199301075268816703e+02 2.291837156287499996e-03
7.199354838709676869e+02 2.136043320294100066e-03
7.199408602150538172e+02 1.498281093325199960e-03
7.199462365591398338e+02 5.171216845503199752e-03
7.199516129032258505e+02 -9.058791907970000575e-05
7.199569892473118671e+02 -5.263877122665099571e-03
7.199623655913978837e+02 5.567299411223500076e-03
7.199677419354839003e+02 2.151876937608529841e-02
7.199731182795699169e+02 7.851634865880200570e-03
7.199784946236559335e+02 4.439842832631099752e-03
7.199838709677419502e+02 2.573367459726400193e-03
7.199892473118279668e+02 1.882866723179960067e-02
7.199946236559139834e+02 6.843524185044400077e-03
7.200000000000000000e+02 -4.058313129848400286e-03
