4.674075242422628094e+02 -9.048962943949100113e-03
4.655954182322781776e+02 2.105193521656520059e-02
4.637833340947870511e+02 -1.193339946427619987e-02
4.619712718292921068e+02 -2.309260919916929916e-02
4.601592314354986115e+02 -6.351701247979401298e-03
4.583472129129600035e+02 -4.286708868361999896e-04
4.565352162611790732e+02 -3.089512389667399897e-03
4.547232414799622120e+02 -2.532588256889200130e-03
4.529112885688124379e+02 2.077277467083669948e-02
4.510993575272829617e+02 -7.111343797264801057e-03
4.492874483550791638e+02 -1.203766975618139959e-02
4.474755610517039486e+02 -2.065422668585760110e-02
4.456636956168119923e+02 -3.003076760866400623e-03
4.438518520500580280e+02 -3.929369096597900082e-03
4.420400303509447895e+02 1.407199483588139968e-02
4.402282305191776572e+02 5.190637216669000131e-04
4.384164525543102968e+02 -1.222804217404700050e-02
4.366046964558454988e+02 -9.278346285458899390e-03
4.347929622235897682e+02 8.676190150316500857e-03
4.329812498570461798e+02 6.112294247769599863e-03
4.311695593557681718e+02 -1.232444431395090037e-02
4.293578907194611816e+02 1.179463151480330055e-02
4.275462439476281702e+02 -1.035173088013310004e-02
4.257346190399239276e+02 -9.033171282607400585e-03
4.239225707779812069e+02 -7.351036173794799761e-03
4.221109896027201671e+02 -6.188328678373399873e-03
4.202994302904510846e+02 -5.101045659736801012e-03
4.184878928407274543e+02 1.145214277685679960e-02
4.166763772531029986e+02 -1.487488478438299963e-03
4.148648835272325641e+02 -1.543250991073799984e-03
4.130534116627203503e+02 1.424841078136939929e-02
4.112419616592213174e+02 9.067618173248900848e-03
4.094305335162889605e+02 -8.245729909603299185e-03
4.076191272334771156e+02 -1.540042384288129937e-02
4.058077428104406295e+02 1.074178939426800004e-02
4.039963802468344056e+02 -5.304658256257400138e-03
4.021850395421615758e+02 -8.333140248973299608e-03
4.003737206961276343e+02 5.117660242217400221e-03
3.985624237082863033e+02 -3.340056841014400150e-03
3.967511485781913052e+02 -4.573693573423000150e-04
3.949398953054976573e+02 -4.503021000242300384e-03
3.931286638898096157e+02 -4.111806678779099736e-03
3.913174543307823114e+02 -6.876884632323499759e-03
3.895062666279693531e+02 -1.607391890558320172e-02
3.876951007809246903e+02 -1.404011797221389919e-02
3.858839567893031699e+02 2.655187674994200116e-03
3.840728346527598660e+02 -7.761939341318100337e-03
3.822617343707979671e+02 -3.762456148153400532e-03
3.804506559431231381e+02 -2.753964599772800240e-03
3.786395993692891579e+02 1.549625866130300081e-03
3.768285646488499765e+02 5.224558637892100059e-03
3.750175517814605541e+02 -5.245085865319800214e-03
3.732065607667253744e+02 -6.952768405817101073e-03
3.713955916042995113e+02 5.293395665506999987e-04
3.695846442937369147e+02 9.327419587573800366e-03
3.677737188345913637e+02 -1.270711916211949948e-02
3.659628152265180461e+02 5.445975516324999500e-04
3.641519334691720360e+02 -9.847473754790799991e-03
3.623410735620566356e+02 -3.272049358529999924e-03
3.605302355048776235e+02 1.507098056081099952e-03
3.587194192971888924e+02 2.086692596953999921e-03
3.569086249385444489e+02 2.931997432230999895e-04
3.550978524285993672e+02 1.435524153843339978e-02
3.532871017669583011e+02 -1.445262407111310050e-02
3.514763729532764387e+02 2.573201870036500531e-03
3.496656659871076727e+02 -7.883305844694000249e-04
3.478549808680061233e+02 9.771680523874599553e-03
3.460443175956775121e+02 6.802220245937899701e-03
3.442336761696252552e+02 -9.716556291945200111e-03
3.424230565895045970e+02 -4.067260372672260038e-02
3.406124588549707823e+02 1.163079585359639949e-02
3.388018829655778177e+02 -2.169694169543130019e-02
3.369913289208798233e+02 -5.454646116069299631e-03
3.351807967205319869e+02 -2.317032151391200043e-03
3.333702863641390763e+02 3.946344001722799921e-03
3.315597978513562794e+02 -1.207975540781549943e-02
3.297493311817377730e+02 -6.159386947899999579e-04
3.279388863548376207e+02 7.503703282653000203e-04
3.261284633703617146e+02 -6.122140632325001261e-03
3.243180622278136411e+02 -4.884084796596599790e-03
3.225076829268486449e+02 1.559071419476069920e-02
3.206973254671220843e+02 1.025039324625300107e-03
3.188869898481881364e+02 -5.128004295869800257e-03
3.170766760696009783e+02 5.723320977783000457e-04
3.152663841310159683e+02 7.165370140881800048e-03
3.134561140320378740e+02 -8.202989863076699459e-03
3.116458657723221108e+02 2.281353286175499817e-03
3.098356393514227989e+02 -5.266361860567000258e-04
3.080254347688942289e+02 1.243277377174970000e-02
3.062152520244423499e+02 -1.403889012780620144e-02
3.044050911175709189e+02 -9.587051649509499215e-03
3.025949520479352373e+02 1.764955765459999982e-04
3.007848348151907203e+02 2.586906710984100081e-03
2.989747394188917156e+02 1.159029458250299908e-03
2.971646658585925138e+02 -3.098144419692399915e-03
2.953546141339485303e+02 5.821827193400000048e-05
2.935445842445647031e+02 -2.118546372590969853e-02
2.917345761900963907e+02 -7.127906255574199650e-03
2.899245899700980544e+02 -1.724639071473200004e-03
2.881146255841239281e+02 -1.891662697682599962e-03
2.863046830318801312e+02 -4.120734718235000258e-04
2.844947623128704208e+02 1.418936231796530043e-02
2.826848634267503826e+02 -1.267894356951219936e-02
2.808749863731754317e+02 2.230904806504899890e-03
2.790651311517000295e+02 2.745407188516999809e-03
2.772552977618785235e+02 -1.055863661900699989e-02
2.754454862033665563e+02 6.103875059908000361e-03
2.736356964757690093e+02 -4.452444175434800214e-03
2.718259285787414683e+02 -2.978655307503000143e-04
2.700161825118384513e+02 -1.946573157129459844e-02
2.682064582746143060e+02 -4.148163222286499821e-03
2.663967558667753224e+02 1.001788863423240007e-02
2.645870752878252574e+02 3.889911949882099863e-03
2.627774165374198105e+02 -2.795548594743850132e-02
2.609677796152146243e+02 8.627529336524900061e-03
2.591581645207640463e+02 -1.492409062236059979e-02
2.573485712536227652e+02 -1.789246055394070126e-02
2.555389998134463667e+02 -7.127909810434000923e-04
2.537294501998399312e+02 -6.066296489999799951e-03
2.519199224124591012e+02 -7.541076111385000037e-03
2.501104164508584802e+02 -8.487564934057499275e-03
2.483009323145925862e+02 4.667153382802899896e-03
2.464910253114486807e+02 5.468978278456599999e-03
2.446815848301324081e+02 -8.006103275520100315e-03
2.428721661730167511e+02 -1.480786923778000053e-03
2.410627693397574376e+02 1.000758165195330188e-02
2.392533943298585370e+02 -4.100451581359999820e-03
2.374440411430263396e+02 -2.141890094319240379e-02
2.356347097788154770e+02 3.294201603276800550e-03
2.338254002367300188e+02 -1.374391020106170182e-02
2.320161125165774081e+02 -4.363897206054200006e-03
2.302068466178617427e+02 2.081301029418030149e-02
2.283976025401377115e+02 -7.380954156544400173e-03
2.265883802831117180e+02 1.676687829418799930e-02
2.247791798462877466e+02 1.609597872457239898e-02
2.229700012293217242e+02 -1.717472874656510162e-02
2.211608444318694353e+02 -1.782509743796800022e-03
2.193517094534350349e+02 -5.503841082671500490e-03
2.175425962937249267e+02 -8.556685592440000342e-04
2.157335049522938561e+02 1.630282366231119995e-02
2.139244354286460350e+02 9.967488115258800810e-03
2.121153877225889346e+02 1.199770984259980119e-02
2.103063618336268235e+02 1.666982002291899972e-03
2.084973577613144755e+02 8.505926940129599628e-03
2.066883755053583229e+02 -2.954326289519500128e-03
2.048794150652626058e+02 1.565337609514149894e-02
2.030704764406832794e+02 2.300385240484200105e-03
2.012615596312761852e+02 -4.799945324967300371e-03
1.994526646365456486e+02 -7.694351380010701173e-03
1.976437914561981586e+02 -7.663085962008400059e-03
1.958349400897885459e+02 -7.664093657402200679e-03
1.940261105368211361e+02 -1.258384053335480021e-02
1.922173027971035424e+02 -2.763441836623200133e-03
1.904085168701400903e+02 6.784319619837200256e-03
1.885997527554856674e+02 1.842651673125930006e-02
1.867910104528468196e+02 -7.922077962564600534e-03
1.849822899617279006e+02 -7.460177486566100039e-03
1.831735912817849510e+02 1.062944718859600013e-03
1.813649144126739259e+02 -5.092001327933000279e-04
1.795562593538992644e+02 -3.127393123880600236e-03
1.777476261051675692e+02 -3.015256155573799949e-03
1.759390146660337280e+02 -1.338698454272110178e-02
1.741304250360022365e+02 8.516436171612800851e-03
1.723218572148807652e+02 -1.426719274295199956e-03
1.705133112021737247e+02 -8.756393646105600781e-03
1.687047869974361731e+02 -4.509344544666399855e-03
1.668962846003747416e+02 -1.168457449226049938e-02
1.650878040104938407e+02 8.995989686594400500e-03
1.632793452274496531e+02 1.262981204105069998e-02
1.614709082508982476e+02 -3.094093803528000014e-04
1.596624930803441487e+02 -1.135316970213200291e-03
1.578540997154940442e+02 -1.931071946649690063e-02
1.560457281559030207e+02 -6.738259846671999570e-04
1.542373784010755742e+02 4.067083382047399776e-03
1.524290504508194886e+02 -1.941132058156000125e-03
1.506207443046393450e+02 2.715343991764800329e-03
1.488124599620902586e+02 -1.918239744464289923e-02
1.470041974228789456e+02 7.873291776575599976e-03
1.451959566865099873e+02 4.636971057879000352e-03
1.433877377526396231e+02 -5.822611224589799989e-03
1.415795406209240355e+02 -8.029656789043300782e-03
1.397713652908678625e+02 -1.197382472612400044e-03
1.379632117621778491e+02 -8.567670466828000188e-04
1.361550800344092238e+02 -7.992917195191599419e-03
1.343469701070666531e+02 1.481771197486259940e-02
1.325388819799579494e+02 -3.707117987875400197e-03
1.307308156525877791e+02 -8.991266935657099904e-03
1.289227711245113994e+02 1.789529000635700032e-03
1.271147483954356119e+02 1.484358112089220055e-02
1.253067474649156594e+02 -9.515288371874101175e-03
1.234987683324562937e+02 6.969699143129899632e-03
1.216908109978653840e+02 -3.797089839170399855e-03
1.198828754605971341e+02 6.218624392780799925e-03
1.180749617203584165e+02 8.211702394052999843e-03
1.162670697767045169e+02 -6.750310807817500210e-03
1.144591996291402438e+02 -1.094202441955099969e-02
1.126513512774734949e+02 1.368214005532259955e-02
1.108435247212090786e+02 -5.380774256992499824e-03
1.090357199599023375e+02 9.340964158978700208e-03
1.072279369932601440e+02 -7.750975454627400188e-03
1.054201758208378834e+02 5.547989414325599569e-03
1.036124364421404067e+02 4.168013791440899722e-03
1.018047188569756685e+02 8.127015007566500832e-03
9.999702306479801450e+01 -1.054212404582260086e-02
9.818934906531437434e+01 -1.115694642145620072e-02
9.638169685808016141e+01 1.250609503086499985e-02
9.457406644260031214e+01 1.224962843909099949e-03
9.276645781868279528e+01 6.378800776127500384e-03
9.095887098583251884e+01 4.346040794754199750e-03
8.915130594360495309e+01 -9.485525755165901893e-03
8.734376269170708440e+01 -2.226466037996100485e-03
8.553624122969436883e+01 6.448359509772000515e-04
8.372874155707179966e+01 -3.823335800270599542e-03
8.192126367364738826e+01 -1.196393295264400192e-03
8.011380757887562254e+01 -8.413438014378299412e-03
7.830637327246353152e+01 -2.843940165055200073e-03
7.649896075396664230e+01 -1.455736415053320021e-02
7.469157002288996239e+01 -1.122911586824100125e-02
7.288420107904157419e+01 4.675334859228100735e-03
7.107640974982437854e+01 -8.107359009831099222e-03
6.926908438435238224e+01 -4.898597480474700151e-03
6.746178080487625550e+01 1.247737555110380210e-02
6.565449901090109108e+01 8.875668512878399224e-03
6.384723900208345526e+01 -8.873359510671400066e-03
6.204000077807997826e+01 -8.566237930427600400e-03
6.023278433839575285e+01 9.078195837084600262e-03
5.842558968273790754e+01 5.714468598330100201e-03
5.661841681066205467e+01 -6.216966520672401013e-03
5.481126572172386346e+01 1.003797533757459955e-02
5.300413641557996414e+01 4.743887582874700345e-03
5.119702889188702244e+01 4.497227990240800291e-03
4.938994315015020220e+01 -1.122270469981729961e-02
4.758287919007668165e+01 2.121239881248399798e-03
4.577583701117166015e+01 -5.727503813696999645e-03
4.396881661309181055e+01 3.779913255329100073e-03
4.216181799549384834e+01 -1.478926631732749991e-02
4.035484115788300130e+01 3.510597038545399794e-03
3.854788609996647608e+01 -2.564687978976300155e-03
3.674095282130002005e+01 -1.207829397788479954e-02
3.493404132143938057e+01 5.187101337240099946e-03
3.312715160004130155e+01 -1.705999922300520041e-02
3.132028365676254467e+01 1.004788306936399943e-02
2.951343749110839454e+01 9.326609604099999327e-05
2.770661310278611467e+01 4.627424899221499986e-03
2.589981049130101454e+01 8.050431537599199786e-03
2.409302965630989135e+01 1.648951587052640069e-02
2.228627059746953876e+01 2.444381603111700149e-03
2.047953331428530177e+01 6.274632572409499613e-03
1.867281780646448297e+01 -1.870918880892270472e-02
1.686612407356293275e+01 5.419433699327800939e-03
1.505945211513652637e+01 -3.091750807469800105e-03
1.325280193084209657e+01 6.225665882627600366e-03
1.144617352033649382e+01 -1.349166033571629932e-02
9.639566883125132435e+00 9.047296057684999816e-04
7.832982018915361166e+00 2.263172210906150283e-02
6.026418927212614740e+00 2.018302959138109851e-02
4.219877607673780062e+00 1.991318802963819995e-02
2.413358059955747592e+00 3.413931211592540621e-02
6.068602835639883564e-01 5.524040913264730013e-02
-1.199615721794111689e+00 3.715315842980870115e-02
-3.006069956562585688e+00 6.087837452365259944e-02
-4.812502421185454793e+00 3.157931590391960253e-02
-6.618913116005781028e+00 -2.373329255533999916e-04
-8.425302041366620642e+00 1.076745336282300012e-03
-1.023166919776243944e+01 6.537128282978300203e-03
-1.203801458548579895e+01 5.110688456374400460e-03
-1.384433820503114632e+01 -5.323399592827200016e-03
-1.565064005674149605e+01 -1.689331944447500103e-03
-1.745692014095985911e+01 -3.468563423676799835e-03
-1.926317845818065067e+01 1.337936449753590086e-02
-2.106941500869639228e+01 8.676046474965899702e-03
-2.287562979295100263e+01 1.061237245654550118e-02
-2.468182281138839684e+01 -9.409049651839000369e-04
-2.648799406435153969e+01 -2.864183300164900060e-03
-2.829414355218338173e+01 -1.211642815497039963e-02
-3.010027127537827596e+01 -6.439371774119600177e-03
-3.190637723422869598e+01 4.619118224737901214e-03
-3.371246142922896638e+01 5.352907384517700297e-03
-3.551852386072201284e+01 1.639307877164190158e-02
-3.732456452905073974e+01 -5.271368127774100562e-03
-3.913058343470944322e+01 1.429343908251100000e-03
-4.093658057799056138e+01 1.123515751822429937e-02
-4.274255595933789920e+01 -4.391140824582099624e-03
-4.454850957919526167e+01 -1.710012955953769953e-02
-4.635444143790550697e+01 -6.404240010518500413e-03
-4.816035153581150041e+01 -1.185396305017289917e-02
-4.996623987340748130e+01 -2.919877733891000030e-03
-5.177210645098580954e+01 -1.503279810742030008e-02
-5.357795126904071736e+01 4.698697285710200233e-03
-5.538377432791501320e+01 1.296856379271160015e-02
-5.718957562795150551e+01 -2.929618484827000097e-04
-5.899535516964439097e+01 -3.005546295003499926e-03
-6.080111295328599397e+01 -1.716464377447540074e-02
-6.260684897932003423e+01 -1.021063723282640036e-02
-6.441256324819018175e+01 -1.509200227629260010e-02
-6.621825576023921656e+01 -2.701633320679999845e-05
-6.802392651580989025e+01 2.059974070807100207e-03
-6.982957551539631424e+01 -1.359933198580529946e-02
-7.163520275929079162e+01 3.924321445617299717e-03
-7.344080824798741958e+01 -1.453349689008119963e-02
-7.524639198177845856e+01 -7.940246270208100449e-03
-7.705195396115796314e+01 8.934838107173600358e-03
-7.885749418646868492e+01 -3.760253023715400596e-03
-8.066301265805329024e+01 -1.618415665127690209e-02
-8.246850937635537093e+01 2.625474237083300511e-03
-8.427398434181851883e+01 -7.427214765875799971e-03
-8.607943755478538606e+01 -4.001864060823400078e-03
-8.788486901559865316e+01 1.597269659898100042e-03
-8.969027872475231788e+01 -9.015041730070200154e-03
-9.149566668253856960e+01 -1.205672044149349968e-02
-9.330103288945137763e+01 -1.997003530180480046e-02
-9.510637734578294555e+01 -2.071425291670600001e-03
-9.691170005202720006e+01 -3.825547040686699991e-03
-9.871700100852676485e+01 7.339764213465899828e-03
-1.005222802156242636e+02 2.446463843315900034e-03
-1.023275376737631461e+02 1.255141149406320024e-02
-1.041327733833868763e+02 1.490822539266020014e-02
-1.059384309926389562e+02 -1.527995908041280236e-02
-1.077436232010163053e+02 -1.380965137090089945e-02
-1.095487936619063021e+02 1.262564046134700101e-03
-1.113539423758028164e+02 -6.702557344367000673e-04
-1.131590693431492838e+02 -1.649779775430830139e-02
-1.149641745642377799e+02 1.513378453286279984e-02
-1.167692580395621462e+02 -5.345182342787501047e-03
-1.185743197694648927e+02 -2.535722647602999783e-04
-1.203793597542885152e+02 -9.142225559427799575e-03
-1.221843779944763924e+02 -2.915047347663300096e-03
-1.239893744904718886e+02 -7.487453231744200036e-03
-1.257943492425670371e+02 2.271465126913000147e-04
-1.275993022513060282e+02 2.728244240560359982e-02
-1.294042335168800548e+02 1.011823646317590135e-02
-1.312091430397828162e+02 -1.802061346465200047e-03
-1.330140308204576627e+02 -1.296186269297320073e-02
-1.348188968591965988e+02 -4.339884625994999993e-04
-1.366237411564933097e+02 4.250903692332701038e-03
-1.384285637126902202e+02 8.690642380466299249e-03
-1.402333645281297834e+02 2.150493888330599901e-03
-1.420381436032551505e+02 -1.208814075115210128e-02
-1.438429009385097004e+02 -3.397701458448199908e-03
-1.456476365341852954e+02 6.425962962127200299e-03
-1.474523503908260409e+02 1.209763708287469978e-02
-1.492570425086230159e+02 -1.436014032226230058e-02
-1.510617128880698488e+02 -7.011143697266900530e-03
-1.528663615296097191e+02 -5.382040345125799728e-03
-1.546709884335346032e+02 -1.233847016233300016e-03
-1.564755936003380441e+02 -6.487260049915699947e-03
-1.582801770303623812e+02 4.264606090107999833e-03
-1.600847387239498971e+02 1.024123985902120060e-02
-1.618892786815437717e+02 3.779733645448900021e-03
-1.636937969035870992e+02 1.582714670212220093e-02
-1.654982933903717992e+02 -8.917477408111199391e-03
-1.673027681424418063e+02 3.065554475366100064e-03
-1.691072211599880859e+02 -5.955507408203800264e-03
-1.709116524435042095e+02 -1.174995547578290035e-02
-1.727160619934332146e+02 -3.160493498413399858e-03
-1.745204498100669355e+02 -1.125765323546139979e-02
-1.763248158938988865e+02 -9.524256232134499164e-03
-1.781291602452712368e+02 -5.068366386892100318e-03
-1.799334828645262405e+02 2.220852798840100128e-03
-1.817377837521069353e+02 7.564943493607399934e-03
-1.835420629084563018e+02 -7.175167388497100465e-03
-1.853463203338661458e+02 -1.221315639178180076e-02
-1.871505560288802883e+02 2.340577459703000157e-04
-1.889547699936896663e+02 -1.431987270411799957e-03
-1.907589622287876523e+02 4.661868176349199568e-03
-1.925631327346172554e+02 -2.086062580933000128e-03
-1.943672815114701677e+02 6.466499616116200277e-03
-1.961714085598397901e+02 -2.753412494693100072e-03
-1.979755138800682346e+02 -4.507344648369099663e-03
-1.997795974724976134e+02 1.287180079898000073e-03
-2.015836593375708503e+02 1.235426398094160126e-02
-2.033876994757308694e+02 5.723222057088899611e-03
-2.051917178872693341e+02 5.991510331200000389e-04
-2.069957145727299519e+02 4.661152147264899931e-03
-2.087996895323035744e+02 9.053049874649999641e-04
-2.106036427664835173e+02 -1.186243551360889950e-02
-2.124075742757125340e+02 6.737520904479299931e-03
-2.142114840602824017e+02 -8.039711380376400249e-03
-2.160153721206863224e+02 -2.203382476146779900e-02
-2.178192384572662945e+02 1.138884280133349927e-02
-2.196230830703643733e+02 4.822993284074901001e-03
-2.214269059604233405e+02 2.078855905303200139e-03
-2.232307071278860064e+02 -5.825310345064199646e-03
-2.250344865730439494e+02 -6.536700799242899616e-03
-2.268382442964407630e+02 1.673240284242999898e-03
-2.286419802982672422e+02 1.055563527893040032e-02
-2.304456945790165605e+02 -1.373875729197790094e-02
-2.322493871391314144e+02 3.024132188311299835e-03
-2.340530579789033254e+02 -5.760107301466300261e-03
-2.358567070988255523e+02 3.733299184021899968e-03
-2.376603344992399229e+02 -1.231457446526119937e-02
-2.394639401804884073e+02 1.593840609648899953e-03
-2.412675241430136737e+02 2.637445174695200126e-03
-2.430710863872584184e+02 -6.400132243156700720e-03
-2.448746269135141915e+02 -5.463774122464199606e-03
-2.466781457223243592e+02 -5.748629272895900214e-03
-2.484816428138797164e+02 -2.631489674057400051e-03
-2.502851181886732377e+02 -1.269282889759699995e-02
-2.520885718471475911e+02 -8.161029107990000822e-03
-2.538920037895942414e+02 5.251860927794000169e-04
-2.556954140165061347e+02 -8.018901894096699609e-03
-2.574988025282252124e+02 1.712639051532999918e-02
-2.593021693250932458e+02 -1.339707481947950002e-02
-2.611055144075528460e+02 6.623309316575200049e-03
-2.629088377760465960e+02 -1.820711890979200172e-03
-2.647121394308658182e+02 -6.879152710082100247e-03
-2.665154193725539926e+02 9.641504591648799791e-03
-2.683186776013016015e+02 -3.713976544255400206e-03
-2.701219141176016478e+02 6.347026376470801118e-03
-2.719251289218966576e+02 2.931244161475100168e-03
-2.737283220144780103e+02 -1.261394193811589924e-02
-2.755314933957881749e+02 -6.293631167606900632e-03
-2.773346430663200408e+02 1.054813327758630064e-02
-2.791377710262642040e+02 -1.253034009083470006e-02
-2.809413204060274438e+02 1.976555359599999908e-05
-2.827444049408386491e+02 1.324977596358300168e-03
-2.845474677663393663e+02 -1.689388130190979873e-02
-2.863505088829718943e+02 1.211653917872589949e-02
-2.881535282910780325e+02 8.270212923978000324e-04
-2.899565259909993529e+02 -1.103326732426859920e-02
-2.917595019832286880e+02 2.945189293639800376e-03
-2.935624562680573604e+02 4.898097311460999914e-03
-2.953653888459277823e+02 -6.279694549728001346e-04
-2.971682997173326726e+02 7.268318915802001248e-03
-2.989711888824625134e+02 -9.748914221174000356e-04
-3.007740563418604438e+02 -1.595479058370850162e-02
-3.025769020958177293e+02 8.041770779142099965e-03
-3.043797261447767255e+02 -5.665248513833099665e-03
-3.061825284891797310e+02 5.270449390123000495e-04
-3.079853091293683747e+02 -4.540392497933300360e-03
-3.097880680656841719e+02 1.306943921105199920e-02
-3.115908052986198413e+02 -4.473765818463900160e-03
-3.133935208284665350e+02 5.352316727043500248e-03
-3.151962146556666085e+02 6.333616561911000831e-04
-3.169988867807127235e+02 -1.313381398188340210e-02
-3.188015372037951920e+02 -3.263469200022500044e-03
-3.206041659254571528e+02 6.079247956778799714e-03
-3.224067729459896441e+02 1.265727301492900001e-03
-3.242093582658349078e+02 -4.400861870353400297e-03
-3.260119218854352425e+02 -9.596279019812000224e-04
-3.278144638051321067e+02 -2.901667583827999969e-03
-3.296169840252669587e+02 -1.286437048411500153e-03
-3.314194825463324037e+02 8.568167962008300942e-03
-3.332219593686194230e+02 1.078374560026099972e-02
-3.350244144925703722e+02 6.997591341573500441e-03
-3.368268479186776858e+02 7.711043180976801144e-03
-3.386292596471317324e+02 -4.813726397758999942e-04
-3.404316496784753667e+02 -2.312321574231400272e-03
-3.422340180129996270e+02 -2.214095984897879871e-02
-3.440363646511466982e+02 5.171986221568200363e-03
-3.458386895933587084e+02 1.156012531198099928e-03
-3.476409928399769456e+02 -7.134342218424899809e-03
-3.494432743913429249e+02 4.514624506492499918e-03
-3.512455342479489673e+02 -6.702620349498400118e-03
-3.530477724100861678e+02 -1.135070922192600064e-02
-3.548499888781965410e+02 2.883561259236000485e-03
-3.566521836527725213e+02 6.045341089724600228e-03
-3.584543567340044206e+02 5.824260723075000423e-03
-3.602565081224349228e+02 -1.496919149591300052e-03
-3.620586378183550664e+02 -4.929713016538200127e-03
-3.638607458222068090e+02 -1.070896966908729993e-02
-3.656628321344322217e+02 7.981293445549500487e-03
-3.674648967553724788e+02 -7.371335505576699990e-03
-3.692669396853689818e+02 -1.087793489483190011e-02
-3.710689609249140517e+02 -8.169047258462999728e-04
-3.728709604742985562e+02 2.656120497414400129e-03
-3.746729383339644528e+02 -7.330447077170201137e-03
-3.764748945044040624e+02 1.487283080216200053e-03
-3.782768289858075264e+02 -8.705477651981000098e-03
-3.800787417787175855e+02 4.469361954550999695e-03
-3.818806328834250507e+02 -9.365487905060000608e-05
-3.836825023003718229e+02 -1.235333059115700099e-03
-3.854843500299998027e+02 -7.292158038100900012e-03
-3.872861760726502212e+02 -7.944210399998499761e-03
-3.890879804286641956e+02 -5.390388053906500221e-03
-3.908897630985339902e+02 -7.941071558093799540e-03
-3.926915240825503588e+02 7.584210362364200361e-03
-3.944932633811553728e+02 2.023699934596600442e-02
-3.962949809948408983e+02 -1.165452485103890025e-02
-3.980966769237973040e+02 4.446579943563000285e-03
-3.998983511685669896e+02 -3.639984209377199794e-03
-4.017000037294406525e+02 -9.481416156621300453e-03
-4.035016346068603070e+02 1.182776559303300168e-02
-4.053032438012675698e+02 -1.468060360507979917e-02
-4.071048313130035581e+02 8.026257710956000851e-03
-4.089063971424093893e+02 -5.034920795708199871e-03
-4.107079412899771569e+02 1.414862442635700032e-03
-4.125094637559976150e+02 -9.965957590642499433e-03
-4.143109645409125505e+02 -5.150307560579801130e-03
-4.161124436452138866e+02 -8.398402654868599576e-03
-4.179139010690918212e+02 -5.367254080955800345e-03
-4.197153368130886406e+02 -4.968451438377399949e-03
-4.215167508774949852e+02 -1.219067269117560075e-02
-4.233181432627526988e+02 1.219236632644819969e-02
-4.251195139693033411e+02 3.196202639892800190e-03
-4.269208629974879727e+02 -1.482090713332740069e-02
-4.287221903476474836e+02 5.591510692993699808e-03
-4.305234960202739671e+02 5.218149874601899635e-03
-4.323247800156580070e+02 -2.756171601102500208e-03
-4.341260423342413333e+02 -1.051994156136540001e-02
-4.359272829765157553e+02 7.290311961162699618e-03
-4.377285019426713575e+02 1.242060501870200038e-03
-4.395296992332503123e+02 1.284687240612450085e-02
-4.413308748485432034e+02 -1.068334025094849933e-02
-4.431320287889917040e+02 4.022339695560300972e-03
-4.449331610550373171e+02 4.235686613485800146e-03
-4.467342716470209325e+02 1.484771692786659991e-02
-4.485353605652834972e+02 2.765279206394330100e-02
-4.503364278103168203e+02 -3.360918761966959906e-02
-4.521374733824114855e+02 2.231008469789380264e-02
-4.539384972820091093e+02 1.376288431359310067e-02
-4.557394995096013304e+02 -1.009240398958907020e-01
