1.920255155352598422e+03 -1.183832368804600085e-06
1.918237495318606307e+03 7.461385118399099747e-06
1.916219862270051635e+03 -2.110382368896800092e-06
1.914202256206350739e+03 -4.401915221285400335e-06
1.912184677127047280e+03 -3.429077614346800089e-06
1.910167125031557589e+03 1.227268140907999977e-06
1.908172141950291916e+03 -1.912159065556699845e-06
1.906154643519324736e+03 2.641484989921700283e-06
1.904137172070553561e+03 -7.180035156305399339e-06
1.902119727603393585e+03 7.710454508368100039e-06
1.900098553312984222e+03 -6.688903227479999523e-08
1.898081162857794425e+03 -1.335672140687199871e-06
1.896063799382591242e+03 3.810723247109799973e-06
1.894046462886919016e+03 4.703238917184000076e-07
1.892029153370193853e+03 -2.593665352222500240e-06
1.890034410152531109e+03 4.761965541250000096e-08
1.888017154290650524e+03 -2.722275475319700137e-06
1.885999925406057173e+03 5.998144626751599546e-06
1.883982723498294490e+03 6.010533221689999927e-08
1.881965548566779489e+03 -1.794722041020100051e-06
1.879944644308435954e+03 -5.780949053698100791e-06
1.877927523378024034e+03 -2.594247273633600061e-06
1.875910429422235438e+03 4.408559388784000337e-07
1.873893362440528335e+03 -4.925395405071999971e-06
1.871898859043210905e+03 -5.240829279111499907e-06
1.869881845706630202e+03 -3.254218916968799986e-06
1.867864859342556656e+03 8.526026739853999678e-07
1.865847899950407054e+03 -6.338084293875400103e-06
1.863830967529639565e+03 -4.052169064981799642e-06
1.861814062079671203e+03 -4.134835144153800219e-06
1.859793427799367691e+03 -1.777016170134900045e-06
1.857776576339724670e+03 -1.029956228743710005e-05
1.855759751849256645e+03 1.038641235167490040e-05
1.853765488229038510e+03 8.098927762972100105e-06
1.851748717374108992e+03 -2.107930363521400339e-06
1.849731973486780134e+03 -6.797613944513200864e-06
1.847715256566511243e+03 9.308088607459000954e-06
1.845698566612719105e+03 3.370562996348699737e-06
1.843681903624947836e+03 -6.361656898477100348e-06
1.841665267602613767e+03 2.825902515103500051e-06
1.839644903246167132e+03 2.927740783223499984e-06
1.837650852697267510e+03 1.688143237117700115e-06
1.835634297316943503e+03 -1.870053221037000018e-06
1.833617768899898465e+03 8.186318813095999784e-07
1.831601267445592384e+03 9.763159327530000714e-07
1.829584792953440683e+03 -2.827667497827999893e-06
1.827568345422989069e+03 -2.338088760022099933e-06
1.825551924853653190e+03 -5.012511690520000646e-07
1.823535531244892582e+03 -4.318592481918600217e-06
1.821519164596124256e+03 -6.107242466505999739e-07
1.819525353693069519e+03 -1.029587273749189963e-05
1.817505285913820899e+03 -1.714599671110600095e-06
1.815488999890948207e+03 -6.211002982163599683e-06
1.813472740825952314e+03 -5.549323606478699653e-06
1.811456508718250461e+03 -3.394076862832900164e-06
1.809440303567386763e+03 1.340178566082110042e-05
1.807424125372778462e+03 -1.215820675429600080e-06
1.805407974133842117e+03 1.598852533026999946e-06
1.803391849850122071e+03 -2.284165297604399815e-06
1.801398278599261857e+03 -7.596529770874200069e-06
1.799382207923108353e+03 4.826926735454999629e-07
1.797362409954300801e+03 -4.450307039698500000e-06
1.795346393234872039e+03 3.580836508316899974e-06
1.793330403467962242e+03 -4.125887385309500802e-06
1.791314440652987969e+03 -5.665604372669999879e-07
1.789298504789409208e+03 1.283487310488069952e-05
1.787282595876642745e+03 -1.025022886695249959e-05
1.785266713914233151e+03 6.742835026180699923e-06
1.783273382272404660e+03 -5.355802443715399901e-06
1.781257553907896863e+03 7.850478084159799716e-06
1.779241752492088153e+03 -3.117389744598000247e-07
1.777225978024395772e+03 3.167370818811500096e-06
1.775206476809734795e+03 3.721160030104000088e-07
1.773190756286961687e+03 -2.257730591876300167e-06
1.771175062710682596e+03 -9.706811641688100080e-06
1.769159396080442775e+03 -2.203492915338400230e-06
1.767166277360591721e+03 3.343870681036999802e-06
1.765150664319666021e+03 5.953593965435599478e-06
1.763135078223121809e+03 -3.429095106147599888e-06
1.761119519070376100e+03 3.989809509882299994e-06
1.759103986860973919e+03 8.593904866790000176e-07
1.757088481594332279e+03 -1.900614786280900180e-06
1.755069250076529215e+03 3.196537741223300139e-06
1.753053798743958623e+03 -3.657538356332899975e-06
1.751038374352526944e+03 6.450902661608099940e-06
1.749045495160129576e+03 3.838529641914100192e-06
1.747030124348352047e+03 -5.769877909218200590e-06
1.745014780476056558e+03 1.207682942114230157e-05
1.742999463542788135e+03 9.226122243713801404e-06
1.740984173547963564e+03 1.115447127378610076e-05
1.738968910491043744e+03 1.338854554655810117e-05
1.736953674371444777e+03 -7.038367672175100205e-06
1.734934712496562724e+03 -4.890328263762500047e-06
1.732919530300274801e+03 -2.808325366544100269e-06
1.730926890592154450e+03 -3.853144605944000035e-07
1.728911761965862752e+03 -7.147677838612000418e-06
1.726896660274197075e+03 -2.952052642441699752e-06
1.724881585516702899e+03 9.089683443122300286e-06
1.722866537692797237e+03 1.167250169949199948e-06
1.720851516801897560e+03 -4.621158341276800500e-06
1.718836522843549346e+03 4.780907882734500220e-06
1.716821555817169838e+03 -8.963391305666501140e-06
1.714802863531116600e+03 -4.160966679929000212e-07
1.712810463264150940e+03 1.355200150794000082e-06
1.710795576779649991e+03 -8.456117203639099128e-06
1.708780717225005674e+03 5.486801098816999795e-06
1.706765884599635683e+03 1.004897137038330016e-05
1.704751078903000007e+03 1.506464407221870003e-05
1.702736300134515886e+03 -4.495108850899999644e-08
1.700721548293729484e+03 2.005481574610100019e-06
1.698706823380057585e+03 -6.842404863591001017e-07
1.696714635836236312e+03 4.076243254199299682e-06
1.694699964474328226e+03 2.357269429837700157e-06
1.692681568397387537e+03 3.828484980342199617e-06
1.690666950936081548e+03 -3.210517740845800077e-06
1.688652360399196596e+03 -2.634294289175699892e-06
1.686637796786149920e+03 1.643368352475799988e-06
1.684623260096487229e+03 7.750394473787201199e-06
1.682608750329626218e+03 4.181621356978499959e-06
1.680594267485027558e+03 3.217892745211399918e-06
1.678602319300824774e+03 -4.619867565194999786e-07
1.676587889998295850e+03 -7.529901196839999396e-07
1.674573487616458578e+03 6.975194735958099934e-06
1.672555361015118478e+03 -7.658609358545100530e-06
1.670541012523046675e+03 1.663387404088300088e-06
1.668526690950046486e+03 3.663549818247000135e-06
1.666512396295536064e+03 3.269432456775099928e-06
1.664498128558975395e+03 -1.695526088606100024e-06
1.662483887739782404e+03 -8.897115902703101080e-06
1.660492178872063050e+03 -1.675368406434300091e-06
1.658477991585376458e+03 -3.655884538793200233e-06
1.656463831214487982e+03 1.036832248276200135e-06
1.654449697758857610e+03 -2.912185428577000026e-06
1.652431840579069558e+03 1.225897178424999965e-06
1.650417761002456245e+03 -1.036100746296930020e-05
1.648403708339481682e+03 -6.247017512885299850e-06
1.646389682589563790e+03 -3.485902417174100137e-06
1.644375683752248051e+03 2.435113719985099837e-06
1.642384214157886845e+03 5.247316533815499898e-06
1.640370268843388885e+03 1.902640025894500072e-06
1.638356350439838479e+03 -6.442006581700000049e-07
1.636342458946653778e+03 1.735052350115600162e-06
1.634328594363380944e+03 -1.727617555010500064e-06
1.632311006551281935e+03 -9.040931607860000074e-07
1.630297195836194987e+03 -4.505755432434700089e-06
1.628283412029400779e+03 -8.318492188638099664e-06
1.626292155058746630e+03 -2.194952866370000103e-08
1.624278424766198214e+03 -2.753270516558800079e-06
1.622264721380287938e+03 7.596358381902000653e-07
1.620251044900476018e+03 1.854807699042700084e-06
1.618237395326181286e+03 -6.857441633684600319e-06
1.616223772656949222e+03 1.484643849994000017e-06
1.614210176892198206e+03 1.238738925900550008e-05
1.612192858393769484e+03 2.731447790491399965e-06
1.610179316486461857e+03 -7.303882739859500242e-06
1.608188298707740159e+03 -4.116553396758900476e-06
1.606174810305036544e+03 -2.768002556821999806e-07
1.604161348804123008e+03 -1.403171570037840058e-05
1.602147914204417930e+03 -3.620633266108000067e-07
1.600134506505467243e+03 -5.584646559416800225e-06
1.598121125706689554e+03 3.122609375381999991e-07
1.596107771807545305e+03 1.038911844555590103e-05
1.594094444807453101e+03 -3.932623167908199863e-06
1.592077395568859629e+03 3.454274430577599711e-06
1.590086616938974430e+03 -1.832712234586000112e-07
1.588073370382534449e+03 -4.591638003734299753e-06
1.586060150722995331e+03 4.588192331819500768e-06
1.584046957959903466e+03 6.025664056578899396e-06
1.582033792092676777e+03 1.603703716447600082e-05
1.580020653120776387e+03 2.598060690922999918e-07
1.578007541043620904e+03 8.737540064631000425e-07
1.575994455860756489e+03 3.806090584051400088e-06
1.573981397571601974e+03 1.628915232024599921e-06
1.571990857997947842e+03 -2.345859281037799960e-06
1.569974104606877518e+03 -6.548371059574500099e-06
1.567961126745228285e+03 2.968263921002300026e-06
1.565948175775137997e+03 -4.104959671192599632e-06
1.563935251696068008e+03 -7.072145590004800148e-06
1.561922354507436694e+03 6.474676404229000212e-07
1.559909484208790445e+03 5.077175173936900501e-06
1.557896640799547640e+03 -9.823960916483199664e-06
1.555906313700678766e+03 4.766654032868100078e-06
1.553893523768201703e+03 -4.664179665488900206e-06
1.551880760723475078e+03 -1.492714099506099986e-06
1.549864276479110458e+03 -1.957783619723900295e-06
1.547851567258464684e+03 1.049224907907390018e-05
1.545838884923952037e+03 -5.932485651289400764e-06
1.543826229475118907e+03 -1.770928357804770102e-05
1.541813600911384583e+03 -1.587476881799799994e-06
1.539800999232209961e+03 8.332922816436700593e-06
1.537810911157752344e+03 -1.090561061230940101e-05
1.535798362945667577e+03 -1.284607429451600173e-06
1.533785841616575453e+03 4.735978882088999765e-06
1.531773347169894350e+03 4.753855681875400063e-06
1.529760879605086302e+03 7.090091139767500191e-06
1.527744691384859834e+03 8.143788040814499773e-06
1.525732277632237583e+03 8.124252064097200467e-06
1.523719890759871532e+03 2.553465712348000010e-06
1.521707530767179833e+03 3.184834768117800157e-06
1.519717681674120058e+03 -5.636550407426399508e-06
1.517705375138930322e+03 2.874469708450300062e-06
1.515693095481890850e+03 1.441812194053400010e-06
1.513680842702420478e+03 -3.025308730613900021e-06
1.511668616799980555e+03 3.471941987858600142e-06
1.509656417773990370e+03 3.961609123521899838e-06
1.507640498587344609e+03 3.073796397880799984e-06
1.505628353362812732e+03 -1.821560120528400142e-06
1.503616235013114192e+03 -2.071976333988900207e-06
1.501626624858323112e+03 -1.439395594072540114e-05
1.499614559956540461e+03 8.773783367680000463e-07
1.497602521928024544e+03 2.187390831133300432e-06
1.495590510772236939e+03 1.115655225230699953e-05
1.493578526488596481e+03 1.974161715429600094e-06
1.491566569076650467e+03 -8.633181929342899875e-06
1.489554638535817276e+03 3.003245687419999938e-07
1.487538988328821688e+03 -1.718368380765700209e-06
1.485549590500024806e+03 -8.239533432444800498e-06
1.483537740319122349e+03 -2.602094082545599716e-06
1.481525917007184717e+03 -5.503447692312600370e-06
1.479514120563674396e+03 3.365495548848500171e-06
1.477502350988009539e+03 6.330225926681500049e-06
1.475490608279737671e+03 -6.705816084669499638e-06
1.473478892438277853e+03 -5.623402677423400105e-06
1.471467203463091892e+03 -8.681716007460000269e-07
1.469455541353598846e+03 8.595144840099000480e-06
1.467466382332370131e+03 -2.383719559898900217e-06
1.465451027665246102e+03 2.116856172769699953e-06
1.463439445899644625e+03 6.765593632532700557e-06
1.461427890997588747e+03 -9.346344537882000876e-06
1.459416362958625314e+03 -1.903064906941600157e-06
1.457404861782173839e+03 3.728064903132400346e-06
1.455393387467695902e+03 -6.383237799429999385e-06
1.453381940014611018e+03 -2.061680060187199974e-06
1.451370519422466259e+03 3.049398616887499984e-06
1.449381599215268352e+03 -7.448564658331700271e-06
1.447370232043198257e+03 -1.850166127931299950e-06
1.445355146242752198e+03 1.032933864374160110e-05
1.443343832838738535e+03 -5.410537780949200739e-06
1.441332546292937650e+03 2.465641591949000093e-07
1.439321286604810894e+03 -6.937684236008200625e-06
1.437310053773778236e+03 6.200700223705999896e-07
1.435298847799386749e+03 7.333218471543800369e-06
1.433287668681056175e+03 6.430025610670699954e-06
1.431298987244884984e+03 3.344065645818000136e-06
1.429287861537008894e+03 4.676411187922500038e-06
1.427276762683586412e+03 -1.104849407271830158e-05
1.425261945696060593e+03 -3.046397551578699976e-06
1.423250900599935903e+03 7.970360342138799357e-06
1.421239882356649787e+03 -9.923308359899000397e-07
1.419228890965621304e+03 6.307539999095700432e-06
1.417217926426398208e+03 2.794880033167800202e-06
1.415229457167576584e+03 8.731177958526299077e-06
1.413218546030261223e+03 2.914413147037100403e-06
1.411207661743100971e+03 1.371562436647640108e-05
1.409196804305515570e+03 6.302903891409600641e-06
1.407185973717052775e+03 2.309139818211600124e-06
1.405171425488704472e+03 8.150671459605000766e-07
1.403160648646741492e+03 -4.109093543348699905e-06
1.401149898652286538e+03 2.812949685193800207e-06
1.399139175504759805e+03 1.673182033960500072e-06
1.397150944935767257e+03 1.499837384915130015e-05
1.395140275180532853e+03 9.160864007135600888e-06
1.393129632270577076e+03 9.044455515948200089e-06
1.391119016205447224e+03 6.293153567546000154e-07
1.389108426984563266e+03 1.920045544604999979e-07
1.387097864607387464e+03 -1.126320006050999945e-07
1.385083585084359129e+03 6.801534838269300121e-06
1.383073076442972933e+03 8.209800286310000850e-07
1.381062594643680995e+03 -3.171822782463799788e-06
1.379074602721541851e+03 1.131331110895559866e-05
1.377064174304887047e+03 1.673665674320100059e-06
1.375053772728763079e+03 8.058517778201200731e-06
1.373043397992589007e+03 9.766038649886000362e-07
1.371033050095828003e+03 -1.204085201914660097e-05
1.369022729037899808e+03 1.116243848854880103e-05
1.367012434818352176e+03 -9.697379264971000304e-06
1.364998423946972025e+03 1.700448428284899927e-06
1.362988183452421254e+03 -6.093815645174900340e-06
1.361000430134171665e+03 -9.262786252005999493e-07
1.358990243012732662e+03 4.841164558102200339e-06
1.356980082726949604e+03 5.829301346408700007e-06
1.354969949276284979e+03 -3.883619196481100459e-06
1.352959842660158984e+03 5.801326426691199830e-06
1.350949762878119600e+03 -7.097877658836700312e-06
1.348939709929586570e+03 5.486048895459500645e-06
1.346929683814022610e+03 7.005233321300499687e-06
1.344942142475200626e+03 1.074190289700000119e-08
1.342928426783147643e+03 1.258308973197100043e-06
1.340918480913443545e+03 4.545321410611100257e-06
1.338908561874564839e+03 -4.308547376548999887e-07
1.336898669665931038e+03 -2.010914262386000167e-07
1.334888804287090352e+03 -1.720007669750900236e-06
1.332878965737462977e+03 -6.016615301375300440e-06
1.330869154016511857e+03 -5.548021352469400698e-06
1.328859369123657189e+03 1.392110951743900120e-06
1.326872066307653540e+03 4.527657073762900026e-06
1.324862334769724612e+03 5.196692602702400163e-06
1.322848887616531329e+03 -1.580178863184589962e-05
1.320839209781129512e+03 -3.400176757357499929e-06
1.318829558771143411e+03 2.735810352479800110e-06
1.316819934586121008e+03 -6.167278521757000255e-07
1.314810337225482726e+03 -1.974025388484099924e-06
1.312800766688691283e+03 1.627447603164199949e-06
1.310791222975167329e+03 3.840310577544999987e-07
1.308804158638962463e+03 3.428628467485400398e-06
1.306794668270803186e+03 -4.561356415161600375e-06
1.304785204724348432e+03 1.593089162864399992e-06
1.302772026056216873e+03 5.791521543852500817e-06
1.300762616201505580e+03 4.249704322782500423e-06
1.298753233166887412e+03 6.434741431844800628e-06
1.296743876951824859e+03 6.484208519073700112e-06
1.294734547555739027e+03 1.049560725568460050e-05
1.292725244978177898e+03 3.205466203119700115e-06
1.290738419078890047e+03 4.931860179617299638e-06
1.288729169837049085e+03 4.374310304537100088e-06
1.286719947412085730e+03 -3.731789666074600302e-06
1.284710751803420180e+03 -2.371575442472200057e-06
1.282701583010600643e+03 1.758490292480350138e-05
1.280688699639118795e+03 5.954231219712799774e-06
1.278679584526187455e+03 -2.476660328974850326e-05
1.276670496227490730e+03 6.065673736671099782e-06
1.274661434742449273e+03 -4.077463622880300055e-06
1.272674847237164158e+03 -1.217805586785899985e-06
1.270665839078244062e+03 -5.432143818353100476e-06
1.268656857731332593e+03 5.211449910082899731e-06
1.266647903195977960e+03 3.901912101551000149e-07
1.264638975471600588e+03 7.096815859760999815e-07
1.262630074557664329e+03 6.966195652848600176e-06
1.260617459558488690e+03 -2.755561789405400256e-06
1.258608612313747471e+03 -1.205684485533200144e-06
1.256622236650799323e+03 -1.819343446603580031e-05
1.254613442723650223e+03 3.819210456151699814e-06
1.252604675604221029e+03 7.438341508675300205e-06
1.250595935292060176e+03 -1.033190159501119872e-05
1.248587221786588543e+03 -6.694037598303099730e-06
1.246578535087269529e+03 1.027206975148660046e-05
1.244569875193524013e+03 5.054451501541400370e-06
1.242561242104900430e+03 1.704822798689000184e-06
1.240548895424447437e+03 2.010188755932699967e-06
1.238562758074475141e+03 -7.529813047606800739e-06
1.236554205148306210e+03 -1.134316887701400077e-06
1.234545679025033451e+03 -8.235042872860201361e-06
1.232537179704204618e+03 -3.845857919053800380e-06
1.230528707185241501e+03 4.683117656700299514e-06
1.228520261467607270e+03 8.620439885042600070e-06
1.226511842550722577e+03 -4.419781846277799723e-06
1.224503450434136539e+03 -2.122987120507499912e-06
1.222495085117270037e+03 -4.834579525848799436e-06
1.220509185988041736e+03 7.347422678560000267e-08
1.218497134121141926e+03 -5.254549228676999663e-07
1.216488848950701140e+03 3.148477388038399962e-06
1.214480590577839394e+03 4.235101164805500274e-06
1.212472359002020085e+03 -7.116164114464000200e-06
1.210464154222664547e+03 3.301014096270400153e-06
1.208455976239321672e+03 4.968935312849900324e-06
1.206447825051412110e+03 3.605855263736100105e-06
1.204439700658399943e+03 -2.386046526880999927e-07
1.202454039756397833e+03 6.717448929309799953e-06
1.200445968652159536e+03 -3.609342934625000202e-06
1.198434184991380334e+03 5.462600225714499695e-06
1.196426167523130289e+03 1.025279971943960062e-05
1.194418176847058703e+03 2.714799682583400025e-06
1.192410212962714240e+03 -1.422884493593500038e-06
1.190402275869518689e+03 -1.999190152007000164e-07
1.188394365566935221e+03 -1.429395776225800089e-06
1.186408916359076784e+03 -4.677720366909700354e-06
1.184401059336745902e+03 -1.022489461408000044e-06
1.182393229103467320e+03 -3.789572973785900254e-06
1.180385425658662598e+03 -6.314735400220000457e-07
1.178373910150294705e+03 6.707742012453900071e-06
1.176366160330712319e+03 1.813092832307899965e-06
1.174358437297994215e+03 1.611169388824000001e-07
1.172350741051604473e+03 -8.262544746981000088e-06
1.170343071590964882e+03 1.012081642044299950e-05
1.168357860529381242e+03 -9.137837022794500634e-06
1.166350244339492974e+03 1.513338536949500012e-06
1.164342654933795075e+03 4.123725971272500118e-06
1.162335092311751168e+03 -5.481307485858200528e-06
1.160327556472783499e+03 9.448906381385400446e-06
1.158316309063302242e+03 1.567109158177500173e-06
1.156308826838878304e+03 -9.268672031171000873e-07
1.154301371395921478e+03 3.142016925963100214e-06
1.152293942733980884e+03 -2.019055665526299978e-06
1.150308969775827563e+03 4.057589285518899907e-06
1.148301594375012201e+03 -1.594554593979799942e-06
1.146294245753568703e+03 3.503116365120999967e-07
1.144286923910918631e+03 5.063924791420300031e-06
1.142279628846610876e+03 3.469148276389099995e-06
1.140272360560067455e+03 -1.155519681353310063e-05
1.138261381195792183e+03 1.956876058175200326e-06
1.136254166513032715e+03 8.682140041958000130e-07
1.134246978606429138e+03 6.872000908331599771e-06
1.132262243708872120e+03 -1.404721928475670029e-05
1.130255109053812475e+03 -5.472143769260500262e-06
1.128248001173307784e+03 -1.290755902840299998e-06
1.126240920066778926e+03 4.938558592719999777e-07
1.124233865733775474e+03 1.651811863313899982e-06
1.122226838173719671e+03 -4.392223957661700060e-06
1.120219837386075142e+03 -1.063154252284179962e-05
1.118209126013466857e+03 -2.596738384213300219e-06
1.116224602661990957e+03 4.655599448745700339e-06
1.114217681939107024e+03 -1.113524818702720004e-05
1.112210787986496825e+03 1.223329568677919923e-05
1.110203920803582378e+03 4.462607848116999858e-07
1.108197080389913253e+03 -4.333911577105999805e-07
1.106190266744911241e+03 9.421618616757600149e-06
1.104183479868040649e+03 -1.176004986170000019e-07
1.102176719758723266e+03 -9.935759840664999454e-07
1.100169986416508891e+03 -1.428030496886040052e-05
1.098185700995466050e+03 1.303776647461440135e-05
1.096175284077217611e+03 -1.396866490451859882e-05
1.094168630783718072e+03 1.177688593317149999e-05
1.092162004255184456e+03 5.562297475871400746e-06
1.090155404491038553e+03 8.538741320921800596e-06
1.088148831490744669e+03 -1.836696909339199889e-06
1.086142285253725504e+03 4.411088473446699773e-06
1.084135765779529947e+03 2.859523582253600072e-06
1.082129273067580471e+03 6.771690486737500052e-06
1.080145225583462206e+03 -4.755911147319600308e-06
1.078138786095393698e+03 -2.388199351098499912e-06
1.076128637056350726e+03 4.930398374243700354e-06
1.074122251138870524e+03 3.085260919448299948e-06
1.072115891980964307e+03 1.127202444869570076e-05
1.070109559582054317e+03 3.421790141231700065e-06
1.068103253941689900e+03 -4.617489561283000146e-07
1.066096975059293754e+03 -1.425643509073700042e-06
1.064090722934330188e+03 -2.808974300686200098e-06
1.062106913344342502e+03 2.073814454587210156e-05
1.060100714433645408e+03 -6.820773037380999981e-06
1.058094542278823610e+03 -2.841293497483500204e-06
1.056084661065533737e+03 -1.052103178560620045e-05
1.054078542470551611e+03 -6.882363538838100175e-06
1.052072450629838158e+03 2.849699756258200176e-06
1.050066385542815624e+03 -4.641440156385900289e-06
1.048060347208948997e+03 -5.186388647676999994e-07
1.046076749017125621e+03 -1.103536907986129995e-05
1.044070763889062164e+03 -4.402006170860600396e-06
1.042064805512512294e+03 -2.393740506597700146e-06
1.040058873887026266e+03 6.186676260545300601e-06
1.038052969012026324e+03 -2.337977484372500057e-06
1.036043355570882113e+03 3.036184701922500327e-06
1.034037504245061200e+03 -1.067788081611789994e-05
1.032031679668120205e+03 1.339857630167280021e-05
1.030025881839523663e+03 -1.277488666245800085e-06
1.028042521461030219e+03 4.175651013461400619e-06
1.026036776828626671e+03 -7.314681280881999627e-07
1.024031058943010976e+03 8.929788319478699097e-06
1.022025367803606059e+03 1.810953859447200067e-06
1.020019703409876911e+03 3.046074458094000153e-06
1.018014065761245774e+03 -4.168662912336800346e-06
1.016008454857262905e+03 1.057674580296290008e-05
1.013999135928713940e+03 4.011395487512800180e-06
1.011993578562096332e+03 2.845767343948900248e-06
1.010010455954168265e+03 1.315713920772700141e-06
1.008004951774262850e+03 -2.588728007775800379e-06
1.005999474336293588e+03 -8.615507823915999677e-07
1.003994023639725356e+03 -1.793105924069199976e-06
1.001988599683981192e+03 1.158439742286700065e-06
9.999832024686111254e+02 -3.212273111626300092e-06
9.979778319930376256e+02 4.685500071973999918e-07
9.959724882567261375e+02 -9.654317020659599331e-06
9.939634369879662472e+02 -6.250968508632999643e-07
9.919805521078493484e+02 7.989298331026399350e-06
9.899752883371631924e+02 -2.438575847187899845e-06
9.879700513036050324e+02 -1.789616171476000158e-07
9.859648410065972257e+02 -7.612417532504700157e-06
9.839596574456903681e+02 4.007799918571600598e-06
9.819545006203070443e+02 3.856185037200000320e-07
9.799493705299124713e+02 -6.844077991102000273e-07
9.779442671739296884e+02 3.409789761517800103e-06
9.759615934949630400e+02 -3.350545875020200056e-06
9.739565433076330692e+02 -3.310302926509700080e-06
9.719477861286558209e+02 1.005068150329800112e-06
9.699427894562414849e+02 2.592687376667000457e-07
9.679378195156556330e+02 1.549764319055300054e-06
9.659328763063209635e+02 -2.518010223280800099e-06
9.639279598277031482e+02 -7.540034668186000381e-07
9.619230700792249991e+02 -8.925526261417900435e-06
9.599182070604368846e+02 1.553930744803200042e-06
9.579357710285648864e+02 -9.733625996337101467e-06
9.559309611688281620e+02 -3.443597213271900435e-06
9.539261780371413124e+02 5.131116713525399977e-06
9.519176884057195593e+02 8.863780481229200739e-06
9.499129587782997532e+02 -3.435725478662100114e-06
9.479082558773253595e+02 1.937266217754219971e-05
9.459035797022196448e+02 1.477177178338100007e-06
9.438989302525330913e+02 1.257962998550399990e-06
9.418943075276886248e+02 -1.505578740583400078e-06
9.399121091001867399e+02 1.186236726125460017e-05
9.379075395248368068e+02 -2.362492803076299965e-06
9.359029966727317742e+02 -6.292983332536399526e-06
9.338984805432950225e+02 -3.166860979705999977e-06
9.318902584060649588e+02 1.517641531646990016e-05
9.298857957702491603e+02 1.375707339445400057e-06
9.278813598554975215e+02 2.978530926583099705e-06
9.258769506613606382e+02 1.719031962231900129e-06
9.238725681872614359e+02 -6.650682116266000155e-07
9.218906073214151320e+02 7.430622200016799748e-06
9.198862779872562214e+02 -1.218716102312209952e-05
9.178819753714958551e+02 -3.541180222404699756e-06
9.158776994736846291e+02 3.341286606363899754e-06
9.138734502932462647e+02 -4.551692713598300145e-06
9.118654955966885609e+02 -5.095703273708600331e-06
9.098612998991430914e+02 2.139428432164999917e-07
9.078571309173668169e+02 3.973327896121600164e-06
9.058753811542565018e+02 -1.124714881503370006e-05
9.038712653039301586e+02 3.000957214429699978e-06
9.018671761677341010e+02 -2.948232622446100025e-06
8.998631137452186977e+02 -1.544319429295700096e-06
8.978590780358075563e+02 8.630131761251900064e-06
8.958550690389665760e+02 3.073011362676000455e-07
8.938510867541192511e+02 4.088964344354699689e-06
8.918433994448984095e+02 -4.210670810784999613e-06
8.898394706323040282e+02 -2.682666910783599696e-06
8.878579583501992829e+02 -3.170407183815700428e-06
8.858540826594623923e+02 -4.967059073376299822e-06
8.838502336781386930e+02 -9.786637382972801144e-06
8.818464114056517928e+02 -2.195841820140099976e-06
8.798426158414677047e+02 -5.900577856328000405e-07
8.778388469850099227e+02 1.128102376292200011e-05
8.758351048358296111e+02 5.038198359180399356e-06
8.738313893933499230e+02 4.752819476448600054e-06
8.718239694179753769e+02 8.982582934845600097e-06
8.698426945741913414e+02 2.976042657673700376e-06
8.678390589999626172e+02 -3.103406222556700256e-06
8.658354501303040252e+02 -5.819337520576300113e-06
8.638318679646818055e+02 4.471894956385700087e-06
8.618283125025197933e+02 1.464473856070199916e-06
8.598247837433685845e+02 5.261949427223200181e-06
8.578212816866523553e+02 -7.750422962404199481e-06
8.558178063318370050e+02 3.843446835981900156e-06
8.538143576783464823e+02 -2.316308271365500006e-06
8.518333201810847868e+02 -1.305117977888000169e-07
8.498261939373473979e+02 7.573329070647299801e-06
8.478228251361992989e+02 4.582847817405399823e-06
8.458194830342885098e+02 1.819955297749660037e-05
8.438161676310385246e+02 7.865124007202999742e-07
8.418128789260005078e+02 2.955788697096599990e-06
8.398096169185985218e+02 -1.132801844690139976e-05
8.378063816082562880e+02 1.888802720598399918e-06
8.358255550662267979e+02 9.924788107194900153e-06
8.338223728502110816e+02 -7.052143756682299977e-06
8.318192173297451291e+02 -3.298542838596400153e-06
8.298123583078871661e+02 4.683759477294299284e-06
8.278092562265020433e+02 3.708547536081500035e-06
8.258061808390647229e+02 -7.141747808243000358e-07
8.238031321449991538e+02 -3.260066790882400329e-06
8.218001101437715761e+02 -2.727083135643800125e-06
8.197971148348062798e+02 5.551834471210499695e-06
8.178165256078143557e+02 -3.270208771141799874e-06
8.158135833836768143e+02 -4.488230400716200051e-06
8.138106678502493878e+02 1.312883399095899994e-06
8.118077790069983166e+02 7.116814460296400259e-06
8.098011871535728687e+02 -3.623925276152700071e-06
8.077983517387742722e+02 2.048090952012100002e-06
8.057955430125505245e+02 -4.465228908117500706e-06
8.037927609743259154e+02 -1.167710733081230003e-05
8.017900056236519504e+02 9.213018557541599650e-06
7.998096536690948142e+02 -5.366222667109200048e-06
7.978069513936671910e+02 2.813783736012900246e-06
7.958042758041534626e+02 3.065196792569500175e-06
7.938016268999778049e+02 1.023900428479099961e-06
7.917990046806917235e+02 5.633801250159600745e-06
7.897926799424360524e+02 1.338693732008500098e-06
7.877901111408917814e+02 -1.614089221893220068e-05
7.857875690226360348e+02 -6.469704646409000859e-07
7.837850535870928752e+02 7.627395871604700181e-06
7.818049388623356890e+02 -2.342475348066999838e-06
7.798024764925024783e+02 -4.583748609795000862e-06
7.778000408037456737e+02 1.569288255768220062e-05
7.757976317956171215e+02 2.640767976940500140e-06
7.737952494675409980e+02 -6.253527812054299912e-06
7.717928938189838846e+02 -8.011829797266499945e-06
7.697905648493705257e+02 -2.847046276377800157e-06
7.677845339010416410e+02 9.965954706308399381e-06
7.658046299841425935e+02 -5.810739942335000213e-07
7.638023807999401242e+02 -6.392924241944200728e-06
7.618001582925960520e+02 -1.014959359450829986e-05
7.597979624615347802e+02 8.101893689471000894e-06
7.577957933063077007e+02 1.028725403538100048e-06
7.557936508263397855e+02 5.322872463556399907e-06
7.537915350210552106e+02 -8.431452112431899991e-06
7.517894458900055952e+02 -1.552844373713000050e-06
7.497873834326159113e+02 -1.004290015485759920e-05
7.478077166159017679e+02 4.448535694745100096e-06
7.458019790944039187e+02 -1.344546069092330040e-05
7.437999964064117648e+02 -1.705646507994100166e-06
7.417980403899945259e+02 -3.409381594741199845e-06
7.397961110445766053e+02 6.264061403552000728e-07
7.377942083696253803e+02 -8.409277184574401345e-06
7.357923323645653682e+02 1.112765811928989999e-05
7.337904830289480742e+02 -1.797947167859999867e-08
7.317886603621986978e+02 6.261086931767500148e-06
7.298092306521880346e+02 1.185864328622210046e-05
7.278074610236137687e+02 4.210696691385500092e-06
7.258019904466333401e+02 -6.770511093828200145e-06
7.238002742017343962e+02 -6.216303078588099673e-06
7.217985846230433253e+02 -5.885229809188199736e-06
7.197969217099853267e+02 5.892558791801500096e-06
7.177952854621122469e+02 -5.195613899367199354e-06
7.157936758788486031e+02 3.240289119013400213e-06
7.137920929596618862e+02 1.330804556531070048e-05
7.118129003137594282e+02 -2.949663319269300076e-06
7.098113704231777774e+02 8.903144140781100714e-06
7.078098671951228198e+02 4.224459410084999962e-07
7.058046635094565318e+02 -5.179383093205999568e-07
7.038032136543781689e+02 4.372911992958200489e-06
7.018017904602272665e+02 -6.545163760779199445e-06
6.998003939264290238e+02 9.314050409037200311e-06
6.977990240524504770e+02 2.615490770435699736e-06
6.958200420671770416e+02 -3.129754339041700008e-06
6.938187252133375296e+02 -3.612677029022499892e-06
6.918174350177681617e+02 1.352402903046940034e-05
6.898161714798936828e+02 4.219359794224299670e-06
6.878149345991819246e+02 3.784142670222099980e-06
6.858099977514707462e+02 4.495618910592099728e-06
6.838088142331242807e+02 -4.148887882373399310e-06
6.818076573703416443e+02 8.056198271560199874e-06
6.798065271625476953e+02 3.489893478750400135e-06
6.778277821609576677e+02 -2.428612034533100256e-06
6.758267049638637900e+02 9.395343191359999739e-07
6.738256544202095029e+02 -1.172581988196600047e-06
6.718246305294619560e+02 1.850089960655100025e-06
6.698236332910465762e+02 -1.392393165505800096e-06
6.678226627045155510e+02 1.209102940870200005e-06
6.658179926415845102e+02 4.513168697281099422e-06
6.638170754067260759e+02 -4.773451262596899602e-06
6.618161848221535593e+02 2.395867711316999944e-07
6.598376767616811094e+02 9.453475469742400714e-06
6.578368391782450999e+02 9.836086957273300005e-06
6.558360282434614419e+02 -4.058104880814100381e-06
6.538352439567976262e+02 -1.301835188751499964e-05
6.518344863176789659e+02 6.252192451907699856e-06
6.498337553256578758e+02 -1.256662653078500174e-06
6.478330509801595554e+02 2.971199296116200232e-06
6.458286476486786114e+02 -6.715167949421000980e-07
6.438279966442474915e+02 2.222215141687999817e-06
6.418497254823370213e+02 6.702727584008700204e-06
6.398491274695236370e+02 4.525822121918100734e-06
6.378485561005765021e+02 4.810838918748299925e-06
6.358480113749210432e+02 -7.328367244169000203e-06
6.338474932921096752e+02 -3.615618071027899747e-06
6.318470018515677111e+02 9.710957878903999463e-07
6.298465370527632103e+02 3.693235148980999973e-07
6.278460988951213722e+02 1.234211801190479993e-05
6.258680381976847684e+02 6.032964767167700109e-06
6.238639279360498904e+02 -5.216573293817200188e-06
6.218635694508340066e+02 7.400268330074000400e-07
6.198632376046573427e+02 3.290437931542100167e-06
6.178629323970720861e+02 -5.693948879099600684e-06
6.158626538275041185e+02 -2.469573660710700234e-06
6.138624018954211579e+02 5.554945592711200374e-06
6.118621766002487448e+02 3.865673213543500623e-06
6.098619779415396351e+02 1.160510987591339925e-05
6.078841540623237734e+02 -5.273166627175899874e-06
6.058840083772613525e+02 1.124914856435140008e-05
6.038801647353614044e+02 -1.920890142809900005e-06
6.018800723690261520e+02 -1.543405078312599958e-06
5.998800066364566419e+02 -7.571522135854100367e-06
5.978799675371207059e+02 -7.740864078491899351e-06
5.958799550704442254e+02 -5.626789795413000135e-07
5.938799692359797291e+02 2.382890905255000141e-07
5.918800100331530984e+02 -2.471751527887000218e-07
5.899024229296320527e+02 -8.734417328043099510e-06
5.879025166909398195e+02 -4.887703848721700236e-06
5.859026370822532499e+02 2.768255513262999935e-07
5.838990600069710126e+02 6.142052291178999949e-06
5.818992337064149751e+02 -8.557195757736599077e-06
5.798994340342680971e+02 6.025060116567600038e-06
5.778996609900829071e+02 -5.445770999890300194e-06
5.758999145732854004e+02 -3.625182318962099890e-06
5.739001947833437498e+02 1.000495619942370024e-05
5.719228444130013713e+02 8.113286568441101173e-06
5.699231775776418090e+02 -5.369738783275000038e-07
5.679235373675909386e+02 5.582218121556900109e-06
5.659239237822747555e+02 -2.433593267937999748e-06
5.639206132203381685e+02 -5.319331183081699904e-06
5.619210529324741401e+02 5.021735032281799972e-06
5.599215192677485220e+02 1.020305763675150017e-05
5.579220122256296008e+02 -6.936574866598699713e-06
5.559225318055434855e+02 -5.822188659418499892e-06
5.539454181259163761e+02 1.918131181190000323e-06
5.519459906509468965e+02 -6.216407631535100087e-06
5.499465897965055774e+02 -4.803928344127899625e-06
5.479472155620187550e+02 4.071587028182699995e-06
5.459478679469547160e+02 5.906864570632000030e-07
5.439448238452325768e+02 5.673043159302999256e-07
5.419455295169873352e+02 -1.760693671042799888e-06
5.399462618065690549e+02 1.239434167133830171e-05
5.379693584557041959e+02 1.091765774869760038e-05
5.359701436819118499e+02 -6.644865397665199804e-06
5.339709555243999830e+02 3.696623593768099887e-06
5.319717939825948179e+02 -1.409547029226899839e-06
5.299726590559649821e+02 -1.142764589309580028e-05
5.279735507439364710e+02 -3.314130581132199854e-06
5.259744690460624952e+02 3.160019857526500176e-06
5.239716913514382668e+02 5.291648912591999854e-07
5.219726629297103955e+02 5.507396111366000359e-06
5.199959961892625415e+02 -3.829922589569700014e-06
5.179970206947416500e+02 2.457247344076560005e-05
5.159980718116808021e+02 -9.907793332353999829e-07
5.139991495395487391e+02 -1.678619654168000139e-06
5.120002538777713426e+02 -2.781404349414599928e-06
5.100013848259022780e+02 -4.874569847073900535e-06
5.080025423833677110e+02 7.084122486792099586e-06
5.060037265496362693e+02 2.129868395000999870e-06
5.040049373241343460e+02 7.498688414029899832e-06
5.020285071026323180e+02 2.012984881700599732e-06
5.000260487781257552e+02 -1.261843837565899983e-06
4.980273391265619694e+02 4.114956278880099837e-06
4.960286560811073855e+02 9.809570139857998484e-07
4.940299996413155554e+02 -7.664952245368499752e-06
4.920313698066129291e+02 -2.040055497182999763e-06
4.900327665764681342e+02 -1.146815315946200117e-06
4.880341899503077343e+02 -4.256033360542000276e-07
4.860356399276851675e+02 9.517692400703499733e-06
4.840594462316661861e+02 -7.052547748977000639e-06
4.820609491172102139e+02 -4.768132364256600386e-06
4.800587570828655544e+02 -8.860357475008001196e-07
4.780603132212306718e+02 -4.829410340974999833e-06
4.760618959604405518e+02 -2.175596543128500225e-06
4.740635052999639356e+02 7.331686117912000134e-07
4.720651412392273869e+02 6.308809206998900233e-06
4.700668037777846848e+02 2.256490958217199933e-06
4.680908202637870659e+02 -1.076262157870270130e-05
4.660925357020703359e+02 6.499616008041300520e-06
4.640942777380176381e+02 5.922825731796300461e-06
4.620960463710980548e+02 9.811423879411300248e-06
4.600941205738436679e+02 -1.505071671461010176e-05
4.580959424491239247e+02 -7.777128289528000806e-07
4.560977909199432929e+02 -8.292271330975000539e-07
4.540996659857285067e+02 4.404563214739700222e-06
4.521015676460331747e+02 1.088214324402650040e-05
4.501258205773373788e+02 1.010108587318510089e-05
4.481277751278734058e+02 -9.079351255182499755e-06
4.461297562712997546e+02 -2.947063787873900144e-06
4.441317640070432731e+02 -5.344249145540099848e-06
4.421337983346575697e+02 -5.316078404761700123e-06
4.401321387214358083e+02 3.595543102526000258e-07
4.381342262805890755e+02 -1.349173260730000070e-07
4.361363404300195725e+02 -1.974118398236090094e-05
4.341384811691542041e+02 -8.406870060671899731e-06
4.321629705033233222e+02 -5.525692712410999994e-06
4.301651641231969734e+02 2.627479190315100008e-06
4.281673843311459677e+02 -4.533972133489100272e-06
4.261696311267240844e+02 5.041326313899300351e-06
4.241719045093583986e+02 -7.311034668931100060e-06
4.221742044785180497e+02 1.253928567944610069e-05
4.201728109961584892e+02 -1.333224010276800055e-06
4.181751641862836095e+02 -5.727574167924000088e-07
4.161775439613409731e+02 -1.027188042366639946e-05
4.142022696559483279e+02 1.858574978576800166e-06
4.122047023022122971e+02 -7.941614480746199100e-06
4.102071615318646423e+02 4.247525572125400266e-06
4.082096473443324953e+02 4.273187772568899642e-06
4.062121597390852230e+02 -8.374456358451199534e-06
4.042146987155499005e+02 3.022076136894200062e-06
4.022172642732804775e+02 1.309318054076800010e-06
4.002161368687960135e+02 3.777101347132800078e-06
3.982410725987703017e+02 -5.799008292731899878e-06
3.962437176494658502e+02 -6.409280679599999597e-09
3.942463892793099944e+02 3.876724545951999888e-06
3.922490874877298666e+02 1.003693943861480077e-05
3.902518122741949469e+02 1.106359176309730050e-05
3.882545636381325949e+02 6.557230482757799630e-06
3.862573415790966465e+02 1.739557981129000235e-07
3.842601460965145179e+02 1.817787979411600098e-06
3.822629771898556328e+02 -8.013769076753698693e-06
3.802881491512260936e+02 8.594015982602000675e-06
3.782873140983484177e+02 2.714204905664499991e-06
3.762902246688459513e+02 2.493942824521299946e-06
3.742931618131500500e+02 1.003113573680559907e-05
3.722961255306880162e+02 -1.009786049960979965e-05
3.702991158210140270e+02 2.794719966223499711e-06
3.683021326835553282e+02 -7.128564905147999619e-07
3.663051761177817411e+02 -3.294364595677099674e-06
3.643082461231205684e+02 -9.744593923878599250e-06
3.623336543224760362e+02 -1.080137759147399939e-06
3.603367771716636412e+02 -5.370172767698700381e-06
3.583362080853108296e+02 -1.052279395817539910e-05
3.563393841226260861e+02 -3.037206073436300126e-06
3.543425867284072410e+02 8.643306277139299344e-06
3.523458159022085852e+02 4.091769712775200079e-06
3.503490716434575347e+02 -4.598336468899700000e-06
3.483523539516239680e+02 -7.138422723565400074e-06
3.463556628261353580e+02 9.900038113516999429e-07
3.443813072210041923e+02 -8.087635614366000067e-07
3.423846689299253399e+02 -1.312818063234300047e-06
3.403880572036491117e+02 -7.188081113532299475e-06
3.383877540307086633e+02 7.296436200596900048e-06
3.363911954819136554e+02 1.476142603305000048e-06
3.343946634963298266e+02 3.207015678999199742e-06
3.323981580734271120e+02 -9.062409532736000163e-07
3.304016792126330415e+02 -5.861955116979800466e-06
3.284275334963584783e+02 -1.219764527225300092e-06
3.264311074615494022e+02 6.275243339315999462e-06
3.244347079873070925e+02 8.966267675628900551e-06
3.224383350731013707e+02 -6.854327144585100671e-06
3.204419887183600508e+02 3.217209980417999828e-07
3.184419514059026710e+02 -4.564163425698100049e-06
3.164456582180834516e+02 -9.045836150368499902e-06
3.144493915881375301e+02 -1.635931989361000122e-06
3.124531515156196519e+02 3.382864395569599964e-06
3.104792419148683393e+02 -7.297878065487000098e-07
3.084830546588161155e+02 2.664579120732299726e-06
3.064868939585656449e+02 -5.178911204193600462e-06
3.044907598135447984e+02 -1.595387832810099893e-06
3.024946522233082078e+02 -3.213911557322900124e-06
3.004985711872836305e+02 1.130295622191269954e-05
2.984987996822250125e+02 2.287996548494900306e-06
2.965027718024816750e+02 -8.102891175763000529e-07
2.945067704753598719e+02 1.722489901385780017e-05
2.925330969477738563e+02 -4.722442999279199536e-06
2.905371484276429896e+02 5.081992832990400099e-06
2.885412264585078788e+02 -9.078334172499700149e-06
2.865453310399232691e+02 8.341071451938401069e-06
2.845494621713169749e+02 5.524293832849800476e-06
2.825536198521593860e+02 -5.758129395115001016e-07
2.805578040818784871e+02 4.937655392340000095e-08
2.785582983313174168e+02 -5.502397700619299410e-06
2.765625357067642653e+02 6.476595935141800234e-06
2.745890982099956545e+02 -3.685732085058400330e-06
2.725933883829610522e+02 -3.138782115392800037e-06
2.705977051021594093e+02 1.256373351955200017e-05
2.686020483671457555e+02 8.650314154164901533e-06
2.666064181773480755e+02 -1.557248900930800090e-06
2.646108145321945813e+02 2.127071908003800306e-06
2.626152374312400184e+02 2.207922472599999978e-08
2.606196868739126558e+02 -2.407132142171300261e-06
2.586464590707431626e+02 4.549022646324100398e-06
2.566472453165465595e+02 4.872047961896000686e-07
2.546517741397508416e+02 -1.180695595694999964e-05
2.526563295045111488e+02 7.365349585708699977e-06
2.506609114102557783e+02 4.858175617042600132e-06
2.486655198564551483e+02 -6.620974320236699785e-06
2.466701548425375279e+02 2.437079873385400069e-06
2.446748163680578898e+02 -2.038895400822000016e-07
2.426795044324445882e+02 1.913618734552800137e-06
2.407065125801433965e+02 1.179354734959269982e-05
2.387112534241653634e+02 -6.823711855208800299e-06
2.367160208054289399e+02 -2.757910192870599957e-06
2.347170992806884442e+02 1.096927407042700023e-06
2.327219197843888594e+02 -2.049140655375800339e-06
2.307267668237417126e+02 -5.017462019493999994e-06
2.287316403983020336e+02 6.473200709253500073e-06
2.267365405074982903e+02 2.198339609046300291e-06
2.247414671508010713e+02 -5.526383609842900572e-06
2.227687112070496767e+02 2.484522104790799937e-06
2.207736906204795844e+02 6.780833737730700841e-06
2.187786965664761851e+02 -5.284769303588700524e-06
2.167837290444680320e+02 7.085284798548199586e-06
2.147850731047303441e+02 6.598267525537199980e-06
2.127901586945300778e+02 -2.755009074572999975e-06
2.107952708147361989e+02 4.025225390901599662e-06
2.088004094648194666e+02 -3.833976296147199544e-06
2.068055746442084342e+02 1.177423230579500061e-06
2.048330545666983369e+02 6.502283596752800303e-06
2.028382725068352386e+02 -7.229502315393000435e-07
2.008435169747384634e+02 1.186578529622889878e-05
1.988487879698787140e+02 3.352565237444499905e-06
1.968540854916847138e+02 6.373624335200999570e-07
1.948556950841077366e+02 -2.701935813414100133e-06
1.928610457071799260e+02 5.142611588601300014e-06
1.908664228553294606e+02 -5.429360124358200744e-06
1.888941123740983983e+02 1.118077288006100039e-06
1.868995422745445012e+02 1.090633037189490072e-05
1.849049986985710348e+02 4.152716223253500174e-06
1.829104816456067226e+02 -8.608644551256498917e-06
1.809159911150803453e+02 -5.333339320790300109e-06
1.789215271065473019e+02 -1.046187190635470108e-05
1.769270896194363161e+02 -8.836062865713499324e-06
1.749289646910231113e+02 1.557152944800019905e-05
1.729345802945549622e+02 -1.681924153196599939e-06
1.709625055996394281e+02 1.947651606945199833e-06
1.689681739460084771e+02 6.343571762495000103e-07
1.669738688111596616e+02 1.465110366829699979e-06
1.649795901945641106e+02 7.680296922996800684e-06
1.629853380956506044e+02 2.596368876866600256e-06
1.609911125139747128e+02 -5.207248991216000427e-06
1.589969134489653868e+02 -4.727214106673800688e-06
1.570027409000936700e+02 -9.824634806513001454e-07
1.550048813979879299e+02 -8.299076635578699613e-06
1.530330424471508763e+02 -5.647495558150600671e-06
1.510389491966448077e+02 -2.953303918712299844e-06
1.490448824601659226e+02 6.470086976776000213e-06
1.470508422371432573e+02 -1.635028577427899892e-06
1.450568285271324100e+02 7.914514440467400471e-06
1.430628413295624455e+02 -6.821644148281000529e-07
1.410688806439045493e+02 9.869576417530199239e-06
1.390749464695877577e+02 5.124567587240800750e-06
1.370810388061677827e+02 1.168534501605900049e-06
1.351094355083246796e+02 1.129905044502410028e-05
1.331118676420998952e+02 -3.951678303716800325e-06
1.311180392612042453e+02 2.765957281152200184e-06
1.291242373890955548e+02 9.821298287711101654e-06
1.271304620252029167e+02 -1.750021423500000025e-06
1.251367131689977299e+02 -1.346688383616910081e-05
1.231429908199090875e+02 3.030571390509799933e-06
1.211492949774928434e+02 -1.937335558085199751e-06
1.191779011297845443e+02 6.584945865233000005e-07
1.171842580028940830e+02 -3.211147622874300004e-06
1.151906413810539220e+02 -1.044973922819640119e-05
1.131933388301075638e+02 -5.009940461605500879e-06
1.111997752661374648e+02 -6.978958347783600561e-06
1.092062382056310526e+02 5.463252999521900337e-06
1.072127276480175624e+02 1.878275511985300147e-06
1.052192435928528909e+02 3.087280818915899847e-06
1.032257860395663585e+02 -1.067714496187070133e-05
1.012546278138668185e+02 -7.883821426745200338e-06
9.926122296665549527e+01 -1.442791152403299982e-06
9.726784461970058260e+01 -8.632222676601900561e-06
9.527449277255809079e+01 -4.534959036389000565e-06
9.327745548411962773e+01 -1.938684550101800053e-06
9.128415668423541263e+01 -3.411786498987199994e-06
8.929088438257736016e+01 -1.993982633793100124e-06
8.729763857857493292e+01 6.563285078248299863e-06
8.530441927169974292e+01 -4.870026161684900138e-06
8.333349662576900130e+01 5.031490646520700136e-06
8.134033001552066366e+01 -1.404556009782299990e-06
7.934718990077823264e+01 4.517331440148399803e-06
7.735407628109780376e+01 1.122960185147509915e-05
7.536098915590888225e+01 -4.441368231878299482e-06
7.336421707705302708e+01 3.415999466127000267e-06
7.137118298859779486e+01 -1.470864706252899952e-06
6.937817539304828074e+01 -4.727022239773900660e-06
6.738519428983403259e+01 -7.763770865258900469e-06
6.541450718148442434e+01 8.551950861180198607e-06
6.342157876545095263e+01 8.618297488646001032e-06
6.142867684025840447e+01 -8.600979278724001315e-06
5.943580140533639877e+01 -3.386449157343800302e-06
5.744295246015677492e+01 1.402105178144399879e-06
5.513098398966314306e+01 6.460022872979400422e-06
5.279678553909892003e+01 -1.288984211523690094e-05
5.080402483992078544e+01 -2.669697100177600044e-06
4.881129062819741904e+01 -1.365305305404900080e-05
4.681858290340072415e+01 6.408438098801400158e-06
4.482590166496044048e+01 1.134591430711110149e-05
4.285551106506149210e+01 5.445262190024699951e-06
4.086288250191150695e+01 -5.873107255221700175e-06
3.887028042362403824e+01 -3.430477193013900002e-06
3.687770482962886831e+01 1.282588060722450010e-05
3.488515571939798576e+01 -4.642669683381999858e-06
3.288892264663332554e+01 3.611714511627799954e-06
3.089642655166258578e+01 1.090354107486980162e-05
2.890395693887118966e+01 -9.668796329145199441e-06
2.691151380768900836e+01 1.202412154564210043e-05
2.494135864992187734e+01 2.778507576748300363e-06
2.294896818463119459e+01 5.064017779199199639e-06
2.095660419941401642e+01 4.354170512707799719e-06
1.896426669374244867e+01 1.398379280493030010e-05
1.697195566704641934e+01 2.597442214965230056e-05
1.497967111888241831e+01 1.993976938145549776e-05
1.298370309560456448e+01 4.230907393672760113e-05
1.099147155210023286e+01 4.898157275345640184e-05
8.999266485543410354e+00 6.884055914214649494e-05
7.029346727753284618e+00 7.940355394125140145e-05
5.037194317607050387e+00 5.840429706191290187e-05
3.045068382788636008e+00 4.581677783018210285e-05
1.052968922728092949e+00 4.554487490496560354e-05
-9.391040630179916526e-01 5.785004069443269714e-05
-2.931150575019538351e+00 5.692865843681899838e-05
-4.923170613804280116e+00 4.921110244412189784e-05
-6.915164179942107303e+00 3.269722665829440328e-05
-8.884874804550438654e+00 3.890525997485670001e-05
-1.088052508510241267e+01 2.933774325987610125e-05
-1.287243948276666750e+01 3.073132107722200069e-05
-1.486432740988982637e+01 2.601603796292700121e-05
-1.685618886691519691e+01 1.240948717176680081e-05
-1.884802385441258465e+01 2.492371177409450310e-05
-2.083983237290960844e+01 1.362990042054840045e-05
-2.283161442297604538e+01 1.178372545160499967e-05
-2.482337000505515689e+01 2.430815096867400069e-06
-2.679284530935081676e+01 2.652514021232100105e-06
-2.878454825283884233e+01 1.050471550657689943e-05
-3.077993360004620271e+01 2.089951229688300146e-06
-3.277158356204090950e+01 -2.296700332606099831e-06
-3.476320705872329597e+01 -2.982254912818999694e-07
-3.675480409062086551e+01 2.707598006127800217e-06
-3.874637465830327443e+01 1.025570380235359977e-05
-4.073791876221368113e+01 6.312289229444999454e-07
-4.272943640292171352e+01 1.178294969911170020e-05
-4.469867642907257732e+01 8.408625088255999619e-07
-4.669014144062175120e+01 -2.089934672640799994e-06
-4.868157999054496798e+01 6.258076135779999442e-08
-5.067670045711906113e+01 9.408330638606000146e-07
-5.266808603609826633e+01 -4.069582326734400028e-06
-5.465944515503470313e+01 3.038235638278299748e-06
-5.665077781449788574e+01 -3.738939408389400228e-06
-5.864208401493085177e+01 8.448886448615499541e-06
-6.063336375690310831e+01 2.329825365162300109e-06
-6.260236854706698040e+01 -6.749118565459799768e-06
-6.459359566931031793e+01 -4.605409772580200063e-06
-6.658479633471114312e+01 -8.223339693307300582e-06
-6.857597054371242962e+01 2.533301211496600387e-06
-7.057082618235060067e+01 1.640984360556000110e-06
-7.256194743099655398e+01 5.453980598331799670e-06
-7.455304222482573095e+01 -2.901438705921700152e-06
-7.654411056440747529e+01 -8.026798007638999995e-07
-7.851290631836158695e+01 -2.172970027310100033e-06
-8.050392204659365802e+01 -7.098242293393000489e-06
-8.249491132219617384e+01 5.306112116762600085e-06
-8.448587414561201570e+01 -7.365248153492300515e-06
-8.647681051741048464e+01 -8.207588492490799860e-06
-8.846772043811874653e+01 7.949837812926300877e-06
-9.046231130163081957e+01 -2.436173646078199750e-06
-9.245316827248531411e+01 -3.138978035076899984e-06
-9.444399879383190921e+01 6.685042891713899905e-06
-9.641255939139811915e+01 -5.183125079442000428e-07
-9.840333731086286662e+01 -7.951023310192000180e-07
-1.003940887823529238e+02 1.425597525570000064e-08
-1.023848138064374780e+02 4.886387217631799366e-06
-1.043755123836435530e+02 -7.689087523017100272e-06
-1.063661845145403078e+02 9.386321515682600599e-06
-1.083568301995704530e+02 -4.972184845014100125e-06
-1.103511563405836426e+02 -5.825496159069199735e-06
-1.123417490863431141e+02 1.276956191013760029e-05
-1.143100745696500979e+02 1.075087865359019924e-05
-1.163006147228668965e+02 -2.086569251654000238e-07
-1.182911284328891242e+02 -1.281715247766900119e-06
-1.202816157002437336e+02 -3.948385291276800492e-06
-1.222720765254997701e+02 1.115511838000010027e-05
-1.242625109090998308e+02 -3.798838348050700147e-06
-1.262529188516129608e+02 -8.938342344880999933e-07
-1.282433003535659850e+02 7.935252919940298966e-06
-1.302373618248620915e+02 -6.883542246876200074e-06
-1.322054522360285205e+02 -7.584124143135800518e-06
-1.341957546656329328e+02 -5.163549329487000209e-07
-1.361860306567796783e+02 8.842195140878000437e-07
-1.381762802100376746e+02 1.030941904721900046e-06
-1.401665033258494191e+02 -2.496307312292200090e-06
-1.421567000047838576e+02 6.857273467456100954e-06
-1.441468702473677297e+02 -3.308000810363800335e-06
-1.461370140541698674e+02 -6.772816612340300032e-06
-1.481048956233512399e+02 -1.527094005470999997e-07
-1.500949868554435511e+02 1.163058187390899962e-06
-1.520887575220546069e+02 -1.446992006993099848e-06
-1.540787958369079718e+02 7.425683529519999325e-08
-1.560688077186082126e+02 3.535809052179000406e-07
-1.580587931675977131e+02 -1.968850510147200087e-06
-1.600487521844452772e+02 5.379791596029000019e-06
-1.620386847696775021e+02 4.675928274459900200e-06
-1.640285909238631064e+02 -5.802660046077099965e-06
-1.659962375004625414e+02 1.337209320276789970e-05
-1.679860910893131347e+02 3.931075989761899759e-06
-1.699759182486488953e+02 7.755706959286699122e-06
-1.719694243561081350e+02 2.290010964283900092e-06
-1.739591986087793600e+02 3.411153049440999966e-06
-1.759489464335163404e+02 5.676030552231500274e-06
-1.779386678308455600e+02 2.385928762377300066e-06
-1.799283628013357088e+02 2.666335642169100075e-06
-1.819180313454290285e+02 -8.866809269569000333e-06
-1.838854429714939158e+02 4.265847284222100390e-06
-1.858750589597090368e+02 -3.504883691186400106e-06
-1.878646485231429040e+02 1.451009855347830038e-05
-1.898542116623640652e+02 2.020811427803000194e-06
-1.918474532632414764e+02 5.663910589643100737e-06
-1.938369635062854286e+02 3.904533160003800278e-06
-1.958264473266968935e+02 -6.986407101072000304e-06
-1.978159047249180276e+02 8.719817861723799210e-06
-1.998053357015172651e+02 -3.409759220880500315e-06
-2.017725124191272528e+02 3.323550554920700068e-06
-2.037618908492607375e+02 -4.389345061541400098e-06
-2.057512428593875882e+02 -8.526361640304000957e-06
-2.077405684499499046e+02 2.017712699871999961e-07
-2.097298676215160640e+02 4.408634447301700155e-06
-2.117228447685360493e+02 2.382565273338300285e-06
-2.137120910544937544e+02 -4.262336648376099357e-06
-2.157013109230350665e+02 -2.251492114873300225e-06
-2.176682788954715591e+02 -2.968951751061100158e-06
-2.196574462259107747e+02 -1.983506670178100107e-06
-2.216465871405485473e+02 -4.854552000581599522e-06
-2.236357016398268058e+02 4.713308160582800384e-06
-2.256247897243137857e+02 1.073418845675289976e-05
-2.276138513945357715e+02 -2.575598300852599789e-06
-2.296028866510609419e+02 -3.683268728300000003e-08
-2.315955993967655218e+02 1.405779037600000121e-09
-2.335845817781640505e+02 1.018654603890799998e-05
-2.355513149215969122e+02 8.044527473701000063e-06
-2.375402447743015557e+02 -5.776607106862500655e-06
-2.395291482159350380e+02 -7.693123628962000764e-07
-2.415180252469392030e+02 -1.103827543623449947e-05
-2.435068758678822860e+02 -4.778873786212000156e-06
-2.454957000793323516e+02 9.587613106722001368e-07
-2.474844978817312438e+02 3.358657395320399801e-06
-2.494732692756471124e+02 7.522490690255600111e-06
-2.514620142616059297e+02 -1.465209301366300174e-06
-2.534322160291705757e+02 3.170757350975999716e-07
-2.554209084467072728e+02 4.506326284219800397e-06
-2.574095744578177687e+02 -5.712162973880600402e-06
-2.593982140630702133e+02 1.092109877701100004e-06
-2.613868272629904936e+02 -1.118459656991590030e-05
-2.633754140581465890e+02 1.482090556361109934e-05
-2.653639744489802865e+02 -3.683731512135000056e-07
-2.673525084360595088e+02 3.859014856404600028e-06
-2.693410160199101142e+02 -6.746312182291699973e-06
-2.713072796800946094e+02 1.038425709198720095e-05
-2.732957347541012041e+02 3.263059976173400155e-06
-2.752878662484610572e+02 -1.422351795041200186e-06
-2.772762684704738945e+02 -6.534732085535900498e-06
-2.792646442919244691e+02 -8.554237321501000662e-07
-2.812529937132544546e+02 -4.831280343574900076e-06
-2.832413167350316598e+02 -2.787120830581899702e-06
-2.852296133577818296e+02 1.484969738866449962e-05
-2.871956684181045034e+02 1.347395725474600037e-06
-2.891839125393665313e+02 -2.677408173222000435e-07
-2.911721302631308390e+02 9.565824670811001314e-07
-2.931603215899651786e+02 -7.450342504056000392e-07
-2.951521888513550493e+02 1.424759010033400188e-05
-2.971403273367527049e+02 -5.434454388377200233e-06
-2.991284394267983657e+02 6.120649035749300167e-06
-3.011165251220176629e+02 6.259039024892600589e-06
-3.031045844229784620e+02 -5.823210974764099735e-06
-3.050704048177574350e+02 -1.082027322073699895e-06
-3.070584116265453645e+02 4.228342092350100357e-06
-3.090463920426035997e+02 7.243810441211400018e-06
-3.110343460664576583e+02 2.743563224005100283e-06
-3.130222736986752352e+02 6.754807246113800070e-06
-3.150138767795786521e+02 -3.059034092758600018e-06
-3.170017515808295343e+02 -5.018000664406299617e-06
-3.189895999920216241e+02 1.141399054573570001e-05
-3.209774220135961400e+02 3.809786552856500085e-06
-3.229430077848429050e+02 -4.645358786879900179e-06
-3.249307773236839125e+02 -1.473402896384680172e-05
-3.269185204745199940e+02 1.151883786653060057e-05
-3.289062372379187877e+02 1.749786312195790040e-05
-3.308939276143213988e+02 1.835149004592699981e-06
-3.328815916042955223e+02 1.173640833587199950e-06
-3.348729305573502870e+02 8.799264688284499301e-06
-3.368605417269091618e+02 -1.048984217813599986e-05
-3.388481265116167265e+02 3.075895910188199969e-06
-3.408134777013328289e+02 -6.507472146740600213e-06
-3.428010100127018518e+02 -3.173658098040699973e-06
-3.447885159407896936e+02 1.035170283054210005e-05
-3.467759954861636515e+02 -4.941744443384300557e-06
-3.487634486492651149e+02 2.847063295853399849e-06
-3.507508754306612673e+02 -1.012806730677929938e-05
-3.527382758308775124e+02 -6.790139330792300806e-06
-3.547293507085813076e+02 8.933045820215001149e-07
-3.566944934436202175e+02 -5.746701394296599753e-06
-3.586818149490658811e+02 8.681304062740799682e-06
-3.606691100754276817e+02 2.772547551114400209e-06
-3.626563788232729735e+02 -6.836867506454300405e-06
-3.646436211930427476e+02 -4.865849896171100455e-06
-3.666308371853043582e+02 1.414956245562599915e-06
-3.686180268005829248e+02 2.327140523108899912e-06
-3.706051900394455743e+02 7.918818580349199870e-06
-3.725923269023335251e+02 -3.489726689489800145e-06
-3.745572351837126348e+02 -7.319279836240200411e-06
-3.765480199097894456e+02 -5.336636029855200895e-06
-3.785350778936408460e+02 4.791282308471999754e-06
-3.805221095036130237e+02 8.011324501069999758e-08
-3.825091147402731053e+02 3.674278213534200148e-06
-3.844960936041461537e+02 8.172035735824998649e-06
-3.864830460957992955e+02 -1.248965419073999920e-07
-3.884699722156734083e+02 -1.099757998452719985e-05
-3.904568719643356758e+02 4.394543634876699974e-06
-3.924215457854519400e+02 -8.515550415526200226e-06
-3.944083930879011177e+02 -2.917208924185600134e-06
-3.963989138489033621e+02 6.487508814563000071e-06
-3.983857083634879359e+02 -3.824064724273300146e-06
-4.003724765094806344e+02 -1.852704239557100013e-06
-4.023592182874483569e+02 4.037392418760599912e-06
-4.043459336978320380e+02 -1.191041762379959953e-05
-4.063326227411985769e+02 -3.789383844135900014e-06
-4.083192854180729228e+02 3.521854198889000236e-07
-4.102837248208888354e+02 -3.440887402656800142e-06
-4.122703350609784252e+02 4.130878251869300283e-06
-4.142569189361025792e+02 -1.240877662278399951e-06
-4.162471757844428453e+02 -2.885601152751399858e-06
-4.182337068822423021e+02 -7.100634388778000667e-07
-4.202202116166516817e+02 7.977453489936098897e-06
-4.222066899882378834e+02 -2.809411373690800062e-06
-4.241931419975256290e+02 1.046569064723780034e-05
-4.261573730907064146e+02 9.983625594184999932e-07
-4.281437726715078611e+02 4.074250697494299931e-06
-4.301301458916212255e+02 -3.768201057796800190e-06
-4.321164927514873284e+02 3.057311610853999703e-06
-4.341028132516728988e+02 1.002356907857700044e-06
-4.360928062399179339e+02 -5.817017568439699618e-06
-4.380790739732319707e+02 -1.471541571899210027e-05
-4.400653153484404356e+02 2.802387628397300024e-06
-4.420515303661101143e+02 1.004851826410809981e-05
-4.440155271201789446e+02 -1.277554883379000002e-06
-4.460016897187442737e+02 4.922234095396500122e-06
-4.479878259612547708e+02 4.588637569973000202e-07
-4.499739358482770513e+02 -7.679195651887200621e-06
-4.519600193803356660e+02 -2.087520131678200004e-06
-4.539460765579973440e+02 -1.222541778861499931e-06
-4.559358057385318830e+02 9.385961782691000444e-07
-4.579218101597722921e+02 -1.659885094455880070e-05
-4.599077882281904408e+02 -1.908558453575000149e-07
-4.618715506851648911e+02 6.336101126578000725e-07
-4.638574763438164723e+02 1.388352224011590072e-05
-4.658433756511712431e+02 -5.107947251576600132e-06
-4.678292486077537546e+02 -4.160203841185900286e-06
-4.698150952141305083e+02 7.433932169864700575e-06
-4.718009154707418702e+02 -2.165362634512699972e-06
-4.737867093781542849e+02 2.439040377378800015e-06
-4.757761748035172218e+02 4.965956490410100219e-06
-4.777619159650401457e+02 5.382561919758200755e-06
-4.797254441668018785e+02 -1.036634502848820060e-05
-4.817111329279778715e+02 5.328082805987699768e-06
-4.836967953425719884e+02 -7.717606807686400180e-06
-4.856824314111507306e+02 8.923414930910300095e-06
-4.876680411341543504e+02 -7.830365549934600793e-06
-4.896536245121490651e+02 -2.859286558137600116e-06
-4.916391815456594259e+02 3.757850803227799768e-06
-4.936247122352515930e+02 -9.533632460256101352e-06
-4.955880323208016307e+02 1.237600101031499951e-06
-4.975772079462623765e+02 6.449868632983300641e-06
-4.995626598523488724e+02 5.592218446121799743e-06
-5.015480854166094105e+02 7.960953309872000539e-07
-5.035334846394841293e+02 3.702819615224299876e-06
-5.055188575215392461e+02 -4.122849319616299916e-06
-5.075042040632990279e+02 5.441741178491899992e-06
-5.094895242653297487e+02 -2.432893662564000295e-07
-5.114748181280713766e+02 -3.960639050656999964e-07
-5.134379040375569048e+02 8.637699968651998738e-06
-5.154231455176557120e+02 1.130955333843100089e-06
-5.174083606600740950e+02 6.321671541708800524e-06
-5.193972462542187714e+02 1.293863930399049920e-05
-5.213824086738052301e+02 2.942213767252000282e-07
-5.233675447572845769e+02 -4.776626155016900259e-06
-5.253526545052228585e+02 2.255838847058200119e-06
-5.273377379180601565e+02 1.615379871119000200e-07
-5.293227949963626315e+02 -4.448159626917899861e-06
-5.312856467716783300e+02 -1.320025408392900164e-06
-5.332706514767089629e+02 2.615742587618500291e-06
-5.352556298487709228e+02 -1.910212238114599821e-06
-5.372405818884302562e+02 3.119038285078800304e-06
-5.392292038950324695e+02 3.856172740129400621e-06
-5.412141032222984904e+02 -1.188857404447870009e-05
-5.431989762187346287e+02 -2.623229519723000080e-07
-5.451838228847809660e+02 -5.309000507329499786e-06
-5.471686432210032081e+02 -7.681851128009500160e-06
-5.491312609040338657e+02 5.235504957182500215e-06
-5.511160288763531980e+02 6.083439251185599570e-06
-5.531007705204565355e+02 5.163623899520899401e-06
-5.550854858367835050e+02 -4.533016897443300029e-06
-5.570701748259001533e+02 7.857400790173301296e-06
-5.590585332974405901e+02 -9.206567113180999614e-07
-5.610431695846838238e+02 1.264685486474149915e-05
-5.630277795462891390e+02 -1.850345326174300092e-06
-5.650123631827802910e+02 -8.447080477121198764e-06
-5.669747468154006356e+02 -2.008501546001499899e-06
-5.689592780973976005e+02 2.689696354292200069e-06
-5.709437830558038058e+02 -7.332912704517300012e-06
-5.729282616911850710e+02 -4.368237099535600065e-06
-5.749127140040651511e+02 4.458712202915000228e-07
-5.768971399950097521e+02 -1.693010502531600113e-06
-5.788852349837870861e+02 2.949620116335499813e-06
-5.808696082832914271e+02 3.246541143891099859e-06
-5.828317839331739378e+02 3.228623643096600079e-06
-5.848161048865069915e+02 7.051672587052300420e-06
-5.868003995204342118e+02 1.547711482262600075e-06
-5.887846678355209633e+02 -1.870343088182000099e-07
-5.907689098322910013e+02 1.068956321312660048e-05
-5.927531255113098041e+02 1.093686239028899875e-06
-5.947373148730171124e+02 -7.950416009099200355e-06
-5.967214779179785182e+02 -7.751688413419901381e-06
-5.987093094764452417e+02 1.443507424109179987e-05
-6.006712511549820874e+02 -1.761081314654599919e-06
-6.026553354978647121e+02 3.505531262755299964e-06
-6.046393935260905437e+02 -3.902221075557700039e-06
-6.066234252401833373e+02 -1.755641269436000112e-06
-6.086074306407083441e+02 1.649294192365099927e-06
-6.105914097281053046e+02 -9.576019138303700333e-06
-6.125753625029394698e+02 -4.695795584361999829e-07
-6.145592889657342539e+02 -4.248541056324799784e-06
-6.165431891170553627e+02 3.963443450001999733e-06
-6.185048969144986586e+02 -1.291081003074950079e-05
-6.204924390300203640e+02 -4.828886589852500543e-06
-6.224762604948615490e+02 5.991025984600100109e-06
-6.244600556502755353e+02 -2.532643060012899923e-06
-6.264438244968279150e+02 1.089198812436400074e-06
-6.284275670349579741e+02 -1.013579337107650084e-05
-6.304112832652308498e+02 -4.059957709132700305e-06
-6.323949731882121341e+02 1.106375180323650053e-05
-6.343786368043411130e+02 2.168371174287999994e-07
-6.363401107141538660e+02 -7.538312331160399499e-06
-6.383237220121482096e+02 5.271110906388499907e-06
-6.403110008071508901e+02 7.726111712506199329e-06
-6.422945594462335066e+02 2.202318750292800346e-06
-6.442780917810753181e+02 -1.427568070117259963e-05
-6.462615978122414617e+02 -3.887748560043500256e-06
-6.482450775402551244e+02 -1.640770776371899793e-05
-6.502285309656815571e+02 8.486680127230000369e-08
-6.521897970373611315e+02 1.031184645024920031e-05
-6.541731981529263749e+02 -2.037548929720899905e-06
-6.561565729674257454e+02 -3.022353509641800125e-06
-6.581399214813829985e+02 -7.420572548937000227e-07
-6.601269370082763999e+02 -3.089727490038100198e-06
-6.621102328737437119e+02 -2.647373026114599786e-06
-6.640935024402390354e+02 -7.536878609160100673e-06
-6.660767457083272802e+02 1.682128290798610065e-05
-6.680599626784476186e+02 5.123811708862000108e-07
-6.700209949414460198e+02 1.871889733131500117e-06
-6.720041596111008175e+02 3.700527789177999828e-07
-6.739872979843928533e+02 -3.470640281376100173e-06
-6.759704100618873781e+02 1.974546433140799839e-06
-6.779534958440234504e+02 3.525698259019899884e-06
-6.799402481550355333e+02 8.491377784921500286e-06
-6.819232812991847368e+02 -2.827386884820400207e-06
-6.839062881495453894e+02 1.197869371754669894e-05
-6.858892687066821736e+02 1.386526855390399909e-06
-6.878500672028065992e+02 -1.224681475165169872e-05
-6.898329954688293810e+02 9.750029818543399791e-06
-6.918158974432333252e+02 -1.133380118915650013e-05
-6.937987731264574904e+02 -4.547427184583000078e-07
-6.957816225190666728e+02 8.078081103126901160e-06
-6.977644456215837181e+02 1.689732762913400034e-06
-6.997509347690966024e+02 -3.948098835626700678e-06
-7.017337052440432217e+02 7.539442152799000876e-06
-7.037164494304670370e+02 -5.621755914423999776e-07
-7.056770142015144529e+02 2.386625267212700151e-06
-7.076597061062154808e+02 4.527285683938300423e-06
-7.096423717239147209e+02 7.120391174826799877e-06
-7.116250110551764010e+02 2.869979878809899984e-06
-7.136076241005238217e+02 2.909601605572500099e-06
-7.155902108605213243e+02 9.238177395351699272e-06
-7.175727713356078539e+02 5.520593012141099368e-06
-7.195589973718216470e+02 5.691779332838700117e-06
-7.215193544492140063e+02 -8.423966240693000090e-07
-7.235018363175506693e+02 -1.375264647586999831e-07
-7.254842919031462998e+02 1.006678515396149986e-05
-7.274667212064396153e+02 6.985558353483799484e-06
-7.294491242279950711e+02 -4.529843295103999821e-06
-7.314315009683353992e+02 -1.669664459443100099e-06
-7.334138514280251684e+02 -9.834796021062000396e-07
-7.353961756075029825e+02 -8.241792341910701529e-06
-7.373784735073336378e+02 -6.460782892003199484e-06
-7.393385969869568726e+02 -5.375241392198399703e-06
-7.413245339308475650e+02 3.142062479483000109e-06
-7.433067532395440367e+02 1.436307021304599899e-06
-7.452889462706784798e+02 2.500161140783000084e-06
-7.472711130247735127e+02 1.288481325247199987e-05
-7.492532535023935907e+02 2.191124032737999912e-06
-7.512353677039773174e+02 -4.233062192186799814e-06
-7.532174556300890345e+02 -5.038746214858499936e-06
-7.551995172812512465e+02 9.843876861784900243e-06
-7.571594071564755950e+02 -1.155053868875199875e-06
-7.591414165529084812e+02 -1.219047982931299900e-06
-7.611233996759114007e+02 7.958980160230000177e-08
-7.631090472964108358e+02 -7.577988104598000769e-07
-7.650909778253234208e+02 1.014787029253999842e-06
-7.670728820823740080e+02 -4.832408280811699880e-06
-7.690547600681272797e+02 -2.448412072189099990e-06
-7.710366117831053998e+02 1.108256505127729990e-05
-7.730184372278727096e+02 -2.443728019516600411e-06
-7.749780935404562570e+02 -4.050831703505099882e-06
-7.769598667397510781e+02 -8.225358059596398925e-06
-7.789416136703541724e+02 -1.997155511935500238e-06
-7.809233343327878174e+02 -3.250712966355299705e-06
-7.829087190092399169e+02 5.626421497791600130e-06
-7.848903870879877331e+02 -9.279982462151899474e-06
-7.868720289001339552e+02 7.324609071827699962e-06
-7.888536444462429245e+02 -1.871881714239999984e-06
-7.908130932095081107e+02 -1.686233706729299949e-06
-7.927946565184440715e+02 -3.260919779577100328e-06
-7.947761935628617493e+02 1.814711976506499865e-06
-7.967577043432828532e+02 2.216867910749000067e-06
-7.987391888602717245e+02 -2.540671457631600060e-06
-8.007206471142667397e+02 -1.761913379847000185e-07
-8.027057688988132895e+02 -7.035311071552900159e-06
-8.046871745796079267e+02 4.162342326614000162e-06
-8.066685539989762219e+02 4.556825786105600744e-06
-8.086277692784457258e+02 -1.922961807284500260e-06
-8.106090964700193808e+02 7.635030215402800353e-06
-8.125903974017686551e+02 -1.208164114172799997e-06
-8.145716720742159396e+02 2.062507722228449874e-05
-8.165529204879247800e+02 -1.652115983768899968e-06
-8.185341426433335528e+02 6.286150329170200021e-06
-8.205153385410061446e+02 9.034934965664400981e-06
-8.225001974859434313e+02 2.197665225545499913e-06
-8.244813408208149212e+02 7.436961073472400272e-06
-8.264403226582185198e+02 -6.674200729311999483e-06
-8.284214137746300821e+02 4.136167402193500029e-06
-8.304024786359101427e+02 -1.477488567236500036e-06
-8.323835172426231566e+02 6.562486521021499366e-06
-8.343645295952068182e+02 4.606808699684300119e-06
-8.363455156942249005e+02 -2.298750010284900005e-06
-8.383264755401996808e+02 -4.914145243453699642e-06
-8.403074091336947049e+02 5.095339502490000577e-08
-8.422920052911370021e+02 5.267046602087900837e-06
-8.442507537281944678e+02 3.095850441545100413e-06
-8.462316088116336914e+02 4.424586143925699631e-06
-8.482124376446754468e+02 3.970465622903700674e-06
-8.501932402277579968e+02 -4.495942415456400658e-06
-8.521740165614451143e+02 -5.022617126800699890e-06
-8.541547666462582811e+02 -5.033513199808000276e-06
-8.561354904827613836e+02 4.562911708609800706e-06
-8.581161880713924575e+02 -2.153003493206800382e-06
-8.600747291516731821e+02 4.723373298565000491e-06
-8.620553745394660154e+02 4.940801451697000179e-06
-8.640396819603392942e+02 2.274237606683600070e-06
-8.660202748072377972e+02 -1.932785648183900144e-06
-8.680008414089096505e+02 -4.747252446706999800e-07
-8.699813817658767903e+02 -4.043177632620499767e-06
-8.719618958787024212e+02 5.470376128951400088e-06
-8.739423837478244650e+02 8.390948894830000290e-07
-8.759228453738066946e+02 -1.651019741826899911e-06
-8.778811531325045507e+02 -3.197990042849600097e-06
-8.798615625669764313e+02 4.116635371217199774e-06
-8.818419457599092084e+02 9.588110149683199852e-06
-8.838259905028060075e+02 -6.764385907913400308e-06
-8.858063211652348627e+02 5.778946979963500092e-06
-8.877866255876903097e+02 -2.025954346859700267e-06
-8.897669037706100426e+02 -3.452530803335099800e-06
-8.917471557145573797e+02 2.687007600270699766e-06
-8.937273814200540301e+02 1.030260306639040018e-05
-8.956854558988601411e+02 1.070455147404899907e-05
-8.976656294222138968e+02 -8.987304063115999610e-07
-8.996457767086334343e+02 -1.026562132273419934e-05
-9.016258977586822994e+02 -1.947465318526399813e-06
-9.036096798758417208e+02 4.288324495910499969e-06
-9.055897484058583586e+02 -7.331121820792200218e-06
-9.075697907010694507e+02 4.420452602958599974e-06
-9.095498067619963649e+02 8.094481596111899733e-06
-9.115297965892023058e+02 1.902480496852399932e-06
-9.134876378297559540e+02 -2.575733220921199977e-06
-9.154675754841006210e+02 6.441153367348400090e-06
-9.174474869061987192e+02 1.601809301629460237e-05
-9.194273720966136807e+02 -5.338555115038000157e-07
-9.214072310558666459e+02 -4.566074902735499895e-06
-9.233907505993887526e+02 4.086929390410000250e-06
-9.253705570490366199e+02 -7.019575754848000072e-07
-9.273503372690872766e+02 5.493406795246200266e-06
-9.293079712486442077e+02 4.535332537059899826e-06
-9.312876993041599007e+02 -6.136077258741899943e-06
-9.332674011315945108e+02 -7.779583939808999996e-07
-9.352470767315110152e+02 4.619656826775899845e-06
-9.372267261044307816e+02 2.059657321544300438e-06
-9.392063492509167872e+02 1.509935861511400060e-06
-9.411859461714062718e+02 2.528358088991500150e-06
-9.431692031933772569e+02 -2.485268976205700109e-06
-9.451487476147278812e+02 -4.127149244610000265e-07
-9.471061484347731039e+02 1.835926146670000095e-07
-9.490856407008240012e+02 -8.171405764426000152e-07
-9.510651067435212553e+02 2.205880143414999815e-07
-9.530445465633858930e+02 -5.921682390993000710e-06
-9.550239601609808915e+02 3.234192358570499886e-06
-9.570033475367437177e+02 -7.452813927979299943e-06
-9.589827086912370078e+02 5.339158688101900305e-06
-9.609620436249817885e+02 -2.928704959103199850e-06
-9.629450381775994856e+02 -2.554318541378599660e-06
-9.649022058797855834e+02 -1.349121293251300043e-06
-9.668814623985355183e+02 -1.790221789214900071e-06
-9.688606926986163899e+02 -1.328861755305930052e-05
-9.708398967805907205e+02 1.279225601799240023e-05
-9.728190746448958635e+02 1.524837742561899955e-06
-9.747982262920947960e+02 -4.999942868128100443e-06
-9.767773517227080902e+02 -1.354205207571389908e-05
-9.787564509372988368e+02 -1.872531903538600161e-06
-9.807355239363040482e+02 3.147845454367300261e-06
-9.826924586105450317e+02 -6.301057900078400386e-06
-9.846751647759498383e+02 -9.998637447369001718e-06
-9.866541593755667918e+02 8.352372572873300173e-06
-9.886331277616768602e+02 8.275233101040900354e-06
-9.906120699348426797e+02 6.618883741610300425e-06
-9.925909858955849359e+02 6.594145563726000093e-07
-9.945698756444667197e+02 -4.745411884848899634e-06
-9.965487391819245886e+02 1.420009099278100095e-05
-9.985054667390629675e+02 -5.451921944125699937e-06
-1.000484278148169778e+03 -6.022565108786399581e-06
-1.002463063347450998e+03 6.627801761165500311e-06
-1.004445507152843902e+03 -8.153202783809998934e-08
-1.006424239885231259e+03 -6.225521922374000252e-07
-1.008402946409356218e+03 6.014889129604200096e-06
-1.010381626725739466e+03 1.636521529776700182e-06
-1.012360280834943978e+03 1.229168580566450037e-05
-1.014338908737406200e+03 -2.087983748825700082e-06
-1.016295403296945437e+03 -1.998973948361000082e-07
-1.018273979080366871e+03 -1.090001231293000026e-05
-1.020252528658644223e+03 7.559779386496600591e-06
-1.022231052032339790e+03 8.026832012087900458e-06
-1.024209549201890468e+03 1.274763707941500006e-06
-1.026191704446881431e+03 -8.501375064710599448e-06
-1.028170149161034942e+03 -5.789667281527000208e-06
-1.030148567672606305e+03 8.732292458266500897e-06
-1.032126959982158269e+03 -8.410076663307000213e-07
-1.034083221585712181e+03 -1.792857239537900033e-06
-1.036061561785531467e+03 -6.516609006227700514e-06
-1.038039875784928654e+03 -6.758706465656899703e-06
-1.040018163584340073e+03 8.788130381649700282e-06
-1.041996425184328473e+03 -2.658162540923899787e-06
-1.043974660585414540e+03 6.118708767606600636e-06
-1.045956553579732372e+03 -5.021566660400400197e-06
-1.047934736535788943e+03 -1.275551929481000066e-07
-1.049912893294505466e+03 5.317484041198300089e-06
-1.051868921983678092e+03 -2.260238997456000011e-07
-1.053847026642009951e+03 -2.633254531641999699e-07
-1.055825105104514705e+03 -6.625741676401700215e-06
-1.057803157371754878e+03 1.136488644117900143e-05
-1.059781183444250701e+03 1.820221656872500212e-06
-1.061759183322564468e+03 -6.544405713129299840e-06
-1.063737157007132510e+03 -1.078637880569469900e-05
-1.065718787802736188e+03 3.963382156369299692e-06
-1.067674609518616535e+03 -5.337155873045800586e-06
-1.069652504869109407e+03 7.682833515270899851e-06
-1.071630374027933158e+03 -1.017132118694829903e-05
-1.073608216995649400e+03 2.242353613912199945e-06
-1.075586033772779047e+03 -2.304501232192400084e-06
-1.077563824359883483e+03 6.381540583917600272e-06
-1.079541588757399722e+03 -1.609917618440200052e-06
-1.081519326965889604e+03 -1.758404020473800102e-06
-1.083497038985873360e+03 1.244410370016700131e-06
-1.085452627914147570e+03 4.839135405446700156e-06
-1.087433970620057380e+03 -7.336581882825999755e-06
-1.089411604321467621e+03 5.634622630276899674e-06
-1.091389211836447203e+03 2.917081560119700168e-06
-1.093366793165558420e+03 -7.356624272899700568e-06
-1.095344348309237830e+03 -4.784680835304200182e-06
-1.097321877268046819e+03 -4.713237851900100637e-06
-1.099299380042505845e+03 8.778271243317501259e-06
-1.101276856633176749e+03 -2.751524096470500114e-06
-1.103232212767147985e+03 -3.853849674159099725e-06
-1.105209637284261134e+03 6.757340413915600727e-06
-1.107190717900647996e+03 -1.084637529281930001e-05
-1.109168090004932765e+03 5.021939365758200057e-06
-1.111145435928024654e+03 1.074049909308500135e-05
-1.113122755670359766e+03 3.696395461930200397e-06
-1.115100049232500169e+03 5.254619755516900410e-06
-1.117077316614965639e+03 3.936906645473300642e-06
-1.119054557818318017e+03 -7.528113031277100390e-06
-1.121009681199635452e+03 8.607659853347600015e-06
-1.122986870338685549e+03 -6.112534326384300256e-06
-1.124964033300134815e+03 3.023546461261400104e-06
-1.126944851879082307e+03 -4.511933647339000086e-06
-1.128921962438143510e+03 -3.749525470387600282e-06
-1.130899046821164347e+03 -3.061046562425200084e-06
-1.132876105028664369e+03 6.808825575975499952e-06
-1.134853137061205416e+03 -6.900598061166899483e-06
-1.136808053612900267e+03 -6.269143867838000008e-07
-1.138785033589400882e+03 4.529058937858500066e-06
-1.140761987392453875e+03 -7.401679677921199656e-06
-1.142738915022579704e+03 -4.163581927548100216e-06
-1.144715816480339527e+03 -1.060056279312270100e-05
-1.146696373073749783e+03 -1.233961006993800003e-06
-1.148673222139475911e+03 -4.040933214653199754e-06
-1.150650045034395816e+03 -1.387915664223519911e-05
-1.152626841758946057e+03 -4.118041285014699354e-06
-1.154581525636425795e+03 -2.406471069315599965e-06
-1.156558270314270885e+03 -2.068932714061499763e-06
-1.158534988823340882e+03 8.138972192062799286e-06
-1.160511681164197853e+03 5.641950979176899963e-06
-1.162488347337277446e+03 7.109515351271300168e-06
-1.164464987343141274e+03 1.443715013272099992e-06
-1.166445282003070588e+03 1.443414020631600126e-06
-1.168421869627335582e+03 3.405614899408800120e-06
-1.170398431085944139e+03 -1.104146330739899875e-06
-1.172352882330745842e+03 2.931047074245199791e-06
-1.174329391751940193e+03 -1.334668331964919972e-05
-1.176305875009073134e+03 -4.857947600951000084e-07
-1.178282332102580312e+03 4.510032824470800896e-06
-1.180258763033023570e+03 2.999230478790400149e-06
-1.182235167800921772e+03 -7.161394464718699818e-06
-1.184211546406836533e+03 9.496166438743399566e-06
-1.186191579185159981e+03 -2.526761288977000163e-07
-1.188167905419824365e+03 -6.091654957393000026e-07
-1.190122124073474652e+03 -7.157048900542999339e-07
-1.192098398280013498e+03 -5.015676329888200550e-06
-1.194074646327161418e+03 -4.453596265605600096e-06
-1.196050868215353830e+03 2.003129152102100305e-06
-1.198027063945152122e+03 8.831787517204800933e-06
-1.200003233517117451e+03 -3.567240145639999946e-07
-1.201979376931685465e+03 -7.081383202743500455e-06
-1.203955494189417550e+03 -9.343392427819300174e-06
-1.205935265138163459e+03 -1.227622138869199962e-06
-1.207889251242137789e+03 -7.462629462246799846e-06
-1.209865290276048199e+03 8.638240478113899063e-06
-1.211841303155153128e+03 1.748070906267700064e-06
-1.213817289880013504e+03 1.333535203433200103e-06
-1.215793250451148651e+03 1.124492799782299958e-06
-1.217769184869119954e+03 3.798980094185199908e-06
-1.219745093134362605e+03 7.600571443677300652e-06
-1.221720975247437536e+03 8.807608527697301533e-06
-1.223674754750421698e+03 -7.583250616379999624e-06
-1.225650584852907969e+03 -1.052559176675509986e-05
-1.227630068117385235e+03 5.644619564478600247e-06
-1.229605845870463099e+03 -1.372998250529300119e-06
-1.231581597473964393e+03 6.698071332780900067e-06
-1.233557322928450276e+03 -3.264516349352999872e-06
-1.235533022234355940e+03 4.352830936060900453e-06
-1.237508695392242771e+03 8.526941834822299979e-06
-1.239484342402629636e+03 4.276815658763100575e-06
-1.241437889434360159e+03 8.104428158321699447e-06
-1.243413484443482503e+03 -2.212899475062399988e-06
-1.245389053306614187e+03 5.848261409503000842e-07
-1.247368274850416583e+03 7.957125104969000421e-07
-1.249343791374563807e+03 -5.242279551277100708e-06
-1.251319281754278336e+03 -7.564038043329300108e-06
-1.253294745990121328e+03 -7.529812848776200148e-06
-1.255270184082611877e+03 -5.232251015714100172e-06
-1.257245596032310459e+03 -4.922025897356899743e-06
-1.259198910634276444e+03 3.801845010974000298e-07
-1.261174270591907089e+03 8.112897594051698895e-06
-1.263149604408255300e+03 -3.265287043616300331e-06
-1.265124912083839718e+03 -9.985492134471300984e-06
-1.267100193619221272e+03 -8.350733755263999936e-07
-1.269079127305890324e+03 1.226304291997899908e-06
-1.271054356513621087e+03 -1.717325455675199995e-06
-1.273029559582706725e+03 3.985772658254699997e-06
-1.275004736513582202e+03 8.187050125237001046e-07
-1.276957818727262293e+03 3.233586258370600384e-06
-1.278932943675389424e+03 5.503844600882700380e-06
-1.280908042486899149e+03 -8.561743978593500514e-06
-1.282883115162351714e+03 -5.788015948203999351e-07
-1.284858161702182315e+03 8.722089831079999728e-08
-1.286833182106951881e+03 3.049798521065100452e-06
-1.288811854182013349e+03 -3.443869342038499906e-06
-1.290786822269549930e+03 -2.442684211877500228e-06
-1.292739697977412561e+03 -2.675992402922100025e-06
-1.294714614090445139e+03 8.576787693650899844e-06
-1.296689504071005558e+03 -4.463293525946000086e-07
-1.298664367919612005e+03 -1.421841442467999966e-06
-1.300639205636824954e+03 3.397295666856600412e-06
-1.302614017223079827e+03 -8.846788000367100937e-06
-1.304588802678936190e+03 -5.354838084959800604e-06
-1.306563562004913820e+03 7.254607580538000532e-06
-1.308541972520199579e+03 4.270773403386000136e-07
-1.310494615918092904e+03 -2.125997066938500015e-06
-1.312469297100822359e+03 -4.025136466546600255e-06
-1.314443952155741954e+03 8.005220453805000420e-07
-1.316418581083411937e+03 -9.596730764467999844e-07
-1.318393183884267501e+03 9.661888984777999381e-06
-1.320367760558869122e+03 -2.493767117453000202e-06
-1.322342311107735213e+03 -1.080546762982000002e-07
-1.324316835531425795e+03 -1.654672749497000075e-07
-1.326291333830376061e+03 -1.253290746959600053e-06
-1.328243745007854841e+03 -3.318496491940000054e-06
-1.330221868135299474e+03 -4.791070637291600265e-06
-1.332196288306536189e+03 -9.268682748933899961e-06
-1.334170682355101690e+03 -2.702305130591500179e-06
-1.336145050281556223e+03 5.175216232410699626e-06
-1.338119392086417747e+03 -6.276966356472899905e-06
-1.340093707770246738e+03 4.724228779356200134e-06
-1.342067997333477479e+03 2.726514358729899997e-06
-1.344042260776671128e+03 5.321066331401600045e-06
-1.345994439727063082e+03 -1.706666090414640124e-05
-1.347968651223565530e+03 6.604647389407000287e-07
-1.349946512900112793e+03 1.727872359306000030e-07
-1.351920672111520844e+03 9.038721219860599407e-06
-1.353894805205477724e+03 -9.049560292375999717e-06
-1.355868912182543909e+03 -2.164045382624699963e-06
-1.357842993043154138e+03 -3.075816219520900188e-06
-1.359817047787868432e+03 -5.563184163700300361e-06
-1.361769020375679702e+03 1.166803609963300139e-06
-1.363743023181939861e+03 2.690681991402499812e-06
-1.365716999873894792e+03 -3.412249729771099827e-06
-1.367690950451978779e+03 -6.863156343305299814e-06
-1.369668550729375966e+03 1.467289736967900049e-06
-1.371642449032771538e+03 -7.298053889234700520e-06
-1.373616321223852310e+03 -3.460072429005800015e-06
-1.375590167303177623e+03 5.270278038971200696e-06
-1.377563987271265432e+03 7.969327483637600598e-06
-1.379515727710234387e+03 2.645619163321399747e-06
-1.381489495749133994e+03 -9.644200756988999180e-07
-1.383463237678386349e+03 -1.787538094944799977e-06
-1.385436953498426192e+03 1.780499288500799866e-06
-1.387410643209813998e+03 -2.125528374058500363e-06
-1.389387982139962105e+03 -3.199838116770800021e-06
-1.391361619586981760e+03 -2.977538394255700205e-06
-1.393335230926904160e+03 -3.048582814445899785e-06
-1.395308816160288643e+03 4.342381222085399545e-06
-1.397260324491785013e+03 3.063611243932800120e-06
-1.399233857805244043e+03 -9.966276790418101034e-06
-1.401207365013630124e+03 8.119654381307099374e-06
-1.403180846117503052e+03 3.618434613548699937e-06
-1.405154301117380101e+03 -5.161839060509199880e-06
-1.407127730013822202e+03 1.064629528509970063e-05
-1.409104807648441010e+03 1.193279245298329986e-05
-1.411078184290832269e+03 8.107897671470600955e-06
-1.413051534831342906e+03 -1.198639207125570046e-05
-1.415002811096852156e+03 -2.370212037131399927e-06
-1.416976109726656205e+03 -6.898846943729400876e-06
-1.418949382256084846e+03 -8.241641331368301047e-06
-1.420922628685656946e+03 2.961785208787699859e-06
-1.422895849015931162e+03 1.239381973609300109e-06
-1.424869043247342233e+03 -5.477383498068699798e-06
-1.426842211380449498e+03 -9.356434187119999773e-08
-1.428819027771412721e+03 -6.661778025288200118e-06
-1.430770097817454371e+03 1.195987799021300087e-06
-1.432743187901741294e+03 1.003705539063800106e-06
-1.434716251889790328e+03 -8.107316821514000135e-07
-1.436689289782120113e+03 -3.475620869688800435e-06
-1.438662301579289306e+03 1.570820661299999949e-09
-1.440635287281732417e+03 -1.141215328672099988e-06
-1.442608246890008786e+03 -4.331248188994899516e-06
-1.444581180404636143e+03 9.147751490350000053e-07
-1.446554087826173827e+03 -2.165228883900899893e-06
-1.448504925932405058e+03 2.492705126075900121e-06
-1.450481455282793149e+03 -1.166604594282329971e-05
-1.452454284670936886e+03 4.399202505911000280e-07
-1.454427087968056412e+03 -1.216677544868200087e-06
-1.456399865174586012e+03 7.938311733350500516e-06
-1.458372616291085251e+03 1.867328175695250200e-05
-1.460345341318071632e+03 -6.822927908926700154e-06
-1.462318040256104041e+03 1.128613609571950070e-05
-1.464290713105616987e+03 -5.428904378069800829e-06
-1.466241319265356424e+03 7.268494160506400283e-06
-1.468213940230942853e+03 6.171809911353000123e-06
-1.470190208446336783e+03 6.221605450954700088e-06
-1.472162777190000497e+03 2.575385667010099743e-06
-1.474135319847769324e+03 -8.696620178344899977e-06
-1.476107836420160083e+03 -6.070285307591999895e-07
-1.478080326907732342e+03 -8.624108072820199576e-06
-1.480052791310919702e+03 1.252219602647029887e-05
-1.482025229630281501e+03 2.588170952995399801e-06
-1.483975603884893417e+03 4.046966881847500505e-06
-1.485947990329581216e+03 5.979168574732099894e-06
-1.487920350691989825e+03 -5.308189034522300934e-06
-1.489896357824095048e+03 3.851452739885000323e-07
-1.491868665974929172e+03 -6.006766739280400486e-06
-1.493840948045037294e+03 4.136192769871300250e-06
-1.495813204034978298e+03 -3.261718309388000032e-07
-1.497785433945186014e+03 -1.555778813191399913e-06
-1.499735602123301987e+03 -8.056821601696699417e-06
-1.501707780167056853e+03 2.068122016822299982e-06
-1.503679932132666409e+03 -3.028315107553000111e-07
-1.505652058020689083e+03 3.370148107519900195e-06
-1.507624157831559160e+03 5.597381374665100818e-06
-1.509599903932067718e+03 5.459575068067799883e-06
-1.511571951541750423e+03 2.779006100649200027e-06
-1.513543973075832810e+03 7.186539920737000512e-06
-1.515515968534873764e+03 6.757181238648300587e-06
-1.517465904885962118e+03 4.003210064689999959e-06
-1.519437848487798874e+03 -3.684871488035000234e-06
-1.521409766016181720e+03 -2.344348881414799991e-06
-1.523381657471543804e+03 -2.618356212817000307e-06
-1.525353522854444918e+03 5.018029069183000151e-06
-1.527325362165401657e+03 2.953131921304800367e-06
-1.529297175404972677e+03 2.971158637761199939e-06
-1.531272634406187535e+03 3.583694246255000302e-07
-1.533244395455865970e+03 -1.044279430178179931e-05
-1.535194100021261420e+03 -7.423891220018800001e-06
-1.537165809223022961e+03 -1.131525862432959973e-05
-1.539137492355895802e+03 -9.029829198076000629e-06
-1.541109149420438825e+03 2.624599604374000280e-07
-1.543080780417168853e+03 -3.335841646623500086e-06
-1.545052385346644542e+03 -1.691299603201700091e-06
-1.547023964209299493e+03 4.755818620163000428e-07
-1.548995517005692363e+03 -1.523538393704139908e-05
-1.550970715083996083e+03 -1.137042905598489990e-05
-1.552920187905024704e+03 -5.217438673727799729e-06
-1.554891662748419094e+03 -6.869908970690099978e-06
-1.556863111527613910e+03 1.013605273286780165e-05
-1.558834534243126427e+03 2.682668610006200295e-06
-1.560805930895515075e+03 -5.654130423512600338e-06
-1.562777301485213684e+03 -2.139487267330300168e-06
-1.564748646012780227e+03 1.787358020971999956e-06
-1.566719964478731981e+03 1.766379665403700106e-06
-1.568669231414101205e+03 -6.490976186784999637e-06
-1.570640498049550160e+03 2.015067728708999791e-07
-1.572615409439711812e+03 3.018287844294999895e-06
-1.574586623907009198e+03 1.474185760624500047e-06
-1.576557812315270667e+03 3.521319725041599843e-06
-1.578528974665054648e+03 5.034844275538800458e-06
-1.580500110956794515e+03 -1.165076972412170104e-05
-1.582471221191048471e+03 -7.776648349079000384e-06
-1.584442305368375401e+03 -8.317043843421299853e-06
-1.586391340637355370e+03 3.857347136381400508e-06
-1.588362372993419058e+03 1.111407849303820102e-05
-1.590333379294015913e+03 -5.126286653526599664e-06
-1.592308029869666143e+03 1.623426926366400028e-06
-1.594278984012487854e+03 5.277985188111700104e-06
-1.596249912101393193e+03 -4.310435909190000296e-08
-1.598220814136941726e+03 6.944269747932599580e-06
-1.600191690119649365e+03 5.017896255450100101e-06
-1.602162540050074540e+03 8.242705929907899562e-06
-1.604111343694044990e+03 5.588400062034999560e-06
-1.606082141812403052e+03 1.157695919723739917e-05
-1.608052913879980451e+03 7.468025808975999567e-06
-1.610023659897294010e+03 4.646820240195999896e-06
-1.611998049710179203e+03 1.140372363606910048e-05
-1.613968743580006503e+03 1.663154154109509951e-05
-1.615939411401120196e+03 -3.602204481683400216e-06
-1.617910053174079394e+03 -1.571936495216900015e-06
-1.619880668899315879e+03 9.064081944116300909e-06
-1.621829240959523531e+03 1.273247561848060049e-05
-1.623799804881969976e+03 1.301262363665310001e-05
-1.625770342758279185e+03 3.997521674941899693e-06
-1.627740854589009814e+03 -2.764732453906100220e-06
-1.629711340374594556e+03 2.342451300558500033e-06
-1.631685469476279877e+03 -1.420163774379399886e-06
-1.633655903124748420e+03 -4.753273556211100179e-06
-1.635626310729621309e+03 -5.084620686617500000e-06
-1.637574676998889572e+03 3.813795430978999791e-06
-1.639545032809177883e+03 8.239894348684599892e-06
-1.641515362577455790e+03 -2.622299023353799970e-06
-1.643485666304280585e+03 1.373026144617499931e-06
-1.645455943990085416e+03 -3.002750025106899955e-06
-1.647426195635427803e+03 2.500967436246300132e-06
-1.649396421240824566e+03 5.344403340432999714e-06
-1.651370289683029569e+03 5.894071397418000101e-06
-1.653340463161594016e+03 6.544421643099099703e-06
-1.655288597925054546e+03 9.732996362666301488e-06
-1.657258719618266241e+03 6.700815332018500469e-06
-1.659228815274150065e+03 2.893945834276900125e-06
-1.661198884893138711e+03 -1.542574216673300053e-06
-1.663168928475789698e+03 -2.335008207854599813e-06
-1.665138946022619848e+03 8.269888806446600300e-06
-1.667108937534186680e+03 8.977087397178900888e-06
-1.669078903010922886e+03 7.785870038207700329e-06
-1.671052510845185679e+03 1.437516608240500078e-06
-1.673000414144097022e+03 -4.436259735991200006e-06
-1.674970301761955852e+03 -1.303222883782280085e-05
-1.676940163347126827e+03 -7.040940533612399921e-06
-1.678909998900042865e+03 -4.136019196854100215e-06
-1.680879808421261487e+03 -7.314536518291100374e-06
-1.682849591911298603e+03 -1.084774871526459967e-05
-1.684819349370712189e+03 1.099418351503480134e-05
-1.686789080799934936e+03 -5.824863772101200319e-06
-1.688758786199524366e+03 2.361389842742500353e-06
-1.690706458123065659e+03 4.267901600606600231e-06
-1.692679779615367806e+03 1.413914495186500019e-06
-1.694649407171497614e+03 6.862294189225300093e-06
-1.696619008700052746e+03 -7.520865612599100100e-06
-1.698588584201549565e+03 -6.111557997529599787e-06
-1.700558133676545594e+03 9.519486607694700310e-06
-1.702527657125473070e+03 3.184894260317699746e-06
-1.704497154548889739e+03 1.813162797129199947e-06
-1.706444620824068124e+03 8.821298198828599987e-06
-1.708414066488784329e+03 -1.440575777784800093e-06
-1.710383486129572702e+03 -1.097284740463170088e-05
-1.712356547122241636e+03 -5.470713051912000374e-06
-1.714325914668138466e+03 -7.640106760372099753e-06
-1.716295256191656108e+03 -1.028922152585400036e-05
-1.718264571693227026e+03 1.559223203641700124e-06
-1.720233861173408741e+03 -2.768094743295900273e-06
-1.722203124632717163e+03 4.612677123970100086e-06
-1.724150359562471522e+03 -1.095636532679710167e-05
-1.726119571272343364e+03 1.017184203016979872e-05
-1.728088756962841217e+03 8.696496151213800214e-06
-1.730057916634523053e+03 -2.577131234638500078e-06
-1.732030717179221938e+03 6.460186704922100866e-06
-1.733999824766367965e+03 7.355591534822000295e-07
-1.735968906336245709e+03 -5.919710845831299841e-06
-1.737937961889370854e+03 1.165552281250080039e-05
-1.739906991426300237e+03 6.898857014731000502e-07
-1.741853995051850916e+03 3.981865914349899743e-06
-1.743822972848480958e+03 1.501988857408300057e-06
-1.745791924630414996e+03 7.125114974060600209e-06
-1.747760850398168259e+03 -2.765686062688500243e-06
-1.749729750152298266e+03 3.243131073597100079e-06
-1.751702290300509503e+03 -7.221248195419000111e-06
-1.753671137980374169e+03 5.271462724108200138e-06
-1.755639959648162858e+03 4.121791450355000168e-06
-1.757608755304307579e+03 -5.187454754339499990e-06
-1.759555527666866055e+03 1.348544566538139992e-05
-1.761524271591971683e+03 -6.938028508537499974e-06
-1.763492989507015864e+03 -8.201426862364599593e-06
-1.765461681412555663e+03 -2.234747211974800050e-06
-1.767430347309023546e+03 -3.860999260188399853e-06
-1.769398987196976577e+03 -5.696945252415300120e-06
-1.771367601076929759e+03 -6.978723498746500402e-06
-1.773339854824374243e+03 1.884769673373800021e-06
-1.775286421681022148e+03 -1.221046857667000143e-07
-1.777254957782211932e+03 8.236051628534000153e-07
-1.779223467877458688e+03 4.309084998599999985e-06
-1.781191951967278101e+03 -1.081407907277800044e-06
-1.783160410052226553e+03 9.763064064134000447e-06
-1.785128842132736509e+03 1.142768937416799890e-06
-1.787097248209364352e+03 -4.684573614779400126e-06
-1.789065628282626221e+03 -5.615531973171700039e-06
