freq[Hz],vel[km/s],flux[Jy/beam],noise[Jy/beam],tau,tau_noise
1320740459.63 22622.8419515 0.0 nan nan nan
1320662337.51 22641.914024 -0.000533929560333 nan -inf nan
1320584215.38 22660.9883531 -0.00174476741813 nan -inf nan
1320506093.26 22680.064939 -0.00180115015246 nan -inf nan
1320427971.14 22699.1437823 -0.000696910254192 nan -inf nan
1320349849.01 22718.2248832 -0.000516853062436 nan -inf nan
1320271726.89 22737.3082423 -0.000924775318708 nan -inf nan
1320193604.76 22756.3938599 -0.000760324241128 nan -inf nan
1320115482.64 22775.4817364 0.000313429860398 nan nan nan
1320037360.52 22794.5718722 0.00116498442367 nan nan nan
1319959238.39 22813.6642677 0.00056548480643 nan nan nan
1319881116.27 22832.7589233 4.3948108214e-05 nan nan nan
1319802994.15 22851.8558394 -0.000264643866103 nan -inf nan
1319724872.02 22870.9550164 -0.000643114151899 nan -inf nan
1319646749.9 22890.0564548 0.0002607696224 nan nan nan
1319568627.78 22909.1601548 0.000899877282791 nan nan nan
1319490505.65 22928.266117 0.000969666056335 nan nan nan
1319412383.53 22947.3743417 0.000843008165248 nan nan nan
1319334261.41 22966.4848293 -0.000760036578868 nan -inf nan
1319256139.28 22985.5975803 -0.00151766487397 nan -inf nan
1319178017.16 23004.712595 -4.50128572993e-05 nan -inf nan
1319099895.03 23023.8298738 0.000547708652448 nan nan nan
1319021772.91 23042.9494171 -0.000554876576643 nan -inf nan
1318943650.79 23062.0712254 -0.000769554113504 nan -inf nan
1318865528.66 23081.195299 1.765662455e-05 nan nan nan
1318787406.54 23100.3216383 0.000164807046531 nan nan nan
1318709284.42 23119.4502438 -3.43871797668e-05 nan -inf nan
1318631162.29 23138.5811158 -0.000144078992889 nan -inf nan
1318553040.17 23157.7142548 -8.64504399942e-05 nan -inf nan
1318474918.05 23176.8496611 0.000332570896717 nan nan nan
1318396795.92 23195.9873352 0.000123556063045 nan nan nan
1318318673.8 23215.1272774 -0.000483241281472 nan -inf nan
1318240551.67 23234.2694882 -0.000152224733029 nan -inf nan
1318162429.55 23253.4139679 0.000465368735604 nan nan nan
1318084307.43 23272.560717 0.000588213850278 nan nan nan
1318006185.3 23291.7097359 0.000688019499648 nan nan nan
1317928063.18 23310.861025 0.000830340897664 nan nan nan
1317849941.06 23330.0145846 0.000652806193102 nan nan nan
1317771818.93 23349.1704152 4.5724445954e-05 nan nan nan
1317693696.81 23368.3285172 -0.000537214858923 nan -inf nan
1317615574.69 23387.488891 -0.000654118077364 nan -inf nan
1317537452.56 23406.6515369 -0.00038785484503 nan -inf nan
1317459330.44 23425.8164555 0.000303961511236 nan nan nan
1317381208.31 23444.9836471 0.000569115043618 nan nan nan
1317303086.19 23464.1531121 1.63216718647e-05 nan nan nan
1317224964.07 23483.3248508 -0.00021146654035 nan -inf nan
1317146841.94 23502.4988638 -0.000149757994222 nan -inf nan
1317068719.82 23521.6751515 -0.000153395318193 nan -inf nan
1316990597.7 23540.8537141 -5.2116211009e-05 nan -inf nan
1316912475.57 23560.0345522 -0.000158445851412 nan -inf nan
1316834353.45 23579.2176661 -0.000544541981071 nan -inf nan
1316756231.33 23598.4030562 -0.000480263173813 nan -inf nan
1316678109.2 23617.590723 -0.000108310116048 nan -inf nan
1316599987.08 23636.7806668 -8.58669882291e-05 nan -inf nan
1316521864.96 23655.9728881 -0.000174262415385 nan -inf nan
1316443742.83 23675.1673873 0.000165378893143 nan nan nan
1316365620.71 23694.3641647 0.000869125244208 nan nan nan
1316287498.58 23713.5632208 0.000664074555971 nan nan nan
1316209376.46 23732.7645559 -0.000254331389442 nan -inf nan
1316131254.34 23751.9681706 -0.000623863539658 nan -inf nan
1316053132.21 23771.1740651 -0.000505452277139 nan -inf nan
1315975010.09 23790.3822399 -0.000226762000239 nan -inf nan
1315896887.97 23809.5926954 -2.06979930226e-05 nan -inf nan
1315818765.84 23828.8054321 0.00012779039389 nan nan nan
1315740643.72 23848.0204502 -0.000118255149573 nan -inf nan
1315662521.6 23867.2377503 -0.000235824583797 nan -inf nan
1315584399.47 23886.4573327 0.000240675799432 nan nan nan
1315506277.35 23905.6791978 0.000138698160299 nan nan nan
1315428155.22 23924.9033461 -0.000103346807009 nan -inf nan
1315350033.1 23944.1297779 3.66102649423e-05 nan nan nan
1315271910.98 23963.3584936 0.000235747473198 nan nan nan
1315193788.85 23982.5894938 7.73106876295e-05 nan nan nan
1315115666.73 24001.8227787 -0.000286992202746 nan -inf nan
1315037544.61 24021.0583487 0.000300891755614 nan nan nan
1314959422.48 24040.2962044 0.000777960987762 nan nan nan
1314881300.36 24059.536346 0.00041397541645 nan nan nan
1314803178.24 24078.778774 8.05842719274e-05 nan nan nan
1314725056.11 24098.0234889 -0.000237638945691 nan -inf nan
1314646933.99 24117.2704909 -0.000169947481481 nan -inf nan
1314568811.86 24136.5197806 0.000302727188682 nan nan nan
1314490689.74 24155.7713583 0.00043317800737 nan nan nan
1314412567.62 24175.0252244 -0.000162171723787 nan -inf nan
1314334445.49 24194.2813794 -0.000585250440054 nan -inf nan
1314256323.37 24213.5398236 -0.000275573809631 nan -inf nan
1314178201.25 24232.8005575 -0.000167151258211 nan -inf nan
1314100079.12 24252.0635814 8.54863901623e-06 nan nan nan
1314021957.0 24271.3288959 0.000162246069522 nan nan nan
1313943834.88 24290.5965012 -0.000766314915381 nan -inf nan
1313865712.75 24309.8663978 -0.00146592839155 nan -inf nan
1313787590.63 24329.1385861 -0.000343201623764 nan -inf nan
1313709468.51 24348.4130665 0.000929547881242 nan nan nan
1313631346.38 24367.6898395 0.000827417068649 nan nan nan
1313553224.26 24386.9689054 0.000148243052536 nan nan nan
1313475102.13 24406.2502646 -0.000284252688289 nan -inf nan
1313396980.01 24425.5339175 0.000259291147813 nan nan nan
1313318857.89 24444.8198646 0.000679844641127 nan nan nan
1313240735.76 24464.1081063 0.000262834335444 nan nan nan
1313162613.64 24483.398643 -7.06373830326e-05 nan -inf nan
1313084491.52 24502.691475 -0.000367878121324 nan -inf nan
1313006369.39 24521.9866029 -0.000356688688044 nan -inf nan
1312928247.27 24541.2840269 -0.00044984795386 nan -inf nan
1312850125.15 24560.5837476 -0.000756947207265 nan -inf nan
1312772003.02 24579.8857653 -0.000998493866064 nan -inf nan
1312693880.9 24599.1900804 -0.000945147650782 nan -inf nan
1312615758.77 24618.4966934 -0.000473303749459 nan -inf nan
1312537636.65 24637.8056046 -0.000136705682962 nan -inf nan
1312459514.53 24657.1168145 0.00044392287964 nan nan nan
1312381392.4 24676.4303234 0.000804931507446 nan nan nan
1312303270.28 24695.7461319 0.0005630858941 nan nan nan
1312225148.16 24715.0642402 0.000640523969196 nan nan nan
1312147026.03 24734.3846489 0.000739825656638 nan nan nan
1312068903.91 24753.7073583 0.000367802043911 nan nan nan
1311990781.79 24773.0323688 7.68250320107e-05 nan nan nan
1311912659.66 24792.3596808 0.000189388534636 nan nan nan
1311834537.54 24811.6892948 9.93392313831e-06 nan nan nan
1311756415.41 24831.0212112 -0.000510092126206 nan -inf nan
1311678293.29 24850.3554304 -0.000367131491657 nan -inf nan
1311600171.17 24869.6919527 -0.000324369495502 nan -inf nan
1311522049.04 24889.0307786 -0.00065994419856 nan -inf nan
1311443926.92 24908.3719086 -6.9299043389e-05 nan -inf nan
1311365804.8 24927.7153429 0.000226136442507 nan nan nan
1311287682.67 24947.0610821 -4.270253703e-05 nan -inf nan
1311209560.55 24966.4091266 0.0002482914133 nan nan nan
1311131438.43 24985.7594767 0.000153651693836 nan nan nan
1311053316.3 25005.1121328 -0.000259861437371 nan -inf nan
1310975194.18 25024.4670955 -0.000673847738653 nan -inf nan
1310897072.06 25043.824365 -0.000509496079758 nan -inf nan
1310818949.93 25063.1839419 6.49288558634e-05 nan nan nan
1310740827.81 25082.5458265 -0.00057341682259 nan -inf nan
1310662705.68 25101.9100192 -0.00109276152216 nan -inf nan
1310584583.56 25121.2765204 -0.000274987280136 nan -inf nan
1310506461.44 25140.6453306 0.000369941495592 nan nan nan
1310428339.31 25160.0164502 -1.05847138911e-05 nan -inf nan
1310350217.19 25179.3898796 -0.000770945334807 nan -inf nan
1310272095.07 25198.7656191 -0.000872550532222 nan -inf nan
1310193972.94 25218.1436693 1.07819214463e-05 nan nan nan
1310115850.82 25237.5240305 0.00109456060454 nan nan nan
1310037728.7 25256.9067031 0.00109666923527 nan nan nan
1309959606.57 25276.2916876 -0.000375291274395 nan -inf nan
1309881484.45 25295.6789844 -0.00115970196202 nan -inf nan
1309803362.32 25315.0685938 -0.000327474524966 nan -inf nan
1309725240.2 25334.4605163 0.000225314448471 nan nan nan
1309647118.08 25353.8547523 0.00027158058947 nan nan nan
1309568995.95 25373.2513023 0.000657563330606 nan nan nan
1309490873.83 25392.6501666 0.00106138491537 nan nan nan
1309412751.71 25412.0513456 0.000260633358266 nan nan nan
1309334629.58 25431.4548398 -0.000480489718029 nan -inf nan
1309256507.46 25450.8606496 0.000447749684099 nan nan nan
1309178385.34 25470.2687753 0.000777911860496 nan nan nan
1309100263.21 25489.6792175 -0.000148359744344 nan -inf nan
1309022141.09 25509.0919765 -0.000551182194613 nan -inf nan
1308944018.96 25528.5070527 -0.000108660984552 nan -inf nan
1308865896.84 25547.9244466 0.000506969052367 nan nan nan
1308787774.72 25567.3441585 0.000644277897663 nan nan nan
1308709652.59 25586.7661889 3.60667472705e-05 nan nan nan
1308631530.47 25606.1905382 -0.00093856244348 nan -inf nan
1308553408.35 25625.6172068 -0.00127675745171 nan -inf nan
1308475286.22 25645.0461952 -0.000508212193381 nan -inf nan
1308397164.1 25664.4775037 0.000524214352481 nan nan nan
1308319041.98 25683.9111328 0.00108084117528 nan nan nan
1308240919.85 25703.3470828 0.000849421485327 nan nan nan
1308162797.73 25722.7853542 -0.000112177789561 nan -inf nan
1308084675.61 25742.2259474 -0.000836036517285 nan -inf nan
1308006553.48 25761.6688629 -0.000515693682246 nan -inf nan
1307928431.36 25781.1141009 0.000304306275211 nan nan nan
1307850309.23 25800.5616621 0.000418349256506 nan nan nan
1307772187.11 25820.0115467 0.000317383994116 nan nan nan
1307694064.99 25839.4637552 3.04473796859e-05 nan nan nan
1307615942.86 25858.918288 -0.000734385335818 nan -inf nan
1307537820.74 25878.3751455 -0.000367768661818 nan -inf nan
1307459698.62 25897.8343281 0.000657870143186 nan nan nan
1307381576.49 25917.2958363 0.000778438756242 nan nan nan
1307303454.37 25936.7596705 0.000372594688088 nan nan nan
1307225332.25 25956.2258311 0.000569541240111 nan nan nan
1307147210.12 25975.6943184 0.00117366889026 nan nan nan
1307069088.0 25995.165133 0.00117012939882 nan nan nan
1306990965.87 26014.6382752 0.000822274072561 nan nan nan
1306912843.75 26034.1137455 0.000545306829736 nan nan nan
1306834721.63 26053.5915443 0.000159290619195 nan nan nan
1306756599.5 26073.0716719 -0.000216102023842 nan -inf nan
1306678477.38 26092.5541289 -0.000144100980833 nan -inf nan
1306600355.26 26112.0389156 -0.000326428475091 nan -inf nan
1306522233.13 26131.5260324 -0.000989300315268 nan -inf nan
1306444111.01 26151.0154798 -0.00135365012102 nan -inf nan
1306365988.89 26170.5072581 -0.00121904991101 nan -inf nan
1306287866.76 26190.0013679 -0.000739948009141 nan -inf nan
1306209744.64 26209.4978095 -0.000663146900479 nan -inf nan
1306131622.52 26228.9965833 -0.000826914852951 nan -inf nan
1306053500.39 26248.4976898 -0.000393259280827 nan -inf nan
1305975378.27 26268.0011293 -6.81610981701e-05 nan -inf nan
1305897256.14 26287.5069024 -0.000156234498718 nan -inf nan
1305819134.02 26307.0150093 0.00057516049128 nan nan nan
1305741011.9 26326.5254506 0.00112060736865 nan nan nan
1305662889.77 26346.0382266 0.000899262668099 nan nan nan
1305584767.65 26365.5533378 0.00086233089678 nan nan nan
1305506645.53 26385.0707846 0.000474353437312 nan nan nan
1305428523.4 26404.5905674 1.83449155884e-05 nan nan nan
1305350401.28 26424.1126866 -0.000162960554007 nan -inf nan
1305272279.16 26443.6371427 -0.000401588040404 nan -inf nan
1305194157.03 26463.163936 -0.000293920573313 nan -inf nan
1305116034.91 26482.693067 0.000129010426463 nan nan nan
1305037912.78 26502.2245361 6.62479724269e-05 nan nan nan
1304959790.66 26521.7583438 -0.000213470644667 nan -inf nan
1304881668.54 26541.2944903 -0.000243767164648 nan -inf nan
1304803546.41 26560.8329763 -0.000461367046228 nan -inf nan
1304725424.29 26580.373802 -0.000542767927982 nan -inf nan
1304647302.17 26599.9169679 -0.00023897839128 nan -inf nan
1304569180.04 26619.4624745 1.18505486171e-05 nan nan nan
1304491057.92 26639.0103221 0.000124514524941 nan nan nan
1304412935.8 26658.5605112 0.000147532511619 nan nan nan
1304334813.67 26678.1130421 8.6649779405e-05 nan nan nan
1304256691.55 26697.6679154 -0.000334998650942 nan -inf nan
1304178569.42 26717.2251314 -0.000906611559913 nan -inf nan
1304100447.3 26736.7846905 -0.00035513722105 nan -inf nan
1304022325.18 26756.3465932 0.000771814316977 nan nan nan
1303944203.05 26775.9108399 0.000691854627803 nan nan nan
1303866080.93 26795.477431 0.000246512499871 nan nan nan
1303787958.81 26815.046367 0.000294368888717 nan nan nan
1303709836.68 26834.6176482 0.00025731686037 nan nan nan
1303631714.56 26854.1912751 8.1051082816e-05 nan nan nan
