#      nu2       flav
#
1315.315620 -0.000428 
1315.319683 0.001653 
1315.323747 -0.000929 
1315.327810 0.001238 
1315.331873 -0.000597 
1315.335937 -0.001527 
1315.340001 0.000581 
1315.344064 -0.000901 
1315.348128 -0.004759 
1315.352191 -0.002179 
1315.356255 -0.000412 
1315.360319 -0.002453 
1315.364382 0.000575 
1315.368446 0.001735 
1315.372510 -0.001056 
1315.376573 -0.000650 
1315.380637 0.003536 
1315.384701 -0.001981 
1315.388765 -0.001800 
1315.392829 0.001138 
1315.396893 -0.000567 
1315.400957 -0.003382 
1315.405021 0.000121 
1315.409085 -0.000920 
1315.413149 0.002727 
1315.417213 0.000707 
1315.421277 0.001604 
1315.425341 -0.001620 
1315.429405 0.001177 
1315.433469 0.001995 
1315.437533 -0.001879 
1315.441597 -0.002237 
1315.445661 0.000163 
1315.449726 0.000033 
1315.453790 -0.000537 
1315.457854 0.000569 
1315.461918 -0.000658 
1315.465983 -0.001224 
1315.470047 -0.001571 
1315.474111 0.001643 
1315.478176 0.001693 
1315.482240 0.002989 
1315.486305 -0.001584 
1315.490369 0.001646 
1315.494434 -0.002053 
1315.498498 0.000164 
1315.502563 -0.001449 
1315.506627 0.000110 
1315.510692 -0.002283 
1315.514756 0.002340 
1315.518821 0.000338 
1315.522886 0.001474 
1315.526950 0.001940 
1315.531015 -0.000202 
1315.535080 -0.003942 
1315.539145 0.002495 
1315.543209 -0.001423 
1315.547274 -0.001366 
1315.551339 -0.003517 
1315.555404 -0.001966 
1315.559469 0.000295 
1315.563534 -0.001219 
1315.567599 0.001728 
1315.571664 0.001673 
1315.575729 0.000279 
1315.579794 0.002239 
1315.583859 0.001651 
1315.587924 0.000593 
1315.591989 0.004441 
1315.596054 0.005666 
1315.600119 0.001360 
1315.604184 0.000222 
1315.608250 0.000449 
1315.612315 0.001028 
1315.616380 0.003088 
1315.620445 -0.000229 
1315.624511 0.004113 
1315.628576 0.003492 
1315.632641 -0.000286 
1315.636707 0.000208 
1315.640772 0.005398 
1315.644837 0.004230 
1315.648903 0.003956 
1315.652968 0.002864 
1315.657034 0.005046 
1315.661099 0.002992 
1315.665165 0.003724 
1315.669231 0.003255 
1315.673296 0.007043 
1315.677362 0.000757 
1315.681427 0.004261 
1315.685493 0.002490 
1315.689559 0.002307 
1315.693625 0.005005 
1315.697690 0.005816 
1315.701756 0.000780 
1315.705822 0.003898 
1315.709888 0.005836 
1315.713954 0.001354 
1315.718019 0.000822 
1315.722085 0.002070 
1315.726151 0.004248 
1315.730217 0.000207 
1315.734283 -0.000673 
1315.738349 0.000215 
1315.742415 -0.002235 
1315.746481 -0.000062 
1315.750547 0.000212 
1315.754613 0.001397 
1315.758680 -0.000530 
1315.762746 -0.000467 
1315.766812 0.003010 
1315.770878 -0.000540 
1315.774944 0.000854 
1315.779011 0.000824 
1315.783077 -0.000299 
1315.787143 0.000549 
1315.791209 -0.000210 
1315.795276 -0.000791 
1315.799342 -0.001162 
1315.803409 0.000889 
1315.807475 -0.000643 
1315.811541 -0.001939 
1315.815608 0.000256 
1315.819674 -0.002335 
1315.823741 0.000149 
1315.827808 0.000237 
1315.831874 0.000336 
1315.835941 0.001193 
1315.840007 0.001482 
1315.844074 -0.000459 
1315.848141 0.000607 
1315.852207 -0.002896 
1315.856274 -0.000903 
1315.860341 -0.000617 
1315.864408 0.002774 
1315.868474 0.000187 
1315.872541 -0.002648 
1315.876608 0.001844 
1315.880675 -0.000748 
1315.884742 0.000345 
1315.888809 0.001723 
1315.892876 0.000448 
1315.896943 -0.000804 
1315.901010 -0.000544 
1315.905077 -0.003053 
1315.909144 -0.000889 
1315.913211 0.000326 
1315.917278 -0.001382 
1315.921345 -0.001602 
1315.925412 -0.001715 
1315.929480 0.000518 
1315.933547 -0.001086 
1315.937614 -0.002405 
1315.941681 0.000699 
1315.945748 0.000213 
1315.949816 0.001835 
1315.953883 0.000031 
1315.957950 0.002681 
1315.962018 0.000428 
1315.966085 0.001079 
1315.970153 -0.000231 
1315.974220 -0.002055 
1315.978288 0.001124 
1315.982355 -0.000129 
1315.986423 -0.000381 
1315.990490 -0.001061 
1315.994558 -0.003715 
1315.998625 0.001851 
1316.002693 -0.002614 
1316.006761 0.001419 
1316.010828 -0.000582 
1316.014896 -0.001344 
1316.018964 -0.000642 
1316.023032 0.002621 
1316.027099 0.000285 
1316.031167 -0.000740 
1316.035235 -0.003297 
1316.039303 0.002950 
1316.043371 0.001448 
1316.047439 -0.001103 
1316.051507 0.000520 
1316.055575 0.001880 
1316.059643 -0.000328 
1316.063711 0.000647 
1316.067779 -0.000081 
1316.071847 0.001708 
1316.075915 -0.001437 
1316.079983 -0.001955 
1316.084051 -0.000906 
1316.088119 -0.001491 
1316.092187 -0.002844 
1316.096256 0.000779 
1316.100324 -0.001657 
1316.104392 -0.002674 
1316.108460 -0.003124 
1316.112529 -0.000095 
1316.116597 -0.003692 
1316.120665 0.000199 
1316.124734 -0.000721 
1316.128802 -0.000452 
1316.132871 -0.003997 
1316.136939 -0.001449 
1316.141008 0.000119 
1316.145076 -0.003774 
1316.149145 -0.000597 
1316.153213 -0.000693 
1316.157282 -0.001267 
1316.161350 -0.000519 
1316.165419 -0.004411 
1316.169488 0.000565 
1316.173556 -0.005479 
1316.177625 -0.007539 
1316.181694 -0.006197 
1316.185763 -0.008470 
1316.189831 -0.012119 
1316.193900 -0.009360 
1316.197969 -0.005991 
1316.202038 -0.006366 
1316.206107 -0.008540 
1316.210176 -0.013330 
1316.214245 -0.016079 
1316.218314 -0.018330 
1316.222383 -0.026705 
1316.226452 -0.033709 
1316.230521 -0.043623 
1316.234590 -0.053740 
1316.238659 -0.064167 
1316.242728 -0.071529 
1316.246797 -0.070599 
1316.250866 -0.073535 
1316.254936 -0.075577 
1316.259005 -0.077927 
1316.263074 -0.078802 
1316.267143 -0.071721 
1316.271213 -0.069167 
1316.275282 -0.067381 
1316.279351 -0.064879 
1316.283421 -0.071728 
1316.287490 -0.077513 
1316.291559 -0.070774 
1316.295629 -0.070395 
1316.299698 -0.066922 
1316.303768 -0.062325 
1316.307837 -0.063542 
1316.311907 -0.061098 
1316.315976 -0.061512 
1316.320046 -0.052790 
1316.324116 -0.050711 
1316.328185 -0.045529 
1316.332255 -0.042454 
1316.336325 -0.034844 
1316.340394 -0.027745 
1316.344464 -0.023076 
1316.348534 -0.019601 
1316.352604 -0.018247 
1316.356674 -0.015651 
1316.360743 -0.008518 
1316.364813 -0.008333 
1316.368883 -0.009815 
1316.372953 -0.009752 
1316.377023 -0.006287 
1316.381093 -0.004942 
1316.385163 -0.003045 
1316.389233 0.000012 
1316.393303 -0.000583 
1316.397373 -0.001573 
1316.401443 0.000800 
1316.405513 -0.001911 
1316.409584 -0.000564 
1316.413654 0.001408 
1316.417724 0.000212 
1316.421794 -0.002067 
1316.425864 0.000540 
1316.429935 -0.000223 
1316.434005 0.002251 
1316.438075 -0.002753 
1316.442146 -0.005088 
1316.446216 -0.000407 
1316.450286 0.001487 
1316.454357 0.000995 
1316.458427 -0.002267 
1316.462498 -0.002522 
1316.466568 -0.001133 
1316.470639 -0.001599 
1316.474709 0.003573 
1316.478780 0.001528 
1316.482851 0.001134 
1316.486921 0.001942 
1316.490992 -0.000535 
1316.495063 0.001399 
1316.499133 0.002054 
1316.503204 -0.001976 
1316.507275 0.000426 
1316.511345 -0.002042 
1316.515416 0.000362 
1316.519487 -0.000389 
1316.523558 0.000709 
1316.527629 0.000037 
1316.531700 0.001300 
1316.535771 0.000607 
1316.539842 -0.001526 
1316.543913 -0.001373 
1316.547984 -0.002193 
1316.552055 0.001512 
1316.556126 -0.001160 
1316.560197 -0.003033 
1316.564268 -0.000389 
1316.568339 -0.002225 
1316.572410 0.000077 
1316.576481 0.001613 
1316.580553 -0.000561 
1316.584624 0.000411 
1316.588695 0.000337 
1316.592766 -0.000403 
1316.596838 -0.002120 
1316.600909 -0.000181 
1316.604980 0.000474 
1316.609052 0.001672 
1316.613123 -0.001048 
1316.617195 0.000696 
1316.621266 0.001511 
1316.625338 0.000031 
1316.629409 0.001047 
1316.633481 -0.000026 
1316.637552 -0.003859 
1316.641624 -0.001198 
1316.645695 -0.001533 
1316.649767 0.000115 
1316.653839 -0.000086 
1316.657910 -0.001392 
1316.661982 -0.001248 
1316.666054 0.001689 
1316.670126 0.000806 
1316.674197 -0.000373 
1316.678269 -0.001329 
1316.682341 0.000887 
1316.686413 0.002798 
1316.690485 -0.001916 
1316.694557 0.000015 
1316.698629 -0.002360 
1316.702701 -0.002657 
1316.706772 0.000919 
1316.710845 0.001148 
1316.714917 -0.000188 
1316.718989 0.003667 
1316.723061 0.000717 
1316.727133 -0.000142 
1316.731205 -0.000542 
1316.735277 -0.005821 
1316.739349 0.000613 
1316.743422 -0.001029 
1316.747494 -0.004218 
1316.751566 -0.001322 
1316.755638 -0.001739 
1316.759711 0.001120 
1316.763783 0.002214 
1316.767855 -0.001520 
1316.771928 0.000712 
1316.776000 0.002164 
1316.780073 0.000925 
1316.784145 0.002322 
1316.788218 -0.003422 
1316.792290 -0.000780 
1316.796363 -0.001019 
1316.800435 -0.002068 
1316.804508 0.000704 
1316.808580 -0.000772 
1316.812653 -0.001761 
1316.816726 0.000123 
1316.820798 0.001497 
1316.824871 0.001338 
1316.828944 0.001346 
1316.833017 0.000826 
1316.837089 -0.000719 
1316.841162 0.000858 
1316.845235 -0.000062 
1316.849308 -0.000462 
1316.853381 0.001209 
1316.857454 -0.002861 
1316.861527 0.002531 
1316.865600 -0.002897 
1316.869673 -0.001292 
1316.873746 -0.001726 
1316.877819 -0.000015 
1316.881892 -0.000297 
1316.885965 -0.001570 
1316.890038 0.001412 
1316.894111 -0.000013 
1316.898184 0.001823 
1316.902258 0.000997 
1316.906331 0.000394 
1316.910404 -0.000449 
1316.914477 -0.002510 
1316.918551 0.000157 
1316.922624 0.002466 
1316.926697 -0.001840 
1316.930771 -0.005057 
1316.934844 -0.001647 
1316.938917 0.002165 
1316.942991 0.001822 
1316.947064 0.000443 
1316.951138 -0.000764 
1316.955211 0.001709 
1316.959285 -0.002025 
1316.963359 -0.001623 
1316.967432 -0.000911 
1316.971506 -0.002200 
1316.975579 -0.001184 
1316.979653 0.001128 
1316.983727 -0.000968 
1316.987801 -0.001415 
1316.991874 0.002508 
1316.995948 0.002296 
1317.000022 -0.000603 
1317.004096 0.000482 
1317.008170 -0.002505 
1317.012243 -0.002132 
1317.016317 -0.002386 
1317.020391 -0.002153 
1317.024465 -0.001900 
1317.028539 0.000340 
1317.032613 -0.001710 
1317.036687 -0.005002 
1317.040761 -0.000250 
1317.044835 0.002795 
1317.048909 -0.000921 
1317.052984 -0.000782 
1317.057058 -0.001190 
1317.061132 -0.005019 
1317.065206 -0.000088 
1317.069280 -0.001973 
1317.073355 0.003415 
1317.077429 -0.001834 
1317.081503 0.000219 
1317.085577 0.001155 
1317.089652 0.002377 
1317.093726 0.001589 
1317.097801 -0.000799 
1317.101875 -0.002209 
1317.105950 -0.002203 
1317.110024 0.000945 
1317.114099 0.000215 
1317.118173 -0.003254 
1317.122248 0.002484 
1317.126322 -0.001501 
1317.130397 -0.002410 
1317.134471 0.001153 
1317.138546 -0.000692 
1317.142621 -0.003740 
1317.146695 0.007794 
1317.150770 0.000328 
1317.154845 -0.005317 
1317.158920 -0.000516 
1317.162995 0.000574 
1317.167069 -0.003677 
1317.171144 0.000283 
1317.175219 0.002718 
1317.179294 0.001690 
1317.183369 -0.000366 
1317.187444 0.002123 
1317.191519 -0.000742 
1317.195594 0.001112 
1317.199669 0.001841 
1317.203744 -0.002510 
1317.207819 -0.000220 
1317.211894 -0.000710 
1317.215969 0.002023 
1317.220045 0.000212 
1317.224120 -0.001023 
1317.228195 -0.000797 
1317.232270 0.000063 
1317.236345 -0.004275 
1317.240421 -0.001092 
1317.244496 -0.000085 
1317.248571 0.001815 
1317.252647 -0.002089 
1317.256722 -0.004238 
1317.260798 0.002430 
1317.264873 -0.001052 
1317.268948 -0.004127 
1317.273024 0.002570 
1317.277100 -0.003625 
1317.281175 0.002558 
1317.285251 -0.000354 
1317.289326 -0.001977 
1317.293402 -0.000007 
1317.297477 0.001324 
1317.301553 -0.002937 
1317.305629 -0.002224 
1317.309705 -0.001526 
1317.313780 -0.002058 
1317.317856 -0.004446 
1317.321932 0.000353 
1317.326008 0.001256 
1317.330084 0.003113 
1317.334159 0.006474 
1317.338235 0.010539 
1317.342311 0.011710 
1317.346387 0.015644 
1317.350463 0.020231 
1317.354539 0.020117 
1317.358615 0.022661 
1317.362691 0.024684 
1317.366767 0.026233 
1317.370843 0.031811 
1317.374919 0.032383 
1317.378996 0.039534 
1317.383072 0.041580 
1317.387148 0.043962 
1317.391224 0.046438 
1317.395300 0.054458 
