freq[Hz],vel[km/s],flux[Jy/beam],noise[Jy/beam],tau,tau_noise
1263662312.57 37185.9635402 -6.78635115037e-05 nan -inf nan
1263584187.57 37206.7982724 0.00015566276852 nan nan nan
1263506062.58 37227.6355812 -0.000587549235206 nan -inf nan
1263427937.58 37248.4754669 -0.00134276982863 nan -inf nan
1263349812.58 37269.3179301 -0.0012106471695 nan -inf nan
1263271687.58 37290.1629712 -0.000278269086266 nan -inf nan
1263193562.59 37311.0105908 0.000568998104427 nan nan nan
1263115437.59 37331.8607892 3.25160217471e-05 nan nan nan
1263037312.59 37352.713567 -0.000801120186225 nan -inf nan
1262959187.6 37373.5689247 -0.000604337255936 nan -inf nan
1262881062.6 37394.4268627 6.45414256724e-05 nan nan nan
1262802937.6 37415.2873814 0.000195538319531 nan nan nan
1262724812.6 37436.1504815 -0.000459064845927 nan -inf nan
1262646687.61 37457.0161634 -0.000669102591928 nan -inf nan
1262568562.61 37477.8844275 -0.000380450568628 nan -inf nan
1262490437.61 37498.7552743 -0.000378041935619 nan -inf nan
1262412312.62 37519.6287043 0.000155288056703 nan nan nan
1262334187.62 37540.5047181 0.00114183477126 nan nan nan
1262256062.62 37561.3833159 0.00130082527176 nan nan nan
1262177937.62 37582.2644985 0.000688834174071 nan nan nan
1262099812.63 37603.1482661 0.000772015773691 nan nan nan
1262021687.63 37624.0346194 0.000785909593105 nan nan nan
1261943562.63 37644.9235587 -0.000179404800292 nan -inf nan
1261865437.64 37665.8150846 -0.000344748608768 nan -inf nan
1261787312.64 37686.7091975 0.000146772887092 nan nan nan
1261709187.64 37707.605898 0.000650569330901 nan nan nan
1261631062.64 37728.5051865 0.000937322736718 nan nan nan
1261552937.65 37749.4070634 0.000831598765217 nan nan nan
1261474812.65 37770.3115294 0.00094281474594 nan nan nan
1261396687.65 37791.2185848 0.000653894850984 nan nan nan
1261318562.66 37812.1282301 0.000135033376864 nan nan nan
1261240437.66 37833.0404658 0.000244790222496 nan nan nan
1261162312.66 37853.9552924 0.000477323599625 nan nan nan
1261084187.66 37874.8727104 9.90591943264e-05 nan nan nan
1261006062.67 37895.7927202 -0.000669906788971 nan -inf nan
1260927937.67 37916.7153224 -0.000650300411507 nan -inf nan
1260849812.67 37937.6405174 -0.000253623351455 nan -inf nan
1260771687.68 37958.5683057 -0.000314387871185 nan -inf nan
1260693562.68 37979.4986878 -0.000267849653028 nan -inf nan
1260615437.68 38000.4316642 -0.000129694395582 nan -inf nan
1260537312.68 38021.3672353 9.86470695352e-05 nan nan nan
1260459187.69 38042.3054016 0.000262592016952 nan nan nan
1260381062.69 38063.2461637 0.000679144519381 nan nan nan
1260302937.69 38084.1895219 0.0012778271921 nan nan nan
1260224812.7 38105.1354769 0.00142853381112 nan nan nan
1260146687.7 38126.084029 0.00115437747445 nan nan nan
1260068562.7 38147.0351787 0.00061807630118 nan nan nan
1259990437.7 38167.9889266 0.000584038731176 nan nan nan
1259912312.71 38188.945273 0.000831090845168 nan nan nan
1259834187.71 38209.9042186 0.00107646198012 nan nan nan
1259756062.71 38230.8657637 0.000511382007971 nan nan nan
1259677937.72 38251.829909 -0.00121575349476 nan -inf nan
1259599812.72 38272.7966547 -0.00198492384516 nan -inf nan
1259521687.72 38293.7660015 -0.00114682049025 nan -inf nan
1259443562.72 38314.7379498 -0.000424871366704 nan -inf nan
1259365437.73 38335.7125001 -0.000484752701595 nan -inf nan
1259287312.73 38356.6896529 -0.000583918532357 nan -inf nan
1259209187.73 38377.6694086 -0.000454866938526 nan -inf nan
1259131062.74 38398.6517678 -0.000329990522005 nan -inf nan
1259052937.74 38419.636731 -0.000206739408895 nan -inf nan
1258974812.74 38440.6242985 -0.000267003517365 nan -inf nan
1258896687.74 38461.614471 -0.000861067150254 nan -inf nan
1258818562.75 38482.6072489 -0.000460930285044 nan -inf nan
1258740437.75 38503.6026326 0.00101483031176 nan nan nan
1258662312.75 38524.6006227 0.00114446564112 nan nan nan
1258584187.76 38545.6012196 0.000557840801775 nan nan nan
1258506062.76 38566.6044239 0.00056078878697 nan nan nan
1258427937.76 38587.610236 0.000536142266355 nan nan nan
1258349812.76 38608.6186564 0.000365449785022 nan nan nan
1258271687.77 38629.6296855 7.67577876104e-05 nan nan nan
1258193562.77 38650.643324 -9.62840858847e-05 nan -inf nan
1258115437.77 38671.6595722 -0.00015360978432 nan -inf nan
1258037312.78 38692.6784307 -0.000603411463089 nan -inf nan
1257959187.78 38713.6998999 -0.000328877707943 nan -inf nan
1257881062.78 38734.7239803 0.000391045643482 nan nan nan
1257802937.78 38755.7506724 0.00024497078266 nan nan nan
1257724812.79 38776.7799767 -0.000111899003969 nan -inf nan
1257646687.79 38797.8118937 -0.00049524352653 nan -inf nan
1257568562.79 38818.8464239 -0.000713927147444 nan -inf nan
1257490437.8 38839.8835677 -0.000123756239191 nan -inf nan
1257412312.8 38860.9233257 0.0011499223765 nan nan nan
1257334187.8 38881.9656983 0.00160335761029 nan nan nan
1257256062.8 38903.010686 0.000479934329633 nan nan nan
1257177937.81 38924.0582893 -0.000890003924724 nan -inf nan
1257099812.81 38945.1085087 -0.00104962056503 nan -inf nan
1257021687.81 38966.1613447 -0.000273924088106 nan -inf nan
1256943562.82 38987.2167977 0.000329028873239 nan nan nan
1256865437.82 39008.2748683 0.000788272940554 nan nan nan
1256787312.82 39029.335557 0.000767825869843 nan nan nan
1256709187.82 39050.3988642 0.000137148963404 nan nan nan
1256631062.83 39071.4647904 -0.000283630099148 nan -inf nan
1256552937.83 39092.5333361 -0.0009503630572 nan -inf nan
1256474812.83 39113.6045018 -0.00162619235925 nan -inf nan
1256396687.84 39134.6782879 -0.001030701329 nan -inf nan
1256318562.84 39155.7546951 -0.000205776479561 nan -inf nan
1256240437.84 39176.8337237 -0.000572737248149 nan -inf nan
1256162312.84 39197.9153743 -0.000795055180788 nan -inf nan
1256084187.85 39218.9996473 -0.000132982502691 nan -inf nan
1256006062.85 39240.0865433 0.000343151361449 nan nan nan
1255927937.85 39261.1760627 0.000425994716352 nan nan nan
1255849812.86 39282.2682059 0.00066791032441 nan nan nan
1255771687.86 39303.3629736 0.00065998302307 nan nan nan
1255693562.86 39324.4603662 -7.8048746218e-05 nan -inf nan
1255615437.86 39345.5603841 -5.58978645131e-05 nan -inf nan
1255537312.87 39366.663028 0.000911198731046 nan nan nan
1255459187.87 39387.7682982 0.00161539111286 nan nan nan
1255381062.87 39408.8761952 0.00185301969759 nan nan nan
1255302937.88 39429.9867196 0.00187843409367 nan nan nan
1255224812.88 39451.0998718 0.00175548042171 nan nan nan
1255146687.88 39472.2156523 0.000548285548575 nan nan nan
1255068562.88 39493.3340616 -0.00117822585162 nan -inf nan
1254990437.89 39514.4551003 -0.00137419626117 nan -inf nan
1254912312.89 39535.5787687 -0.000836342049297 nan -inf nan
1254834187.89 39556.7050674 -0.000681953853928 nan -inf nan
1254756062.9 39577.833997 -0.00106169003993 nan -inf nan
1254677937.9 39598.9655577 -0.00149902061094 nan -inf nan
1254599812.9 39620.0997503 -0.000750685983803 nan -inf nan
1254521687.9 39641.236575 -0.000140639604069 nan -inf nan
1254443562.91 39662.3760326 -0.000297848979244 nan -inf nan
1254365437.91 39683.5181233 -7.69859689171e-05 nan -inf nan
1254287312.91 39704.6628478 0.00031843650504 nan nan nan
1254209187.91 39725.8102065 0.00026867640554 nan nan nan
1254131062.92 39746.9602 4.97306682519e-05 nan nan nan
1254052937.92 39768.1128286 6.7497639975e-05 nan nan nan
1253974812.92 39789.2680929 0.000226339558139 nan nan nan
1253896687.93 39810.4259934 0.000273120618658 nan nan nan
1253818562.93 39831.5865306 0.000260068452917 nan nan nan
1253740437.93 39852.749705 -0.000225343042985 nan -inf nan
1253662312.93 39873.9155171 -0.00133988552261 nan -inf nan
1253584187.94 39895.0839673 -0.00147880311124 nan -inf nan
1253506062.94 39916.2550561 -0.000519538414665 nan -inf nan
1253427937.94 39937.4287841 2.74951162282e-06 nan nan nan
1253349812.95 39958.6051518 -0.000393778289435 nan -inf nan
1253271687.95 39979.7841596 -0.000161269010277 nan -inf nan
1253193562.95 40000.965808 0.000304536573822 nan nan nan
1253115437.95 40022.1500975 -0.00036550743971 nan -inf nan
1253037312.96 40043.3370287 -0.000539474189281 nan -inf nan
1252959187.96 40064.526602 0.000246928539127 nan nan nan
1252881062.96 40085.7188179 0.000959427212365 nan nan nan
1252802937.97 40106.9136768 0.00109117024112 nan nan nan
1252724812.97 40128.1111794 0.000687449122779 nan nan nan
1252646687.97 40149.3113261 0.000723056029528 nan nan nan
1252568562.97 40170.5141173 0.00126207096037 nan nan nan
1252490437.98 40191.7195536 0.00104035343975 nan nan nan
1252412312.98 40212.9276355 0.000769060803577 nan nan nan
1252334187.98 40234.1383635 0.00067915127147 nan nan nan
1252256062.99 40255.351738 0.000355475756805 nan nan nan
1252177937.99 40276.5677596 0.000389217049815 nan nan nan
1252099812.99 40297.7864288 -0.000193080923054 nan -inf nan
1252021687.99 40319.0077459 -0.000936812895816 nan -inf nan
1251943563.0 40340.2317117 -0.000628725625575 nan -inf nan
1251865438.0 40361.4583265 -0.000680826953612 nan -inf nan
1251787313.0 40382.6875908 -0.001998398453 nan -inf nan
1251709188.01 40403.9195052 -0.00296077295206 nan -inf nan
1251631063.01 40425.15407 -0.00231112074107 nan -inf nan
1251552938.01 40446.391286 -0.00150310341269 nan -inf nan
1251474813.01 40467.6311534 -0.00122957071289 nan -inf nan
1251396688.02 40488.8736729 -0.000630504975561 nan -inf nan
1251318563.02 40510.1188448 0.000476499466458 nan nan nan
1251240438.02 40531.3666698 0.00114278052934 nan nan nan
1251162313.03 40552.6171483 0.000705635175109 nan nan nan
1251084188.03 40573.8702808 0.000689639942721 nan nan nan
1251006063.03 40595.1260678 0.000652973190881 nan nan nan
1250927938.03 40616.3845098 -0.000161412521265 nan -inf nan
1250849813.04 40637.6456074 -0.000509087054525 nan -inf nan
1250771688.04 40658.9093609 -0.000510122685228 nan -inf nan
1250693563.04 40680.1757709 -0.000134296438773 nan -inf nan
1250615438.05 40701.4448379 0.000196659035282 nan nan nan
1250537313.05 40722.7165624 -0.000189356782357 nan -inf nan
1250459188.05 40743.9909448 -0.000129222840769 nan -inf nan
1250381063.05 40765.2679858 0.000348557950929 nan nan nan
1250302938.06 40786.5476858 0.000451225554571 nan nan nan
1250224813.06 40807.8300452 0.000196250344743 nan nan nan
1250146688.06 40829.1150646 -0.000405552156735 nan -inf nan
1250068563.07 40850.4027445 -0.00103344209492 nan -inf nan
1249990438.07 40871.6930854 -0.00100498087704 nan -inf nan
1249912313.07 40892.9860878 -0.00044217161485 nan -inf nan
1249834188.07 40914.2817521 -0.000174295390025 nan -inf nan
1249756063.08 40935.5800789 0.000186140750884 nan nan nan
1249677938.08 40956.8810687 9.96469170786e-05 nan nan nan
1249599813.08 40978.184722 -0.000297266349662 nan -inf nan
1249521688.09 40999.4910392 -0.000343253923347 nan -inf nan
1249443563.09 41020.8000209 -3.245647531e-05 nan -inf nan
1249365438.09 41042.1116676 0.00149590033107 nan nan nan
1249287313.09 41063.4259798 0.00278529548086 nan nan nan
